0 0.18431 0.24706
0 0.18431 0.25098
0.0039216 0.18431 0.25098
0.0078431 0.18824 0.25098
0.0078431 0.18431 0.25098
0.023529 0.18039 0.25882
0.027451 0.17647 0.26275
0.027451 0.18039 0.25882
0.023529 0.18039 0.25882
0.023529 0.18039 0.25882
0.027451 0.18039 0.25882
0.011765 0.17647 0.26667
0.011765 0.17647 0.26667
0.011765 0.17647 0.26667
0.011765 0.17647 0.26667
0.011765 0.17647 0.26667
0.011765 0.17255 0.26667
0.011765 0.17647 0.26667
0 0.17647 0.23922
0 0.17647 0.23529
0 0.17647 0.23529
0 0.17647 0.23529
0 0.17647 0.23529
