0.21569 0.31373 0.44314
0.2 0.29412 0.41569
0.19608 0.2902 0.42745
0.20392 0.28627 0.42745
0.22353 0.3098 0.43529
0.23529 0.31373 0.44706
0.22353 0.2902 0.38824
0.20392 0.30196 0.42745
0.20784 0.29804 0.43529
0.21961 0.3098 0.43137
0.22745 0.31373 0.43922
0.21961 0.30588 0.42353
0.18431 0.28235 0.40392
0.18431 0.27843 0.39608
0.22353 0.30196 0.44706
0.22353 0.30196 0.43137
0.23137 0.3098 0.43922
0.22745 0.32157 0.43922
0.22745 0.31765 0.43922
0.19608 0.29804 0.41961
0.19608 0.30588 0.42353
0.21176 0.3098 0.41961
0.22745 0.31373 0.4549
0.18431 0.25882 0.35686
0.21569 0.30588 0.42353
0.20784 0.30196 0.42353
0.20784 0.30196 0.42745
0.22353 0.30588 0.43137
0.2 0.27843 0.38431
0.21961 0.29412 0.40784
0.21176 0.30588 0.42353
