0.63529 0.72157 0.79216
0.63529 0.72157 0.79216
0.63922 0.71765 0.78824
0.64314 0.71765 0.78431
0.63922 0.71373 0.78039
0.64314 0.71765 0.78431
0.63137 0.72157 0.79216
0.63529 0.72157 0.79608
0.64706 0.72157 0.79216
0.65098 0.72549 0.79216
0.64706 0.72157 0.78431
0.64314 0.71765 0.78431
0.64314 0.72157 0.78431
0.63137 0.72157 0.79216
0.63529 0.72157 0.79216
0.64706 0.72549 0.79216
0.64706 0.72157 0.78824
0.64314 0.71765 0.78431
0.64314 0.71765 0.78431
0.63529 0.7098 0.77647
0.63529 0.72157 0.79608
0.63922 0.72157 0.79608
0.63529 0.71765 0.78431
0.63922 0.71765 0.78431
0.64314 0.71765 0.78431
0.64314 0.71765 0.78039
0.63529 0.7098 0.77255
0.63529 0.71765 0.79216
0.63137 0.71373 0.78039
0.63529 0.71765 0.78431
0.64314 0.71765 0.78431
0.64314 0.72157 0.78431
0.63922 0.71373 0.78039
0.63137 0.71373 0.78431
0.63529 0.71765 0.78431
0.63529 0.71765 0.78431
0.63137 0.71373 0.78431
0.63529 0.71765 0.78824
0.63529 0.71765 0.78431
0.63529 0.71373 0.78039
0.63922 0.71373 0.79216
0.63922 0.72157 0.79216
0.63922 0.71765 0.78431
0.63137 0.7098 0.79216
0.55686 0.63529 0.72941
0.51373 0.6 0.6902
0.42745 0.51373 0.60784
