0.27451 0.39608 0.56078
0.27451 0.39216 0.55686
0.28627 0.4 0.56471
0.26275 0.38824 0.54902
0.27451 0.39216 0.55686
0.28235 0.39608 0.55686
0.27843 0.40784 0.56863
0.25882 0.38431 0.5451
0.28235 0.39608 0.56078
0.28235 0.39608 0.56078
0.27843 0.39216 0.55294
0.27451 0.4 0.55686
0.2549 0.37647 0.54118
0.27059 0.38431 0.54902
0.27843 0.39216 0.55686
0.28627 0.4 0.56471
0.2902 0.4 0.56863
0.29412 0.4 0.56471
0.27451 0.38824 0.54902
0.27451 0.38824 0.54902
0.27843 0.39216 0.56078
0.2902 0.4 0.56863
0.2902 0.4 0.56471
0.27843 0.39216 0.55294
0.28235 0.39608 0.56078
0.2902 0.4 0.56471
0.2902 0.4 0.56471
