0.64706 0.71765 0.79608
0.65098 0.71765 0.8
0.64706 0.71765 0.8
0.63922 0.71765 0.79608
0.65098 0.72157 0.8
0.65098 0.71765 0.80392
0.63922 0.71765 0.80392
0.63529 0.71765 0.80392
0.63529 0.71765 0.79608
0.62745 0.7098 0.78431
0.64706 0.72157 0.8
0.63529 0.71765 0.79608
0.63529 0.72157 0.80392
0.63529 0.71765 0.8
0.63529 0.71765 0.79608
0.63529 0.71765 0.79608
0.63922 0.72157 0.79608
0.63922 0.72157 0.8
0.63922 0.72157 0.80392
0.63922 0.72157 0.80392
0.63922 0.72157 0.80392
0.63529 0.71765 0.79608
0.63137 0.71373 0.79608
