0.90588 0.83922 0.73725
0.89804 0.82745 0.72549
0.90588 0.83922 0.74118
0.8902 0.82353 0.72157
0.88235 0.81176 0.7098
0.88627 0.80784 0.7098
0.90196 0.82745 0.72941
0.8902 0.81961 0.72549
0.89804 0.82745 0.73333
0.91373 0.84314 0.7451
0.8902 0.82353 0.72157
0.87059 0.80392 0.70196
0.8902 0.81961 0.72549
0.90196 0.83137 0.73725
0.89412 0.82745 0.72549
0.9098 0.84314 0.74118
0.8902 0.82353 0.72157
0.89804 0.82745 0.73333
0.90588 0.83529 0.74118
0.87059 0.80392 0.70196
0.8902 0.82353 0.72157
0.89412 0.82745 0.72549
0.90196 0.83529 0.73333
0.88235 0.81176 0.7098
0.88627 0.81961 0.71373
0.8902 0.82353 0.71373
0.89412 0.82745 0.72549
0.87059 0.8 0.70588
0.88235 0.81176 0.71373
0.89412 0.82745 0.72549
0.8902 0.82745 0.72157
0.88627 0.81569 0.71373
0.89412 0.82745 0.72157
0.8902 0.81961 0.72157
0.89804 0.83137 0.72941
0.91373 0.84706 0.7451
0.88235 0.81569 0.71373
0.8902 0.82353 0.72157
0.9098 0.84314 0.74118
0.89412 0.83137 0.72941
0.87059 0.80392 0.70196
0.89412 0.81961 0.7098
0.88627 0.80784 0.70588
