0.94118 0.83529 0.71373
0.94118 0.82353 0.69804
0.92549 0.81176 0.68627
0.92157 0.80784 0.68235
0.90196 0.79216 0.67843
0.93333 0.82745 0.70196
0.92941 0.81569 0.6902
0.91373 0.80392 0.68627
0.9098 0.80392 0.68627
0.92157 0.82353 0.70196
0.92549 0.81569 0.69412
0.91765 0.80392 0.68235
0.9098 0.8 0.68235
0.87843 0.77255 0.66275
0.92549 0.81961 0.70196
0.92549 0.80784 0.69804
0.92157 0.80784 0.6902
0.89804 0.78824 0.67843
0.91765 0.81176 0.69412
0.91765 0.80784 0.6902
0.91765 0.8 0.6902
0.91765 0.81176 0.69412
0.9098 0.8 0.68627
0.89412 0.77647 0.66667
0.91373 0.81176 0.6902
0.90588 0.79608 0.68235
0.91765 0.81176 0.69412
