0.26667 0.38431 0.52549
0.25882 0.37647 0.51765
0.25882 0.37647 0.51765
0.27059 0.38824 0.52941
0.25882 0.37647 0.51765
0.25882 0.37647 0.51765
0.26275 0.38039 0.52157
0.26667 0.38431 0.52549
0.26667 0.38824 0.52549
0.2549 0.38431 0.52157
0.2549 0.38039 0.51765
0.26275 0.38039 0.52157
0.25098 0.37647 0.51373
0.25882 0.38039 0.51765
0.26275 0.38039 0.52157
0.25882 0.37647 0.51765
0.27059 0.38431 0.52941
0.25098 0.37647 0.51765
0.26667 0.38431 0.52549
0.23922 0.36471 0.50588
0.2549 0.37647 0.52157
0.25098 0.38039 0.51765
0.26667 0.38431 0.52941
0.26275 0.37647 0.52549
0.26667 0.38039 0.52941
