0.75686 0.69412 0.63529
0.74902 0.69804 0.63529
0.73333 0.68235 0.61961
0.72941 0.67843 0.61569
0.75294 0.6902 0.63137
0.7451 0.68627 0.62745
0.71373 0.66275 0.6
0.72157 0.67451 0.61176
0.72157 0.67059 0.60784
0.76078 0.69804 0.63922
0.74902 0.68627 0.62745
0.7098 0.65882 0.59608
0.72549 0.67451 0.61176
0.72941 0.67843 0.61569
0.74118 0.68235 0.61961
0.74902 0.6902 0.62745
0.74118 0.6902 0.62745
0.74118 0.69412 0.62745
0.72941 0.67843 0.61569
0.72549 0.67059 0.60784
0.76078 0.70588 0.65098
0.76471 0.70196 0.65098
0.75294 0.6902 0.63922
0.72941 0.67059 0.61569
0.73333 0.66667 0.61176
0.75686 0.69412 0.63922
0.73725 0.67059 0.61961
0.73333 0.66667 0.60784
0.75294 0.69412 0.63529
0.74118 0.67843 0.61569
0.73333 0.66667 0.60392
0.7451 0.68235 0.61961
0.75686 0.69412 0.63137
