0.6549 0.71373 0.78824
0.66275 0.71765 0.79216
0.64706 0.71765 0.78824
0.6549 0.72157 0.79216
0.65098 0.71373 0.78824
0.64706 0.71373 0.78824
0.65098 0.71373 0.78431
0.65882 0.71765 0.79216
0.6549 0.71373 0.78824
0.65882 0.71373 0.78824
0.6549 0.71765 0.79608
0.65882 0.71373 0.78824
0.6549 0.71373 0.78824
0.6549 0.71373 0.78824
0.65882 0.71765 0.79216
0.6549 0.71373 0.78824
0.65882 0.71765 0.79216
0.64706 0.71373 0.78824
0.65882 0.71373 0.78824
0.65882 0.71765 0.79216
0.65882 0.71765 0.79216
0.66275 0.72157 0.79608
0.6549 0.71373 0.78824
0.6549 0.71765 0.78824
0.6549 0.71765 0.79608
0.65882 0.71765 0.79216
0.66275 0.72157 0.79216
0.66275 0.72157 0.79216
0.6549 0.71765 0.78824
0.65882 0.71765 0.79608
0.65882 0.71765 0.79216
0.65882 0.71765 0.79216
