0.88235 0.94118 0.88235
0.92157 0.9451 0.89412
0.9451 0.92157 0.9451
0.86667 0.86667 0.84314
0.90588 0.86275 0.89804
0.94118 0.90588 0.93333
0.94118 0.93725 0.95294
0.8549 0.87451 0.89412
0.89804 0.88235 0.92941
0.90196 0.87059 0.88627
0.9451 0.9098 0.87843
0.85098 0.86667 0.83137
0.87451 0.9098 0.88235
0.90196 0.94118 0.83922
0.89804 0.87843 0.81569
0.93333 0.8902 0.88627
0.9451 0.87451 0.8902
0.96078 0.93725 0.9451
0.97647 0.94902 0.84706
0.96078 0.94902 0.88235
0.93725 0.92941 0.95294
0.84314 0.9098 0.93333
0.78824 0.81176 0.8
