0.23529 0.29412 0.43922
0.23137 0.28627 0.43922
0.23922 0.29412 0.44314
0.23137 0.28627 0.43529
0.24314 0.30588 0.44314
0.23137 0.2902 0.43529
0.22745 0.28627 0.43922
0.23529 0.2902 0.44314
0.23529 0.2902 0.43529
0.23137 0.28627 0.42745
0.21961 0.27843 0.41961
0.22745 0.30196 0.43529
0.22745 0.29412 0.43922
0.22353 0.2902 0.44314
0.22353 0.28235 0.43529
0.23922 0.30196 0.44314
0.23529 0.29804 0.43529
0.20392 0.27059 0.40784
0.20784 0.2902 0.43529
0.22745 0.29804 0.43529
0.22353 0.29412 0.43922
0.23137 0.30196 0.45098
0.22745 0.28627 0.43529
0.23922 0.30196 0.44314
0.23922 0.30196 0.43922
0.21569 0.28627 0.41569
0.20392 0.28627 0.42353
0.24706 0.3098 0.44706
0.22745 0.2902 0.43529
0.22745 0.28627 0.43922
0.21569 0.27843 0.41961
0.21961 0.28235 0.41961
0.23922 0.30196 0.43529
0.23922 0.29804 0.43137
0.22353 0.2902 0.43529
0.25098 0.30588 0.44706
0.22745 0.28627 0.43137
0.23137 0.28627 0.43922
0.23529 0.29412 0.44314
0.23529 0.30588 0.45098
0.2549 0.32157 0.45882
0.25098 0.31765 0.47059
0.27451 0.33725 0.47843
0.28627 0.34902 0.4902
0.29804 0.36078 0.50196
