0.11373 0.10588 0.058824
0.10588 0.11765 0.066667
0.11373 0.11765 0.070588
0.14902 0.16471 0.090196
0.13333 0.1451 0.078431
0.1098 0.1098 0.070588
0.10588 0.10588 0.062745
0.11373 0.11765 0.062745
0.13333 0.13725 0.098039
0.15294 0.15686 0.1098
0.13725 0.13333 0.086275
0.13333 0.11765 0.082353
0.13725 0.13333 0.086275
0.11765 0.11765 0.066667
0.12941 0.12941 0.090196
0.13725 0.13333 0.098039
0.19216 0.18824 0.13333
0.14902 0.1451 0.086275
0.13725 0.15294 0.086275
0.094118 0.090196 0.05098
0.10196 0.094118 0.043137
0.1451 0.13333 0.090196
0.17255 0.17647 0.10196
0.1098 0.094118 0.054902
0.12157 0.10588 0.058824
0.12941 0.11765 0.07451
0.26667 0.25882 0.19216
0.17647 0.14902 0.11373
0.17647 0.15294 0.1098
0.1451 0.13333 0.090196
0.23137 0.19608 0.14902
