0.27451 0.39216 0.5451
0.27451 0.39608 0.54118
0.27451 0.4 0.55294
0.27059 0.39608 0.5451
0.27059 0.39608 0.5451
0.26667 0.39216 0.54118
0.27843 0.40392 0.55686
0.27451 0.4 0.55294
0.27059 0.39608 0.54902
0.27059 0.39608 0.54118
0.2902 0.40784 0.56471
0.27843 0.40784 0.55686
0.27059 0.39608 0.54902
0.26667 0.39216 0.53725
0.27843 0.40392 0.55294
0.27059 0.39608 0.5451
0.27059 0.39608 0.5451
0.27059 0.39608 0.54118
0.28235 0.40392 0.55294
0.27451 0.4 0.54902
0.27059 0.39216 0.54118
0.26667 0.39216 0.5451
0.2902 0.40784 0.55686
0.28235 0.39608 0.5451
0.27843 0.4 0.54902
0.28235 0.4 0.55294
0.27843 0.39608 0.54902
0.27843 0.40392 0.55294
