0.90588 0.88235 0.86275
0.92941 0.91373 0.9098
0.8902 0.87059 0.87451
0.8902 0.87451 0.85882
0.91373 0.8902 0.89412
0.90588 0.88627 0.88627
0.92549 0.90196 0.90196
0.93333 0.91373 0.92157
0.92941 0.86667 0.9098
0.89412 0.87451 0.86667
0.8902 0.86275 0.86275
0.90588 0.88235 0.88235
0.90588 0.87843 0.87451
0.94902 0.92157 0.91373
0.8902 0.88235 0.8902
0.90588 0.87843 0.87059
0.90588 0.87843 0.88235
0.87843 0.84706 0.85098
0.8902 0.86275 0.86667
0.94902 0.92157 0.92157
0.86667 0.88627 0.8549
0.87843 0.89412 0.87843
0.89412 0.85882 0.86275
0.90588 0.88235 0.87843
0.86275 0.83529 0.83529
0.90588 0.87451 0.87059
0.90588 0.87843 0.8902
0.88627 0.8902 0.87451
0.90196 0.87451 0.87451
