0.16078 0.47059 0.67843
0.16078 0.47059 0.67843
0.15686 0.46667 0.67843
0.16078 0.46275 0.67451
0.16078 0.46667 0.67843
0.15686 0.46275 0.67451
0.15686 0.46667 0.67843
0.16078 0.46667 0.67451
0.15686 0.46667 0.67451
0.15686 0.47059 0.67843
0.15294 0.46667 0.67451
0.16078 0.47451 0.68235
0.16471 0.47451 0.68627
0.16471 0.47451 0.68235
0.15686 0.47451 0.68235
0.15294 0.47059 0.67843
0.15294 0.47059 0.67843
0.15294 0.46667 0.67843
0.15686 0.47451 0.6902
0.15686 0.47843 0.68627
0.15686 0.47451 0.67843
0.16471 0.47843 0.68627
0.16471 0.47451 0.69412
0.16078 0.47451 0.6902
0.15294 0.47059 0.68627
0.16078 0.47451 0.68627
0.16471 0.47843 0.69412
0.17255 0.48235 0.70196
0.16078 0.47843 0.69412
0.16078 0.47059 0.69412
