0.47843 0.57647 0.73725
0.47451 0.57255 0.73333
0.47843 0.57647 0.73725
0.48627 0.58824 0.74902
0.48235 0.58039 0.74118
0.48235 0.58039 0.74118
0.47843 0.57647 0.73725
0.47059 0.56863 0.72941
0.47451 0.57255 0.73333
0.48235 0.58039 0.74118
0.47843 0.57647 0.73725
0.48235 0.58039 0.74118
0.48235 0.58039 0.74118
0.47451 0.57647 0.73725
0.47059 0.57255 0.73333
0.47451 0.57255 0.73333
0.47451 0.57647 0.73725
0.47451 0.57255 0.73333
0.47843 0.57647 0.73725
0.48235 0.58039 0.74118
0.47059 0.57255 0.73333
0.48235 0.58039 0.74118
0.47843 0.57255 0.73333
0.47451 0.57647 0.73333
0.47843 0.58039 0.74118
0.47843 0.57647 0.73725
