0.25098 0.33725 0.46275
0.24314 0.32941 0.45882
0.24706 0.33725 0.46275
0.24314 0.33333 0.45882
0.23137 0.32157 0.4549
0.24314 0.32941 0.47451
0.2549 0.3451 0.48235
0.24706 0.33725 0.47059
0.25098 0.3451 0.47451
0.24314 0.33333 0.46667
0.23922 0.32941 0.46275
0.23922 0.32941 0.46275
0.23137 0.32549 0.45098
0.24706 0.33725 0.47059
0.23922 0.33725 0.47059
0.24706 0.33725 0.46667
0.23529 0.32941 0.45882
0.23529 0.32549 0.4549
0.23529 0.32941 0.4549
0.23922 0.32941 0.4549
0.23922 0.32941 0.46275
0.23529 0.32941 0.46275
0.23529 0.33333 0.4549
0.22745 0.32549 0.44706
0.22745 0.32549 0.44706
0.23529 0.32941 0.45098
0.24706 0.33333 0.45882
0.23922 0.32941 0.46275
0.23137 0.32941 0.45882
0.23922 0.33725 0.45882
0.23137 0.32157 0.44706
0.23922 0.32941 0.45098
0.23529 0.32157 0.44706
0.24314 0.33333 0.46667
0.23529 0.32941 0.46275
0.23529 0.32941 0.45882
0.23529 0.32549 0.4549
0.24706 0.32549 0.45882
0.24314 0.32157 0.45098
0.24314 0.33725 0.47059
0.23922 0.33333 0.46667
0.23529 0.32941 0.4549
0.23529 0.32549 0.4549
0.25098 0.32941 0.46275
0.23137 0.32549 0.45882
