0.24706 0.36471 0.5098
0.25098 0.36471 0.5098
0.26275 0.36078 0.50196
0.24314 0.35686 0.4902
0.2549 0.36078 0.50588
0.24706 0.35686 0.50196
0.26667 0.36863 0.50588
0.24314 0.35294 0.49804
0.24314 0.36078 0.50196
0.2549 0.36471 0.50588
0.23529 0.36078 0.50196
0.25098 0.36471 0.50588
0.2549 0.36471 0.5098
0.25882 0.34902 0.4902
0.25882 0.36471 0.50196
0.24706 0.36863 0.51373
0.24314 0.36078 0.50196
0.23922 0.32549 0.46275
0.25098 0.34902 0.4902
0.2549 0.36863 0.51373
0.23529 0.31373 0.44706
0.25098 0.32549 0.45098
0.26667 0.33725 0.46667
