0.2902 0.40784 0.55686
0.28235 0.4 0.54902
0.28627 0.4 0.55294
0.27843 0.39216 0.54118
0.2902 0.40392 0.55686
0.28235 0.4 0.54902
0.27843 0.39608 0.54902
0.27843 0.39608 0.54118
0.28235 0.40392 0.55294
0.27843 0.39608 0.5451
0.27843 0.39608 0.5451
0.27451 0.39608 0.54118
0.27451 0.39216 0.54118
0.28235 0.4 0.54902
0.27843 0.39608 0.5451
0.28235 0.4 0.54902
0.27451 0.39216 0.54118
0.27451 0.39216 0.54118
0.28627 0.40392 0.55294
0.28235 0.4 0.54902
0.28627 0.40392 0.55686
0.28235 0.4 0.54902
0.29412 0.41176 0.56078
0.28627 0.40392 0.55294
0.27843 0.39608 0.5451
0.27843 0.39608 0.54902
0.27843 0.39608 0.54902
0.28235 0.39608 0.54902
0.2902 0.40784 0.55686
0.2902 0.40784 0.55686
0.28235 0.39608 0.54902
0.28235 0.4 0.54902
0.27843 0.39608 0.5451
0.28235 0.4 0.55294
0.28627 0.40392 0.55294
0.28235 0.4 0.55294
