0.22353 0.60392 0.81961
0.23529 0.61961 0.83529
0.23137 0.61176 0.82745
0.22353 0.60392 0.81961
0.21961 0.60392 0.82353
0.23529 0.61961 0.83529
0.23529 0.61176 0.83137
0.23529 0.61569 0.83529
0.22745 0.60784 0.82745
0.22745 0.61176 0.83529
0.22353 0.61176 0.83529
0.24706 0.62745 0.84314
0.23922 0.61569 0.83922
0.23922 0.61569 0.84314
0.23529 0.61176 0.83922
0.22745 0.61176 0.83529
0.22353 0.61176 0.83529
0.22353 0.61176 0.83529
0.25098 0.62745 0.83922
0.25098 0.63137 0.84314
0.24314 0.61961 0.84314
0.23137 0.60784 0.83529
0.23529 0.61176 0.83922
0.23529 0.62353 0.84706
0.22353 0.61176 0.83529
0.22353 0.61176 0.83529
0.2549 0.62745 0.83922
0.24706 0.62353 0.84314
0.23922 0.61176 0.84314
0.23922 0.61961 0.84706
0.23922 0.62745 0.85098
0.23137 0.61961 0.84314
0.22353 0.61176 0.83529
0.25098 0.62353 0.84314
0.24314 0.62353 0.85098
0.23922 0.62745 0.85098
0.22745 0.61569 0.83922
0.24314 0.63137 0.85098
