0.73333 0.65098 0.52549
0.74118 0.6549 0.5451
0.74118 0.65882 0.5451
0.73725 0.66275 0.54118
0.73333 0.66667 0.54118
0.74118 0.65098 0.51765
0.7451 0.6549 0.52157
0.7451 0.6549 0.52157
0.74902 0.66275 0.52549
0.7451 0.66275 0.52941
0.74118 0.66275 0.52941
0.7451 0.66667 0.53725
0.7451 0.66667 0.53725
0.7451 0.66667 0.53725
0.74118 0.67059 0.54118
0.72157 0.6549 0.54118
0.72157 0.6549 0.53725
0.73333 0.65882 0.54118
0.73725 0.66275 0.54902
0.7451 0.67059 0.55686
0.74118 0.67059 0.54902
0.73725 0.67059 0.5451
0.74118 0.67451 0.54902
0.74118 0.67451 0.56863
0.74118 0.67451 0.56471
0.74118 0.67451 0.56471
0.74118 0.67451 0.56078
0.73333 0.67059 0.54902
