0.31765 0.41569 0.57255
0.2902 0.37255 0.53725
0.30588 0.39608 0.55686
0.29804 0.38824 0.54902
0.3098 0.39216 0.55294
0.31373 0.40392 0.56471
0.29804 0.38824 0.54902
0.32157 0.39608 0.5451
0.31765 0.39216 0.5451
0.31765 0.39608 0.55686
0.32157 0.41176 0.57255
0.30196 0.39608 0.55294
0.33725 0.40784 0.56078
0.33725 0.41569 0.57255
0.31373 0.41176 0.57255
0.3098 0.41569 0.56471
0.32549 0.4 0.55294
0.32941 0.40784 0.56863
0.31373 0.41961 0.57255
0.31373 0.41569 0.57255
0.31765 0.39608 0.54902
0.30588 0.39216 0.54902
0.29804 0.40392 0.56078
0.30588 0.40784 0.56863
0.29412 0.38431 0.5451
0.32549 0.40784 0.55686
0.29412 0.38824 0.54118
0.30588 0.40392 0.56078
0.30588 0.41176 0.56471
0.29412 0.39608 0.55686
0.29412 0.38824 0.54118
0.31373 0.41176 0.56863
