0.61569 0.70588 0.80392
0.61176 0.70588 0.8
0.60392 0.70196 0.80392
0.61176 0.7098 0.80784
0.60784 0.70588 0.80784
0.60392 0.70196 0.8
0.60784 0.70196 0.8
0.61176 0.70588 0.80392
0.60784 0.70196 0.80392
0.61176 0.70588 0.80784
0.60784 0.70196 0.80392
0.61176 0.70196 0.80784
0.61176 0.70588 0.80784
0.61176 0.70588 0.80784
0.61569 0.70588 0.8
0.61176 0.70588 0.80784
0.61569 0.7098 0.81176
0.60784 0.70196 0.80392
0.61176 0.70588 0.80784
0.61176 0.70588 0.80784
0.60784 0.70196 0.80392
0.61569 0.7098 0.81176
0.61176 0.70588 0.80392
0.61176 0.70588 0.80784
0.61176 0.70588 0.80392
0.60784 0.70196 0.8
0.61569 0.7098 0.80784
