0.32941 0.3451 0.38824
0.32941 0.3451 0.38824
0.30588 0.32549 0.37255
0.3098 0.32157 0.36863
0.31765 0.33333 0.38039
0.33725 0.35294 0.4
0.32941 0.3451 0.39216
0.32549 0.34118 0.38824
0.32941 0.34118 0.39216
0.34118 0.34118 0.37255
0.32941 0.33725 0.38824
0.3098 0.32941 0.37647
0.3098 0.32941 0.37647
0.30588 0.32157 0.36863
0.32157 0.33725 0.38431
0.33725 0.35294 0.4
0.32157 0.33725 0.38431
0.32157 0.33725 0.38431
0.33725 0.35294 0.4
0.34118 0.3451 0.37647
0.32549 0.34118 0.38824
0.30588 0.32941 0.37647
0.30196 0.32157 0.36863
0.3098 0.32549 0.37647
0.34118 0.35686 0.40392
0.34902 0.36863 0.41569
0.33333 0.34902 0.39608
0.33333 0.34902 0.39608
0.34118 0.35686 0.40784
0.34118 0.34902 0.38039
0.32157 0.34118 0.38431
0.30196 0.32157 0.36863
0.29412 0.31765 0.37255
0.3098 0.33333 0.38824
0.34118 0.36471 0.40784
0.33333 0.35294 0.39608
0.32549 0.34118 0.38824
0.33725 0.35294 0.4
0.33725 0.34902 0.4
0.33725 0.33725 0.36863
0.31373 0.32941 0.37647
0.3098 0.32157 0.37647
0.33725 0.35294 0.40784
0.34902 0.36471 0.41176
0.34118 0.36078 0.40392
0.32549 0.34118 0.38824
0.33725 0.35294 0.40392
0.33725 0.34902 0.4
0.33725 0.33725 0.37255
0.32549 0.33333 0.38431
0.31765 0.32549 0.38431
0.3451 0.36078 0.41176
0.33333 0.34902 0.39608
0.34118 0.35686 0.4
0.32157 0.34118 0.38431
0.34118 0.36078 0.40392
0.33333 0.34902 0.39216
0.3451 0.3451 0.38431
0.33725 0.34902 0.40392
0.35294 0.37255 0.42353
0.32549 0.35294 0.39216
0.32549 0.36078 0.39608
0.31373 0.34118 0.38039
0.34118 0.36078 0.39608
0.3451 0.36078 0.4
0.34118 0.34902 0.39608
0.34902 0.36471 0.41961
0.32941 0.35686 0.40392
0.32549 0.35686 0.39608
0.31765 0.33725 0.37647
0.33725 0.35294 0.38824
0.34118 0.36078 0.39216
0.35294 0.36078 0.4
0.32941 0.35294 0.40392
0.32941 0.35686 0.4
0.33333 0.34902 0.39216
0.33725 0.34902 0.38824
0.33725 0.35686 0.40784
0.33333 0.34118 0.39216
0.34118 0.34902 0.39216
