0.99608 0.94118 0.83922
0.98824 0.92941 0.82745
0.99608 0.93725 0.83137
1 0.93725 0.83529
0.99216 0.92941 0.83137
0.98824 0.92549 0.82353
0.99608 0.93725 0.82353
1 0.94902 0.83137
0.99608 0.94902 0.83137
0.99608 0.94118 0.83137
0.99608 0.93333 0.82745
0.99608 0.92941 0.82353
0.98824 0.92157 0.81569
0.98039 0.92157 0.80784
1 0.94118 0.83529
0.98824 0.93333 0.82745
0.98824 0.92941 0.81961
0.99216 0.92549 0.81569
0.99216 0.92549 0.81569
0.99608 0.93725 0.83137
0.99216 0.92941 0.82745
0.99608 0.93333 0.83137
0.99608 0.92941 0.82745
0.99608 0.92941 0.82745
