0.8902 0.80784 0.69412
0.89804 0.82353 0.70588
0.91373 0.83922 0.72157
0.92941 0.8549 0.73725
0.93725 0.86275 0.7451
0.91765 0.84314 0.72549
0.92157 0.84706 0.72941
0.92157 0.84706 0.72941
0.93333 0.85882 0.74118
0.9098 0.83529 0.71765
0.91765 0.84314 0.72549
0.92941 0.8549 0.73725
0.91765 0.84314 0.72549
0.93725 0.86275 0.7451
0.9098 0.83922 0.72157
0.91765 0.84314 0.72549
0.91765 0.84706 0.72941
0.92549 0.85098 0.73333
0.94118 0.85882 0.74118
0.93725 0.8549 0.73333
0.92157 0.84314 0.72549
0.91765 0.83922 0.71765
0.92157 0.84314 0.72549
0.93333 0.85098 0.73333
0.92941 0.85098 0.72549
0.93333 0.8549 0.72941
0.92157 0.83922 0.72157
0.92157 0.83922 0.72549
0.92549 0.84314 0.72157
0.92941 0.84706 0.72549
0.92941 0.85098 0.72549
0.92941 0.84706 0.72549
0.93725 0.8549 0.73333
