0.27451 0.35294 0.47451
0.26667 0.3451 0.47451
0.27059 0.35686 0.47843
0.26275 0.3451 0.47059
0.27059 0.34902 0.47059
0.27059 0.34902 0.47451
0.2549 0.33333 0.46275
0.27059 0.3451 0.47059
0.26275 0.3451 0.47059
0.25098 0.32941 0.45882
0.26275 0.33725 0.46667
0.27843 0.34118 0.47059
0.25882 0.34118 0.47451
0.27451 0.3451 0.47451
0.2902 0.35294 0.48627
0.27059 0.3451 0.47843
0.29412 0.35686 0.4902
0.25098 0.32157 0.45882
0.26275 0.34118 0.47059
0.29804 0.37255 0.50196
0.2549 0.32941 0.45882
0.27451 0.34902 0.47843
0.28235 0.35294 0.47843
0.27451 0.3451 0.47843
0.27843 0.35294 0.47843
0.27451 0.34902 0.47843
0.25882 0.32549 0.4549
