0.50196 0.56863 0.68627
0.50588 0.57255 0.6902
0.50588 0.57255 0.69412
0.50588 0.57255 0.69412
0.50196 0.56863 0.6902
0.49804 0.56863 0.68627
0.50196 0.57255 0.6902
0.50196 0.57255 0.6902
0.49412 0.56471 0.68627
0.50196 0.57255 0.6902
0.5098 0.57647 0.69412
0.5098 0.57647 0.69412
0.49804 0.56863 0.68627
0.49804 0.57255 0.6902
0.49412 0.56863 0.68627
0.49804 0.57255 0.6902
0.49412 0.56863 0.68627
0.49804 0.57255 0.6902
0.50588 0.57647 0.69412
0.50196 0.57647 0.69412
0.49804 0.57255 0.6902
0.49412 0.56863 0.68627
0.49412 0.56863 0.68627
0.49412 0.56863 0.68627
0.49412 0.56863 0.68627
0.49804 0.57255 0.69412
0.49412 0.56863 0.68627
0.49804 0.57255 0.6902
0.49804 0.57255 0.6902
0.49804 0.57255 0.6902
0.49804 0.57255 0.6902
0.49804 0.57255 0.6902
0.50196 0.57255 0.69412
0.49412 0.56863 0.6902
0.49412 0.56863 0.68627
0.50196 0.57647 0.69412
0.49412 0.56863 0.68627
0.4902 0.56471 0.68235
0.49804 0.56863 0.68627
0.50196 0.56863 0.68627
0.49412 0.56863 0.6902
0.49412 0.56863 0.68627
0.49804 0.57255 0.6902
0.49804 0.57255 0.6902
0.49412 0.56863 0.68627
0.50196 0.57647 0.69412
0.49804 0.57255 0.6902
0.49412 0.56863 0.68627
0.49804 0.57255 0.6902
0.49804 0.56863 0.68627
0.50588 0.57255 0.6902
0.49412 0.56863 0.68627
0.49412 0.56863 0.68627
0.49412 0.56471 0.68235
