0.65098 0.6 0.57255
0.64314 0.59608 0.56471
0.64314 0.59216 0.56078
0.64314 0.58824 0.55294
0.64314 0.60392 0.56863
0.63922 0.6 0.56471
0.65098 0.60784 0.57255
0.64706 0.59608 0.56471
0.64314 0.60392 0.56863
0.65098 0.60392 0.56863
0.65098 0.6 0.56863
0.64314 0.60392 0.56471
0.65098 0.60392 0.56471
0.64706 0.59608 0.55294
0.64706 0.60784 0.57255
0.64706 0.60784 0.57255
0.64706 0.6 0.56471
0.65098 0.6 0.56863
0.65098 0.60392 0.56863
0.65098 0.59608 0.55686
0.64706 0.60784 0.57255
0.64706 0.6 0.56863
0.65098 0.6 0.56863
0.6549 0.60392 0.56863
0.64314 0.60392 0.56471
0.64314 0.60392 0.56078
0.64314 0.6 0.56471
0.63922 0.59608 0.56471
0.63922 0.58824 0.55686
0.64314 0.59608 0.56078
