0.36471 0.32549 0.20392
0.38824 0.33333 0.21569
0.37255 0.32941 0.21176
0.37255 0.32941 0.21176
0.41569 0.36078 0.24314
0.40392 0.34118 0.22745
0.39216 0.33725 0.22353
0.38824 0.33333 0.22353
0.39608 0.34902 0.23922
0.41176 0.35294 0.23137
0.40784 0.34902 0.23137
0.39216 0.33725 0.22353
0.39608 0.33333 0.22745
0.40392 0.3451 0.23137
0.42353 0.36471 0.2549
0.39216 0.33333 0.22353
0.39216 0.35294 0.23137
0.4 0.33725 0.22353
0.39608 0.34118 0.22353
0.41569 0.34902 0.23922
0.38039 0.33333 0.21569
0.38431 0.32157 0.20784
0.39216 0.32941 0.21176
