0.14902 0.22745 0.35686
0.14902 0.22353 0.35294
0.14902 0.22353 0.34902
0.14902 0.23137 0.35294
0.15294 0.23137 0.36078
0.14902 0.22353 0.34902
0.1451 0.23137 0.34902
0.15686 0.23529 0.36078
0.1451 0.21961 0.34902
0.14118 0.21961 0.3451
0.14118 0.21961 0.3451
0.15686 0.23922 0.36078
0.14118 0.22353 0.3451
0.15294 0.23529 0.36078
0.13725 0.21961 0.34902
0.14118 0.21961 0.34118
0.15294 0.22745 0.35294
0.14118 0.21961 0.3451
0.13725 0.21569 0.34118
0.15294 0.22745 0.35294
0.14902 0.21176 0.34118
0.14902 0.22353 0.34902
0.15686 0.22745 0.35686
