0.63529 0.73333 0.82353
0.63529 0.73333 0.82745
0.63529 0.73333 0.82353
0.63137 0.72941 0.82353
0.63529 0.72941 0.82353
0.63529 0.72941 0.82353
0.64314 0.73333 0.82745
0.63529 0.72941 0.82353
0.64314 0.73333 0.82745
0.63922 0.73333 0.82745
0.63529 0.72941 0.82353
0.64314 0.73333 0.82745
0.64706 0.72941 0.82353
0.64706 0.73333 0.82353
0.64706 0.73333 0.82745
0.63922 0.72941 0.82353
0.63922 0.73333 0.82745
0.64314 0.73725 0.83137
0.63922 0.73333 0.82745
0.63137 0.72549 0.81961
0.64314 0.73333 0.82745
0.65098 0.73725 0.83137
0.64706 0.73333 0.82745
0.64706 0.73333 0.82745
0.63529 0.72549 0.81961
