0.60392 0.68627 0.76863
0.60784 0.6902 0.77255
0.60784 0.6902 0.77255
0.60784 0.6902 0.76863
0.60784 0.6902 0.76863
0.60784 0.6902 0.77647
0.60392 0.68627 0.76863
0.60784 0.6902 0.77255
0.60784 0.6902 0.76863
0.60784 0.6902 0.77255
0.60784 0.6902 0.77255
0.60784 0.6902 0.77255
0.60784 0.68627 0.76471
0.60784 0.6902 0.77255
0.60784 0.6902 0.77647
0.60784 0.6902 0.77255
0.60784 0.6902 0.76863
0.60392 0.68627 0.76471
0.61176 0.6902 0.76863
0.60784 0.6902 0.76863
0.61176 0.69412 0.76863
0.61176 0.69412 0.76863
0.60784 0.6902 0.76863
0.61176 0.69412 0.76863
0.61176 0.69412 0.76863
