0.14118 0.12941 0.17255
0.070588 0.062745 0.10196
0.062745 0.058824 0.090196
0.078431 0.066667 0.10588
0.086275 0.082353 0.11765
0.078431 0.07451 0.10588
0.14118 0.12941 0.15686
0.094118 0.082353 0.11765
0.086275 0.078431 0.11373
0.078431 0.07451 0.10588
0.086275 0.082353 0.11373
0.21569 0.2 0.22745
0.090196 0.078431 0.11373
0.090196 0.086275 0.11765
0.086275 0.082353 0.11373
0.086275 0.082353 0.11373
0.13725 0.12157 0.14902
0.094118 0.082353 0.11373
0.090196 0.082353 0.11373
0.086275 0.078431 0.1098
0.36078 0.34902 0.37647
0.15686 0.14118 0.16863
0.090196 0.07451 0.10196
0.42745 0.40784 0.43529
0.4 0.38039 0.40784
0.26275 0.23922 0.26667
