0.74118 0.67451 0.56863
0.73725 0.67059 0.56471
0.72157 0.6549 0.55294
0.74118 0.67451 0.57255
0.73725 0.67059 0.57255
0.72157 0.65098 0.56078
0.69412 0.63137 0.54118
0.73725 0.67451 0.57647
0.74118 0.67843 0.57647
0.72941 0.66667 0.56863
0.71373 0.65098 0.56078
0.69412 0.63137 0.54118
0.74118 0.67843 0.58039
0.73725 0.67451 0.57647
0.72941 0.66667 0.56863
0.71373 0.65098 0.55686
0.69412 0.63529 0.54118
0.74118 0.67843 0.58039
0.73725 0.67451 0.57647
0.72941 0.66667 0.56863
0.71373 0.65098 0.56471
0.69412 0.63529 0.5451
0.74118 0.67451 0.57647
0.72941 0.66667 0.57255
0.71765 0.65882 0.56863
0.68627 0.62745 0.54902
0.71765 0.65882 0.57255
0.69412 0.63137 0.55294
0.71765 0.65882 0.57255
