0.97255 0.92549 0.83529
0.96863 0.91373 0.83529
0.96863 0.92157 0.83137
0.97255 0.92157 0.83529
0.98039 0.92941 0.8549
0.98431 0.92941 0.85098
0.96078 0.91765 0.82353
0.97255 0.92549 0.83922
0.98039 0.92941 0.8549
0.98039 0.92941 0.85882
0.68235 0.67059 0.65098
0.98039 0.93333 0.86275
0.96471 0.91765 0.83137
0.97647 0.92549 0.85098
0.98039 0.92941 0.8549
0.76078 0.72941 0.71765
0.97647 0.92157 0.8549
0.96863 0.91373 0.83922
0.98039 0.92941 0.85098
0.98431 0.93333 0.86667
0.49804 0.48627 0.49804
0.9451 0.8902 0.82745
0.98431 0.92549 0.8549
0.97647 0.92941 0.8549
0.98824 0.93725 0.87059
0.41961 0.42353 0.42745
0.8549 0.78431 0.71373
0.91765 0.85098 0.77647
0.98431 0.94118 0.87059
0.32941 0.35294 0.37647
0.84706 0.76863 0.69412
0.87451 0.81176 0.72157
0.26667 0.30196 0.3451
0.82353 0.75686 0.6902
