0.86667 0.80392 0.71765
0.85882 0.79216 0.71373
0.85882 0.79216 0.71373
0.85882 0.78824 0.71373
0.86275 0.8 0.70588
0.86667 0.80392 0.71765
0.86275 0.79608 0.71765
0.87059 0.80392 0.72549
0.8549 0.78824 0.7098
0.85098 0.78431 0.70588
0.86275 0.79608 0.7098
0.8549 0.78824 0.70588
0.86275 0.79608 0.71373
0.85882 0.79608 0.71765
0.84706 0.78431 0.70588
0.87059 0.80784 0.71373
0.87843 0.81961 0.73333
0.84314 0.78824 0.70588
0.88235 0.81569 0.71765
0.87451 0.80784 0.71765
0.84706 0.78431 0.69804
0.87843 0.80392 0.71373
