0.19608 0.3098 0.43529
0.18431 0.30196 0.42745
0.18824 0.3098 0.43529
0.18431 0.29804 0.42353
0.19216 0.3098 0.43529
0.18431 0.30588 0.42745
0.18431 0.31373 0.43529
0.18431 0.30196 0.42745
0.18824 0.30196 0.42745
0.19216 0.3098 0.43137
0.18824 0.3098 0.43137
0.18824 0.32157 0.44314
0.18039 0.30196 0.42353
0.19216 0.3098 0.43137
0.19608 0.31373 0.43922
0.2 0.31765 0.43922
0.18431 0.30196 0.42353
0.18824 0.3098 0.43529
0.18824 0.3098 0.43529
0.18824 0.31373 0.43529
0.19216 0.30588 0.42745
0.18824 0.30196 0.42745
