0.35294 0.32941 0.2
0.32549 0.30196 0.21176
0.34902 0.33333 0.20784
0.28627 0.27451 0.12941
0.27451 0.26275 0.13333
0.3098 0.28235 0.19608
0.31765 0.29412 0.18824
0.32549 0.30588 0.18039
0.30588 0.28235 0.1451
0.34118 0.3098 0.16078
0.31765 0.29804 0.18039
0.33333 0.30588 0.18824
0.32941 0.30588 0.18824
0.32549 0.29804 0.18824
0.3451 0.29412 0.14902
0.32941 0.3098 0.18824
0.34902 0.32549 0.20392
0.3451 0.32157 0.20784
0.32941 0.29804 0.19608
0.3451 0.3098 0.19608
0.3451 0.33333 0.2
0.34902 0.32941 0.21176
0.33333 0.31373 0.19608
0.33333 0.30588 0.21569
0.33333 0.32941 0.18824
0.34118 0.32941 0.19216
0.33725 0.31765 0.18824
0.29804 0.2902 0.18431
