0.51765 0.57255 0.69412
0.52157 0.57647 0.69412
0.52157 0.58039 0.70196
0.52157 0.58039 0.70196
0.50588 0.57255 0.6902
0.51373 0.57255 0.69412
0.52157 0.57647 0.70196
0.51765 0.57647 0.6902
0.51765 0.57647 0.69804
0.5098 0.57255 0.6902
0.50196 0.57255 0.6902
0.52157 0.57647 0.69804
0.52157 0.57647 0.69804
0.51373 0.57255 0.69412
0.52549 0.58039 0.69804
0.51373 0.57255 0.69412
0.5098 0.56863 0.6902
0.50196 0.57255 0.6902
0.52157 0.57647 0.69804
0.52549 0.58039 0.70196
0.51373 0.57255 0.69412
0.51765 0.57255 0.69412
0.51373 0.57255 0.6902
0.51373 0.57255 0.69412
0.51373 0.57255 0.69412
0.51765 0.57647 0.69804
0.52549 0.58431 0.7098
