0.58431 0.62353 0.55294
0.61569 0.63922 0.56471
0.71765 0.67843 0.59216
0.66667 0.56863 0.49804
0.65098 0.55294 0.48235
0.70588 0.64314 0.59216
0.66275 0.6 0.52941
0.60392 0.54902 0.46667
0.69804 0.63922 0.56863
0.61176 0.56078 0.48627
0.58824 0.56471 0.48235
0.66275 0.63529 0.55686
0.58824 0.52549 0.45882
0.6902 0.63922 0.56471
0.63137 0.56863 0.50588
0.60392 0.56471 0.4902
0.67451 0.6549 0.56863
0.58431 0.58039 0.48627
0.63922 0.63137 0.5451
0.66275 0.62745 0.56863
0.62745 0.61961 0.5451
0.61176 0.61961 0.53333
0.72941 0.71765 0.63529
0.65098 0.63529 0.55294
0.65882 0.62353 0.5451
0.68235 0.61569 0.54902
0.67059 0.63922 0.58824
0.62745 0.57647 0.52157
0.70196 0.63529 0.57647
0.63137 0.55294 0.49804
0.62745 0.57255 0.50588
0.66667 0.65098 0.57647
0.59216 0.6 0.52549
0.61176 0.61176 0.53725
0.74118 0.70196 0.64314
0.66275 0.61176 0.5451
