0.62353 0.58431 0.55294
0.61961 0.57647 0.54902
0.61961 0.58039 0.5451
0.61961 0.57647 0.54902
0.61569 0.57647 0.54118
0.61569 0.57647 0.54118
0.61569 0.57647 0.54118
0.61961 0.58431 0.54902
0.61961 0.58431 0.54902
0.61569 0.58039 0.5451
0.62353 0.58431 0.55294
0.62353 0.58039 0.54902
0.61961 0.58039 0.54118
0.61176 0.57255 0.53725
0.61569 0.57255 0.53725
0.61176 0.57255 0.53725
0.61569 0.58039 0.5451
0.61961 0.58039 0.5451
0.62353 0.58431 0.54902
0.61569 0.57647 0.54118
0.61569 0.57647 0.54118
0.61569 0.57647 0.54118
0.61569 0.57647 0.54118
0.61569 0.57647 0.54118
0.62353 0.58431 0.54902
0.61961 0.58039 0.5451
0.61569 0.58431 0.54118
0.62353 0.58039 0.5451
0.61569 0.57647 0.54118
0.61569 0.57647 0.54118
0.61569 0.57647 0.54118
0.61569 0.57647 0.54118
0.61569 0.57647 0.54118
0.61569 0.57647 0.54118
0.61961 0.58039 0.5451
0.61961 0.58431 0.54902
0.62353 0.57647 0.54118
0.61961 0.58039 0.5451
0.61569 0.57647 0.54118
0.61569 0.57647 0.54118
0.61569 0.57647 0.54118
0.61569 0.57647 0.5451
0.61569 0.57647 0.54118
0.61569 0.57647 0.5451
0.61961 0.58039 0.54902
0.62353 0.58431 0.54902
0.61569 0.56863 0.53725
0.61176 0.57647 0.54118
0.60784 0.57255 0.53725
0.61176 0.57647 0.54118
0.61176 0.57647 0.5451
0.61176 0.57647 0.54902
0.61176 0.57647 0.54902
0.61176 0.57647 0.5451
0.61569 0.57647 0.54118
0.61176 0.57255 0.53725
0.61569 0.58039 0.5451
0.61176 0.57255 0.53725
0.61176 0.57647 0.5451
0.61176 0.57647 0.54902
0.61176 0.57647 0.54902
0.61569 0.58039 0.5451
0.61176 0.57647 0.54902
0.61961 0.58039 0.54902
