0.16471 0.25882 0.36863
0.15686 0.25098 0.36078
0.15686 0.25098 0.36078
0.16078 0.2549 0.36471
0.16471 0.25882 0.36863
0.16078 0.2549 0.36471
0.15686 0.25098 0.36078
0.15686 0.25098 0.36078
0.15686 0.25098 0.36078
0.16471 0.25882 0.36863
0.16078 0.2549 0.36471
0.16078 0.2549 0.36471
0.16078 0.2549 0.36471
0.16078 0.2549 0.36471
0.16078 0.2549 0.36471
0.16863 0.26275 0.37255
0.16078 0.2549 0.36471
0.16863 0.26275 0.37255
0.15686 0.2549 0.36078
0.15686 0.2549 0.36078
0.15294 0.2549 0.36078
0.15686 0.25098 0.36078
0.15686 0.25098 0.36078
0.16471 0.25882 0.36863
0.1451 0.24706 0.35294
0.16471 0.26667 0.37255
0.15686 0.25098 0.36078
0.16078 0.2549 0.36471
0.16078 0.2549 0.36471
0.16078 0.2549 0.36471
0.16471 0.25882 0.36863
0.16863 0.26275 0.37255
0.15294 0.24706 0.35686
0.16078 0.2549 0.36078
0.15686 0.25098 0.36078
0.15686 0.25098 0.36078
0.16471 0.25882 0.36078
