0.82353 0.75294 0.6549
0.83529 0.75686 0.6549
0.80784 0.73333 0.63922
0.81961 0.74118 0.63922
0.84314 0.76078 0.6549
0.83529 0.76078 0.66667
0.82745 0.7451 0.64706
0.83137 0.7451 0.65098
0.82745 0.76471 0.67059
0.82353 0.75294 0.65098
0.82745 0.7451 0.64706
0.83529 0.74902 0.6549
0.83137 0.77255 0.68627
0.82353 0.76078 0.66667
0.82745 0.75294 0.66275
0.82745 0.7451 0.65098
0.84706 0.76078 0.66275
0.82353 0.75686 0.67059
0.83137 0.75686 0.66667
0.83137 0.75294 0.65882
0.83529 0.75686 0.6549
0.8549 0.77255 0.66667
0.82745 0.75686 0.67059
0.83922 0.76471 0.67451
0.82353 0.7451 0.65098
0.83137 0.75294 0.65098
0.85098 0.77255 0.66667
0.83922 0.76078 0.65882
