0.5451 0.50588 0.46667
0.53333 0.49412 0.4549
0.52157 0.48235 0.45098
0.50588 0.47059 0.44314
0.5098 0.47451 0.44706
0.5098 0.47451 0.45098
0.53725 0.4902 0.45098
0.52941 0.48235 0.44706
0.52549 0.47843 0.44314
0.51373 0.47451 0.43529
0.5098 0.47451 0.44314
0.50588 0.47059 0.44706
0.49804 0.46275 0.43529
0.53725 0.48627 0.45098
0.53725 0.4902 0.4549
0.52157 0.48235 0.44706
0.5098 0.47451 0.44314
0.50588 0.47451 0.44314
0.50196 0.46667 0.43529
0.53725 0.49804 0.46275
0.52941 0.4902 0.4549
0.52157 0.47843 0.4549
0.5098 0.47451 0.44706
0.51765 0.48627 0.4549
0.51373 0.48627 0.45098
0.50196 0.47059 0.44314
0.53725 0.49804 0.46667
0.52941 0.48627 0.46275
0.52157 0.48627 0.45882
0.52157 0.49412 0.46275
0.51765 0.4902 0.45882
0.52157 0.48627 0.45882
0.51765 0.48627 0.45882
0.51765 0.48627 0.46667
0.50588 0.47451 0.4549
