0.10588 0.12941 0.090196
0.098039 0.10588 0.07451
0.15686 0.17255 0.11765
0.17255 0.17647 0.12941
0.18039 0.18824 0.15294
0.11373 0.12549 0.094118
0.094118 0.10196 0.078431
0.1098 0.12157 0.078431
0.19608 0.19608 0.1451
0.26667 0.27451 0.22353
0.090196 0.10196 0.066667
0.086275 0.098039 0.062745
0.082353 0.094118 0.058824
0.21961 0.21569 0.16863
0.17647 0.18039 0.13333
0.07451 0.082353 0.047059
0.29804 0.29804 0.23529
0.1098 0.11373 0.062745
0.11373 0.11765 0.07451
0.094118 0.10196 0.043137
0.13333 0.13333 0.062745
0.14902 0.16078 0.07451
