0.72157 0.65882 0.58431
0.7098 0.64314 0.56078
0.71765 0.65098 0.56863
0.72157 0.65098 0.57255
0.72157 0.6549 0.57647
0.68627 0.63529 0.57255
0.7098 0.64314 0.56471
0.7098 0.64314 0.56471
0.71373 0.64706 0.56471
0.71765 0.65098 0.56471
0.69804 0.64314 0.57647
0.7098 0.64314 0.56078
0.70588 0.63922 0.56078
0.71373 0.64706 0.56863
0.72157 0.6549 0.56863
0.70588 0.65098 0.57255
0.7098 0.64314 0.56471
0.71765 0.65098 0.57255
0.71373 0.64706 0.56863
0.72157 0.65882 0.56863
0.71373 0.65098 0.57647
0.7098 0.64314 0.56863
0.71373 0.64706 0.57255
0.71765 0.65098 0.57255
0.72157 0.65882 0.57647
0.71765 0.65098 0.57647
0.72549 0.65882 0.58039
