0.16471 0.2549 0.39608
0.16078 0.25098 0.39216
0.15686 0.2549 0.4
0.15686 0.25098 0.4
0.14902 0.24706 0.39216
0.13725 0.24314 0.38824
0.15686 0.25098 0.4
0.15686 0.25098 0.4
0.16863 0.25098 0.39608
0.16078 0.24706 0.4
0.14902 0.24314 0.39216
0.1451 0.25098 0.39608
0.14902 0.25098 0.39608
0.15686 0.24706 0.39608
0.15686 0.23922 0.39216
0.13725 0.23137 0.38431
0.13725 0.24706 0.39216
0.15294 0.2549 0.4
0.16863 0.24706 0.4
0.14902 0.23922 0.38824
0.13725 0.23529 0.38431
0.14118 0.24314 0.39608
0.15686 0.25098 0.4
