0.96078 0.91765 0.83137
0.96078 0.91765 0.83137
0.96471 0.92157 0.83529
0.96863 0.92549 0.83922
0.96863 0.92549 0.83922
0.96471 0.92157 0.83529
0.96863 0.92549 0.83922
0.96863 0.92549 0.83922
0.97255 0.92941 0.84314
0.96863 0.92549 0.83922
0.96863 0.92549 0.83922
0.97647 0.92941 0.84314
0.96471 0.92157 0.83922
0.96078 0.91765 0.83137
0.96471 0.92157 0.83529
0.96863 0.92549 0.83922
0.96863 0.92549 0.83922
0.96863 0.92549 0.83922
0.96863 0.92549 0.83922
0.97647 0.92941 0.84314
0.96471 0.92157 0.83922
0.96863 0.92549 0.83529
0.96863 0.92549 0.83922
0.96863 0.92549 0.83922
0.96863 0.92549 0.83922
0.96863 0.92549 0.83922
0.97255 0.92941 0.84314
0.96471 0.92157 0.83529
0.96863 0.92549 0.83922
0.96863 0.92549 0.83922
0.96863 0.92549 0.83922
0.96863 0.92549 0.83922
0.97255 0.92941 0.84314
0.96863 0.92549 0.83922
