0.71765 0.72157 0.74902
0.72549 0.72549 0.75686
0.70588 0.71765 0.75686
0.76471 0.76471 0.79216
0.74902 0.7451 0.77647
0.73725 0.73725 0.76863
0.72157 0.71765 0.76078
0.73725 0.73333 0.78431
0.71765 0.71373 0.76078
0.77255 0.76863 0.78824
0.76471 0.76078 0.78039
0.76078 0.75294 0.78431
0.74118 0.73725 0.76863
0.73333 0.72941 0.77255
0.71765 0.7098 0.75294
0.76078 0.74902 0.76863
0.75686 0.7451 0.77647
0.76863 0.75686 0.78824
0.76078 0.75294 0.78039
0.76078 0.75294 0.79216
0.74902 0.72941 0.77255
0.78039 0.76863 0.79608
0.78039 0.77647 0.79216
0.76078 0.75686 0.77255
0.75686 0.74902 0.77647
0.74902 0.74118 0.77255
0.76471 0.75686 0.79216
0.76078 0.74902 0.78824
0.76863 0.76078 0.78039
0.75686 0.7451 0.77647
0.75294 0.74118 0.77647
0.76078 0.74902 0.78824
0.75686 0.74902 0.78824
0.76471 0.74902 0.78431
0.76078 0.74902 0.78824
