0.91373 0.83137 0.7098
0.91373 0.83137 0.7098
0.92157 0.83922 0.71765
0.91765 0.83922 0.71765
0.90588 0.83137 0.7098
0.92157 0.83922 0.72157
0.9098 0.83137 0.71765
0.90196 0.83137 0.71373
0.91373 0.83922 0.72549
0.90588 0.82745 0.71373
0.9098 0.82745 0.70588
0.89412 0.81961 0.69804
0.9098 0.83529 0.71765
0.91373 0.83529 0.72941
0.9098 0.83137 0.72157
0.91373 0.83922 0.72157
0.90588 0.82745 0.7098
0.91373 0.83137 0.71373
0.91373 0.83529 0.71765
0.89412 0.81961 0.70196
0.90588 0.83137 0.71765
0.90588 0.83137 0.71373
0.92157 0.83922 0.72157
0.91373 0.83529 0.71765
0.88235 0.80784 0.6902
0.9098 0.83137 0.71765
0.9098 0.83137 0.71373
0.9098 0.83137 0.71765
