0.98431 0.90588 0.81176
0.97255 0.90196 0.80392
0.98039 0.90196 0.80784
0.96078 0.89412 0.79216
0.97255 0.89804 0.79608
0.97647 0.90588 0.80392
0.98039 0.91765 0.81176
0.96471 0.89804 0.78431
0.96078 0.89412 0.77255
0.96471 0.90196 0.79216
0.97255 0.91373 0.80392
0.97647 0.91765 0.80784
0.98039 0.91765 0.80392
0.96863 0.90588 0.78824
0.96863 0.9098 0.79608
0.96471 0.90196 0.79216
0.98039 0.91373 0.79608
0.97255 0.90588 0.79216
0.95294 0.88627 0.77647
0.96863 0.90588 0.79608
0.99216 0.92157 0.80784
0.98039 0.90196 0.78431
0.95686 0.87843 0.76078
