0.23922 0.34902 0.4902
0.22745 0.33725 0.47843
0.23529 0.3451 0.49412
0.24706 0.35686 0.50588
0.23922 0.34902 0.49804
0.22353 0.33333 0.48235
0.23922 0.3451 0.49412
0.23137 0.34118 0.48627
0.2549 0.36863 0.51373
0.24314 0.36078 0.5098
0.23529 0.3451 0.49804
0.23137 0.33725 0.4902
0.22353 0.33333 0.47843
0.24706 0.36078 0.50588
0.23529 0.35294 0.50196
0.22745 0.34118 0.49412
0.23529 0.3451 0.49412
0.23529 0.3451 0.4902
0.23137 0.34118 0.48627
0.23922 0.35294 0.50196
0.23137 0.34902 0.49804
0.23137 0.3451 0.49804
0.26275 0.37255 0.5098
0.23137 0.34118 0.48627
0.23137 0.34118 0.4902
