0.13725 0.20392 0.3098
0.1451 0.20392 0.31373
0.12941 0.17647 0.28235
0.12549 0.19608 0.31373
0.13725 0.20392 0.3098
0.13333 0.19216 0.29412
0.14118 0.17647 0.26275
0.11765 0.18431 0.29412
0.12157 0.18824 0.29804
0.12941 0.19608 0.30588
0.13725 0.20392 0.31373
0.12157 0.18431 0.29804
0.16078 0.19608 0.27059
0.12549 0.19216 0.30196
0.12549 0.19608 0.30196
0.13333 0.19608 0.30588
0.13333 0.19216 0.30588
0.12549 0.18431 0.30196
0.20784 0.24706 0.31765
0.12941 0.19608 0.29804
0.12941 0.2 0.30196
0.13333 0.19216 0.30588
0.14118 0.19216 0.3098
0.12549 0.16863 0.29412
0.27059 0.31373 0.37647
0.11765 0.18824 0.29412
0.12549 0.19608 0.29804
0.12941 0.19608 0.30196
0.13333 0.19608 0.30196
0.12549 0.18039 0.29412
0.36078 0.38824 0.43922
0.13725 0.20392 0.30588
0.13725 0.2 0.30196
0.11765 0.17255 0.27843
0.45098 0.47059 0.50588
0.52549 0.53725 0.55294
0.58039 0.57647 0.58039
0.62745 0.61176 0.60784
