0.77647 0.72157 0.67059
0.77255 0.71373 0.66275
0.77647 0.71373 0.66275
0.76863 0.71373 0.66275
0.77255 0.71765 0.66667
0.77647 0.72157 0.67059
0.76471 0.7098 0.65882
0.77647 0.72549 0.66275
0.77647 0.72549 0.66275
0.78039 0.72549 0.67059
0.78431 0.73333 0.67451
0.78039 0.72549 0.67059
0.76471 0.7098 0.65882
0.76471 0.70588 0.64706
0.78431 0.72941 0.66275
0.77647 0.72549 0.65882
0.77255 0.72157 0.6549
0.78431 0.73333 0.67059
0.78824 0.73333 0.67059
0.78431 0.73333 0.67059
0.77255 0.71765 0.66275
0.77255 0.71373 0.6549
0.79608 0.73333 0.67059
0.77647 0.71373 0.65098
0.78431 0.72157 0.65882
0.79608 0.73725 0.67451
0.78824 0.72549 0.66667
0.77647 0.71373 0.6549
0.8 0.73725 0.67451
0.78824 0.72549 0.66275
0.78039 0.71765 0.6549
0.79216 0.72941 0.66667
0.78431 0.72157 0.65882
0.77647 0.71373 0.6549
0.77647 0.71373 0.65098
0.76863 0.70588 0.64314
0.78431 0.72157 0.65882
0.78824 0.72549 0.66275
0.78824 0.72549 0.66275
0.78039 0.71765 0.65098
0.78039 0.71765 0.6549
0.79216 0.72941 0.66667
0.79608 0.73333 0.67059
0.78039 0.72157 0.6549
