0.15686 0.23922 0.32941
0.16471 0.24314 0.33333
0.13725 0.21176 0.29412
0.14902 0.21961 0.29804
0.16471 0.23137 0.3098
0.16471 0.24314 0.33333
0.15686 0.24314 0.32157
0.16471 0.25098 0.32549
0.14118 0.21569 0.29412
0.1451 0.21569 0.2902
0.1451 0.23137 0.32549
0.16471 0.24706 0.33333
0.16863 0.2549 0.32941
0.16863 0.2549 0.32941
0.14902 0.22353 0.30196
0.12941 0.22353 0.31373
0.14118 0.23529 0.32549
0.15686 0.24314 0.33333
0.15686 0.24706 0.32157
0.17647 0.26275 0.33333
0.16471 0.23922 0.31373
0.14118 0.23529 0.32549
0.12941 0.21961 0.3098
0.16471 0.25098 0.33725
0.15686 0.24706 0.32157
0.16863 0.25098 0.32549
0.17255 0.25098 0.32549
0.1451 0.23137 0.31765
0.16078 0.24706 0.32941
0.16471 0.2549 0.32941
0.16471 0.2549 0.32549
0.17255 0.2549 0.32941
0.16078 0.24706 0.32941
0.17255 0.26275 0.33725
0.16471 0.2549 0.32549
