0.1098 0.35686 0.56078
0.10588 0.36078 0.56863
0.10588 0.35294 0.55686
0.1098 0.36471 0.57255
0.098039 0.3451 0.55294
0.094118 0.3451 0.54118
0.094118 0.34902 0.56471
0.082353 0.34118 0.54902
0.10196 0.35686 0.56863
0.090196 0.3451 0.55686
0.098039 0.35686 0.56078
0.098039 0.35294 0.56078
0.094118 0.34902 0.56078
0.086275 0.34118 0.54902
0.090196 0.34902 0.55294
0.082353 0.3451 0.54902
0.086275 0.3451 0.55294
0.098039 0.36078 0.56471
0.094118 0.35686 0.56078
0.090196 0.35294 0.55686
0.090196 0.34902 0.55294
0.086275 0.3451 0.5451
0.090196 0.35294 0.55686
0.090196 0.35294 0.55686
0.086275 0.34902 0.54902
0.086275 0.3451 0.54902
