0.11373 0.31373 0.49412
0.098039 0.29804 0.47843
0.10588 0.30196 0.48627
0.098039 0.29804 0.48235
0.098039 0.29412 0.48235
0.10196 0.29412 0.48627
0.098039 0.2902 0.48235
0.094118 0.2902 0.48235
0.090196 0.28627 0.47451
0.094118 0.29804 0.48627
0.090196 0.2902 0.48235
0.090196 0.29412 0.48235
0.090196 0.29412 0.48235
0.078431 0.28235 0.46667
0.094118 0.30588 0.4902
0.090196 0.30588 0.4902
0.086275 0.29804 0.48235
0.086275 0.29804 0.47843
0.086275 0.2902 0.47451
0.090196 0.30588 0.48627
0.090196 0.29804 0.47843
0.094118 0.30196 0.48627
