0.77647 0.74902 0.71373
0.6902 0.6549 0.62745
0.72941 0.70196 0.66667
0.69804 0.66667 0.64314
0.70588 0.67451 0.64706
0.71373 0.67843 0.65098
0.73333 0.69804 0.66667
0.75294 0.72549 0.69412
0.66667 0.63529 0.61176
0.70196 0.67059 0.65882
0.7098 0.67843 0.66667
0.71373 0.67843 0.65882
0.70588 0.66667 0.64706
0.76863 0.70588 0.66667
0.72941 0.70196 0.67059
0.68235 0.6549 0.62745
0.68627 0.6549 0.64314
0.69412 0.66667 0.65098
0.70588 0.66667 0.64314
0.69804 0.65882 0.63922
0.74118 0.71373 0.68235
0.72549 0.69804 0.66667
0.70196 0.67059 0.64706
0.70196 0.67451 0.65098
0.6902 0.65882 0.62745
0.7098 0.67451 0.64706
0.73333 0.70588 0.66667
0.71765 0.6902 0.65882
0.74118 0.71373 0.68627
0.73725 0.7098 0.68627
0.72157 0.69412 0.67059
0.71373 0.68627 0.66667
0.71373 0.67843 0.64314
0.73725 0.70196 0.67451
0.75294 0.72157 0.69412
0.7451 0.71765 0.6902
0.72549 0.69804 0.67059
0.71373 0.67843 0.65098
0.72941 0.69804 0.67059
0.72941 0.69804 0.67059
0.72941 0.69804 0.67059
0.71373 0.67843 0.65882
0.72941 0.69412 0.67451
