0.27451 0.23137 0.14118
0.3098 0.28627 0.14902
0.24314 0.22745 0.094118
0.25098 0.2549 0.13725
0.32549 0.31765 0.22353
0.27059 0.26275 0.16471
0.36078 0.36471 0.24314
0.19216 0.21569 0.078431
0.23137 0.25098 0.12157
0.21569 0.23137 0.12157
0.31765 0.32549 0.23922
0.3451 0.33725 0.25882
0.35294 0.36863 0.26667
0.21176 0.2549 0.12941
0.20392 0.24314 0.12157
0.16863 0.20392 0.098039
0.19608 0.2 0.1098
0.26275 0.28235 0.16471
0.19608 0.22745 0.11373
0.16471 0.20784 0.098039
0.23922 0.2549 0.14902
0.24314 0.26667 0.13725
0.21176 0.23922 0.11765
0.21569 0.24314 0.13333
0.22353 0.25098 0.13725
0.22745 0.24314 0.1451
0.25098 0.27843 0.14118
0.23529 0.25882 0.13333
0.21569 0.23529 0.13333
0.22353 0.24314 0.11765
0.27843 0.3098 0.2
