0.16863 0.37255 0.34902
0.13725 0.37255 0.36078
0.21961 0.37647 0.3451
0.17647 0.37255 0.35686
0.14118 0.36471 0.36078
0.22745 0.38039 0.34118
0.18039 0.37255 0.34902
0.1451 0.36863 0.35294
0.11373 0.35686 0.35294
0.22745 0.37647 0.33333
0.18039 0.36863 0.34118
0.1451 0.36471 0.3451
0.1098 0.35686 0.34118
0.22353 0.37647 0.33333
0.17647 0.36863 0.34118
0.1451 0.36863 0.3451
0.21961 0.36863 0.32549
0.17647 0.36471 0.33725
0.1451 0.36471 0.3451
0.21569 0.36471 0.32157
0.16863 0.36078 0.33725
0.21961 0.36471 0.32549
0.16863 0.36078 0.3451
