0.16471 0.22353 0.3451
0.16863 0.22745 0.3451
0.16078 0.21961 0.34118
0.16471 0.22353 0.3451
0.16863 0.22745 0.35294
0.16471 0.22353 0.3451
0.16863 0.22745 0.34902
0.16863 0.22745 0.34902
0.16078 0.21961 0.34118
0.16471 0.22353 0.34118
0.17647 0.23529 0.3451
0.16863 0.22745 0.3451
0.16078 0.21961 0.34118
0.16471 0.22353 0.34118
0.17255 0.23137 0.3451
0.17255 0.23529 0.33725
0.16078 0.21961 0.33333
0.16863 0.22745 0.3451
0.16471 0.22353 0.3451
0.16863 0.22745 0.3451
0.18039 0.23922 0.34902
0.16078 0.21961 0.33333
0.16078 0.21961 0.34118
0.16471 0.22353 0.3451
0.17255 0.23137 0.3451
0.18039 0.23922 0.34902
