0.95686 0.83922 0.69412
0.95686 0.83922 0.69412
0.95294 0.83529 0.6902
0.95294 0.83529 0.68627
0.94118 0.82353 0.67451
0.93725 0.81961 0.67059
0.95294 0.83529 0.68627
0.95294 0.83529 0.68627
0.95294 0.83529 0.68627
0.95686 0.83922 0.6902
0.94902 0.83137 0.68627
0.95294 0.83922 0.69412
0.95294 0.83529 0.68627
0.95686 0.83922 0.6902
0.94902 0.83137 0.68235
0.95294 0.83529 0.69412
0.95294 0.83529 0.68627
0.95686 0.83922 0.6902
0.95294 0.83529 0.68627
0.95294 0.83529 0.68627
0.94902 0.83137 0.68627
0.95686 0.83922 0.6902
0.95294 0.83529 0.68627
0.95686 0.83922 0.6902
0.9451 0.82745 0.67843
