0.27451 0.61176 0.81961
0.27843 0.62353 0.82745
0.27451 0.61569 0.81961
0.27451 0.61176 0.81961
0.27843 0.63137 0.83922
0.27843 0.62745 0.83529
0.28235 0.62745 0.83529
0.2902 0.63137 0.83137
0.28235 0.61961 0.82353
0.27843 0.60784 0.81961
0.28235 0.62353 0.83137
0.28235 0.61961 0.82745
0.2902 0.62353 0.82745
0.29412 0.61961 0.82353
0.29412 0.61961 0.82353
0.29412 0.61569 0.81569
0.2902 0.63137 0.83529
0.29412 0.62745 0.83529
0.30196 0.63137 0.83529
0.30588 0.63137 0.83529
0.30588 0.63137 0.83137
