0.24314 0.32941 0.47451
0.25882 0.3451 0.4902
0.24314 0.32941 0.47451
0.27059 0.35686 0.50196
0.2549 0.34902 0.4902
0.25098 0.34118 0.48627
0.24706 0.33333 0.47843
0.26275 0.35294 0.49412
0.24706 0.3451 0.4902
0.25882 0.35294 0.49412
0.25098 0.3451 0.48627
0.25098 0.3451 0.48627
0.28235 0.37255 0.51765
0.24314 0.33333 0.47843
0.2549 0.34902 0.4902
0.26667 0.34902 0.49412
0.23137 0.31765 0.46275
0.25098 0.34118 0.48627
0.25098 0.34118 0.47451
0.24314 0.32941 0.46667
0.26667 0.36078 0.50196
0.25098 0.33725 0.47451
0.26275 0.34118 0.48235
0.2549 0.3451 0.4902
