0.47843 0.57255 0.72157
0.48235 0.56863 0.71765
0.47059 0.56471 0.71373
0.47451 0.56863 0.72157
0.47451 0.56471 0.71765
0.48627 0.57255 0.72549
0.47843 0.56471 0.71373
0.48235 0.57647 0.72549
0.47451 0.56863 0.71765
0.47059 0.56471 0.71373
0.47451 0.56863 0.71765
0.47843 0.57255 0.72157
0.48627 0.57255 0.72549
0.48627 0.57255 0.72157
0.48627 0.57255 0.71765
0.47451 0.56863 0.71765
0.47451 0.56863 0.71765
0.47451 0.56863 0.71765
0.47843 0.57255 0.72157
0.47843 0.56863 0.71765
0.4902 0.57647 0.72941
0.47843 0.56471 0.71373
0.48235 0.56863 0.71373
0.48235 0.56863 0.71373
0.47843 0.57255 0.72157
0.47843 0.57255 0.72157
0.47843 0.57255 0.72157
0.48235 0.57647 0.72941
0.47451 0.56471 0.72157
0.47843 0.56863 0.72549
0.47843 0.56863 0.72549
0.48235 0.56863 0.72157
0.48627 0.57255 0.72157
0.47843 0.57255 0.72157
0.47843 0.57255 0.72157
0.47451 0.56863 0.71765
