0.9098 0.8 0.68235
0.9098 0.8 0.68235
0.91765 0.80392 0.68627
0.91373 0.80392 0.68235
0.92157 0.80784 0.6902
0.91765 0.80392 0.68627
0.92157 0.80784 0.6902
0.9098 0.80392 0.68627
0.9098 0.80392 0.68627
0.91765 0.81569 0.68627
0.92157 0.81569 0.68627
0.91765 0.80392 0.67843
0.91765 0.80392 0.68627
0.91765 0.80392 0.68627
0.91373 0.8 0.68235
0.9098 0.8 0.68235
0.91765 0.80784 0.6902
0.92157 0.81569 0.68627
0.92549 0.81569 0.68627
0.92157 0.80784 0.68235
0.91765 0.80392 0.67843
0.91765 0.80392 0.68627
0.91373 0.8 0.68235
0.92157 0.80784 0.68627
0.91765 0.80392 0.67843
0.92549 0.81176 0.68627
0.92157 0.80784 0.68235
0.91373 0.8 0.67451
0.91373 0.80392 0.67843
0.92157 0.80784 0.68235
0.91373 0.8 0.67451
0.91765 0.80392 0.67843
0.92549 0.81176 0.68235
0.92157 0.80784 0.68235
0.92549 0.80784 0.68235
0.92157 0.80784 0.68235
