0.8 0.79216 0.78039
0.87843 0.8902 0.90588
0.84314 0.83529 0.85882
0.89804 0.87059 0.88235
0.88235 0.88235 0.90196
0.84706 0.84314 0.83137
0.90588 0.91765 0.95686
0.83137 0.82745 0.8549
0.90196 0.87059 0.87843
0.90196 0.89804 0.90588
0.90588 0.89412 0.8902
0.85882 0.86667 0.9098
0.79608 0.79216 0.82745
0.89412 0.86667 0.87059
0.92157 0.91765 0.91765
0.9451 0.96078 0.97255
0.79216 0.82745 0.90588
0.78431 0.78824 0.80392
0.9098 0.8902 0.8549
0.91373 0.89804 0.91373
0.74902 0.78039 0.85882
0.78039 0.78039 0.79608
0.9098 0.8902 0.90588
0.67059 0.71373 0.79216
0.90588 0.88235 0.90196
0.63529 0.67059 0.75294
