0.95686 0.8902 0.78824
0.9451 0.88235 0.78824
0.96471 0.89412 0.80784
0.95294 0.8902 0.79216
0.94902 0.89412 0.78824
0.94902 0.88627 0.78824
0.96078 0.89804 0.8
0.96471 0.90196 0.81569
0.95294 0.89412 0.8
0.9451 0.88627 0.79216
0.93725 0.87451 0.77647
0.94902 0.88627 0.78431
0.95686 0.89412 0.8
0.95686 0.89804 0.80784
0.95294 0.89412 0.80392
0.95294 0.89412 0.8
0.9451 0.8902 0.78824
0.96471 0.90196 0.81176
0.96471 0.90196 0.80784
0.95294 0.8902 0.79216
0.94902 0.88627 0.78824
0.94118 0.87843 0.78431
0.9451 0.88627 0.79608
0.95294 0.89412 0.80392
0.95294 0.89804 0.80392
0.9451 0.88235 0.78824
0.9451 0.88235 0.78431
0.92549 0.86275 0.76471
0.94902 0.88627 0.79608
0.92941 0.87059 0.76863
0.94902 0.88627 0.78824
