0.17647 0.27843 0.40392
0.18039 0.28235 0.41176
0.18039 0.28235 0.41176
0.19608 0.29804 0.42745
0.18039 0.28235 0.41569
0.18824 0.2902 0.42745
0.19608 0.29804 0.43137
0.17255 0.27843 0.40392
0.17647 0.28235 0.40784
0.18039 0.28235 0.41176
0.17647 0.27843 0.40784
0.19608 0.29412 0.43137
0.20392 0.30196 0.43922
0.19608 0.29412 0.42353
0.18824 0.2902 0.41961
0.18039 0.28235 0.41176
0.19216 0.2902 0.42745
0.19608 0.2902 0.42745
0.19216 0.2902 0.41569
0.18824 0.28235 0.41569
0.2 0.29412 0.42745
0.2 0.29412 0.42745
0.18431 0.28235 0.40392
0.18824 0.28235 0.41569
0.19608 0.2902 0.42353
0.19608 0.29412 0.42353
