0.8 0.80392 0.84706
0.69804 0.71765 0.76078
0.80784 0.73725 0.76471
0.75686 0.72941 0.75294
0.78824 0.79216 0.81961
0.76078 0.76471 0.79608
0.7451 0.76471 0.81569
0.83137 0.80784 0.83137
0.78431 0.77647 0.78824
0.75294 0.75294 0.76863
0.72157 0.72549 0.7451
0.76863 0.77255 0.81176
0.79608 0.79608 0.8549
0.77647 0.78431 0.84706
0.81569 0.81569 0.83137
0.80392 0.79608 0.80784
0.78431 0.77647 0.8
0.75686 0.74902 0.78431
0.73333 0.72941 0.77255
0.76078 0.75686 0.81176
0.87451 0.8549 0.88235
0.8549 0.83529 0.86275
0.8549 0.83529 0.86275
0.78824 0.77647 0.80784
0.7451 0.74118 0.75686
0.84314 0.82745 0.8549
0.85882 0.83922 0.86667
0.83529 0.81961 0.85098
