0.36471 0.37647 0.44706
0.36078 0.37255 0.43529
0.36471 0.37647 0.43529
0.36471 0.37647 0.43529
0.36078 0.37255 0.43137
0.38039 0.39216 0.43922
0.36471 0.38039 0.43529
0.36863 0.38039 0.43922
0.36078 0.37255 0.43137
0.36863 0.38039 0.43529
0.36471 0.37647 0.43529
0.36863 0.38039 0.43922
0.35686 0.36471 0.42353
0.36471 0.38039 0.42745
0.35686 0.36863 0.43529
0.37255 0.38039 0.44314
0.36863 0.36471 0.42353
0.38039 0.39216 0.44314
0.35294 0.36471 0.41961
0.36078 0.37255 0.43922
0.37255 0.38039 0.44314
0.37255 0.36863 0.42745
0.37255 0.38431 0.43922
0.36863 0.38039 0.44314
0.36471 0.37647 0.44314
0.36471 0.37255 0.43529
0.37255 0.36863 0.42745
0.34902 0.34902 0.39608
0.36078 0.37647 0.42745
0.36078 0.36863 0.43137
0.36078 0.37255 0.43137
0.36078 0.37255 0.42353
0.35686 0.36471 0.41176
0.36863 0.38039 0.43529
0.35686 0.36863 0.42745
0.35294 0.36471 0.42353
