0.29412 0.37647 0.4902
0.29804 0.37255 0.4902
0.28235 0.36471 0.4902
0.32941 0.4 0.51373
0.29804 0.37647 0.49804
0.2902 0.36863 0.49804
0.27843 0.34902 0.47451
0.27843 0.35686 0.48627
0.2902 0.36863 0.49804
0.25882 0.33725 0.46275
0.26667 0.34902 0.48235
0.27451 0.35294 0.47843
0.28235 0.36471 0.4902
0.2902 0.36471 0.49804
0.27059 0.34902 0.47843
0.27843 0.35686 0.48235
0.29412 0.37647 0.49804
0.2902 0.37255 0.4902
0.2902 0.36471 0.48627
0.29804 0.37255 0.49412
0.26275 0.34902 0.47843
0.27843 0.35686 0.48235
0.30196 0.38431 0.50196
0.30588 0.38431 0.50196
0.31373 0.38039 0.5098
0.30588 0.37255 0.50196
0.29412 0.37647 0.49804
0.30588 0.38431 0.50588
0.30588 0.37647 0.49804
0.28627 0.36863 0.49412
0.29412 0.37647 0.50196
0.27451 0.35294 0.47843
0.25882 0.33725 0.46275
