0.50588 0.63529 0.77647
0.50588 0.63529 0.77647
0.50196 0.63137 0.76863
0.50588 0.63529 0.77255
0.50196 0.63137 0.76863
0.50588 0.63529 0.77255
0.50588 0.63529 0.77255
0.50196 0.63137 0.77255
0.50588 0.63529 0.77255
0.50588 0.63529 0.77255
0.50196 0.63137 0.76863
0.5098 0.63922 0.77647
0.5098 0.63922 0.77647
0.50588 0.63529 0.77255
0.50196 0.63137 0.76863
0.50588 0.63529 0.77255
0.50588 0.63529 0.77255
0.5098 0.63922 0.77647
0.50196 0.63137 0.76863
0.50588 0.63529 0.77255
0.5098 0.63529 0.77255
0.50196 0.63529 0.77255
0.50588 0.63529 0.77255
0.50196 0.63529 0.77647
0.50196 0.63529 0.76863
0.5098 0.63529 0.77255
