0.17255 0.16078 0.19608
0.16863 0.15686 0.19216
0.13333 0.13333 0.16078
0.10196 0.094118 0.12549
0.12941 0.11765 0.15294
0.11765 0.10588 0.14118
0.16078 0.15294 0.17647
0.13725 0.12549 0.15294
0.1098 0.094118 0.11765
0.10588 0.086275 0.11765
0.13725 0.11765 0.14902
0.1451 0.12549 0.16078
0.13333 0.11765 0.14902
0.13725 0.12157 0.14118
0.20784 0.18824 0.2
0.14118 0.12157 0.1451
0.12549 0.10588 0.13333
0.13725 0.11765 0.1451
0.14902 0.12941 0.15294
0.15294 0.1451 0.16863
0.2 0.17255 0.17647
0.14902 0.12941 0.15294
0.12157 0.10196 0.12549
0.12549 0.10588 0.13333
0.24314 0.27059 0.32941
0.23137 0.21961 0.22353
0.14118 0.12157 0.13333
0.21961 0.2549 0.30196
