0.11765 0.18039 0.29412
0.12157 0.18431 0.2902
0.13333 0.19216 0.29804
0.16078 0.2 0.28235
0.12549 0.18039 0.28627
0.12549 0.18824 0.29804
0.11373 0.16471 0.26275
0.41569 0.41176 0.4549
0.12941 0.18431 0.29804
0.11765 0.18039 0.28627
0.13333 0.18431 0.2902
0.21176 0.21961 0.29412
0.74902 0.7098 0.70588
0.83137 0.78431 0.71765
0.12157 0.17647 0.2902
0.12549 0.18039 0.29412
0.13725 0.16078 0.26275
0.55294 0.52549 0.55686
0.12157 0.18431 0.2902
0.12157 0.18431 0.28627
0.11765 0.16863 0.28235
0.29412 0.29804 0.36078
0.14902 0.17255 0.26667
0.62745 0.60392 0.60392
0.34902 0.3451 0.4
0.69412 0.67451 0.67843
