0.22353 0.34118 0.47451
0.21569 0.3451 0.47451
0.23137 0.34902 0.48235
0.22353 0.34118 0.47451
0.21961 0.33725 0.47059
0.21961 0.34118 0.47059
0.22745 0.3451 0.47843
0.23137 0.3451 0.47843
0.22745 0.34118 0.47451
0.23137 0.34902 0.48235
0.22745 0.3451 0.47843
0.21961 0.33725 0.47059
0.22745 0.3451 0.47843
0.22745 0.3451 0.47843
0.22353 0.34118 0.47451
0.22745 0.34118 0.47451
0.23137 0.34902 0.48235
0.21961 0.33725 0.47059
0.22353 0.34118 0.47451
0.22745 0.3451 0.47843
0.22353 0.34118 0.47451
0.22353 0.34118 0.47451
0.21569 0.34118 0.47451
0.21961 0.33725 0.47451
0.21961 0.33725 0.47451
