0.18824 0.25098 0.36078
0.18824 0.24706 0.35294
0.17647 0.25098 0.36078
0.18431 0.25098 0.34902
0.18039 0.25098 0.36863
0.18039 0.24706 0.36471
0.18039 0.24706 0.36471
0.17647 0.23922 0.35294
0.18039 0.25098 0.35686
0.19608 0.25882 0.35294
0.18824 0.2549 0.36471
0.18039 0.24706 0.36471
0.18039 0.24706 0.36471
0.18039 0.24706 0.36471
0.18039 0.24706 0.35686
0.18431 0.24706 0.34902
0.20392 0.2549 0.34902
0.17647 0.23922 0.36078
0.18039 0.24314 0.35294
0.18431 0.24314 0.35294
0.18431 0.23922 0.34902
0.19216 0.24706 0.36078
0.18824 0.24314 0.35294
0.19608 0.25098 0.35294
