0.96863 0.95686 0.9451
0.92157 0.90588 0.89412
0.94118 0.92941 0.90588
0.97647 0.96863 0.95294
0.98039 0.97255 0.96078
0.93725 0.89804 0.87451
0.95294 0.94118 0.93725
0.94902 0.93333 0.92157
0.95294 0.9451 0.94118
0.98039 0.96471 0.97255
0.96471 0.95294 0.95294
0.93725 0.88627 0.87451
0.92941 0.91765 0.9098
0.96863 0.94902 0.9451
0.96078 0.94902 0.95686
0.96863 0.9451 0.96078
0.92157 0.92157 0.90588
0.92549 0.8902 0.89412
0.9098 0.90196 0.89412
0.94902 0.93333 0.92941
0.94902 0.93333 0.93333
0.96863 0.94902 0.96078
0.92941 0.90588 0.92549
0.90588 0.89412 0.88235
0.91373 0.89804 0.89412
0.92157 0.90588 0.90588
0.98824 0.97255 0.98039
0.91373 0.9098 0.9451
0.9098 0.8902 0.87451
0.90196 0.88235 0.87843
0.90588 0.88627 0.89412
0.98431 0.97255 0.97255
