0.92549 0.86275 0.75294
0.92941 0.86275 0.75294
0.94118 0.83137 0.69804
0.93725 0.85882 0.75294
0.93725 0.83922 0.70196
0.92941 0.82745 0.68627
0.9451 0.85882 0.74118
0.93333 0.84314 0.69804
0.91765 0.82745 0.67451
0.93333 0.83137 0.67843
0.94118 0.85882 0.72941
0.93725 0.84314 0.69412
0.92157 0.82353 0.67451
0.92549 0.82745 0.67059
0.92157 0.82353 0.67451
0.93725 0.8549 0.73333
0.93725 0.83137 0.70196
0.92157 0.82353 0.6902
0.91765 0.82353 0.67451
0.92549 0.82353 0.67843
0.93725 0.85098 0.72941
0.92941 0.82745 0.69804
0.92549 0.83137 0.69804
0.92549 0.82353 0.68235
0.92157 0.82353 0.6902
0.93725 0.8549 0.72157
0.92941 0.83137 0.70196
0.93333 0.83529 0.6902
0.92549 0.82353 0.68627
0.9098 0.82745 0.72157
0.93333 0.85098 0.7098
0.92549 0.83137 0.69804
0.93333 0.82745 0.67843
0.92549 0.81961 0.68627
0.93333 0.83922 0.69412
0.92941 0.82745 0.6902
0.92157 0.81961 0.68627
0.92549 0.83137 0.71373
0.91765 0.81961 0.68627
