0.17647 0.2549 0.36078
0.16471 0.24314 0.34902
0.16863 0.24706 0.35294
0.16471 0.24706 0.35294
0.17255 0.24314 0.34902
0.17647 0.25882 0.35686
0.18039 0.25882 0.36471
0.16863 0.24314 0.34902
0.18039 0.24706 0.35294
0.18039 0.26275 0.36078
0.16863 0.25882 0.34118
0.16471 0.24314 0.3451
0.16863 0.24706 0.34902
0.17647 0.24314 0.34118
0.18431 0.2549 0.3451
0.18039 0.26275 0.36078
0.17647 0.24706 0.32941
0.16078 0.23922 0.3451
0.16863 0.24706 0.34902
0.18039 0.24706 0.34902
0.18824 0.2549 0.34902
0.18824 0.25882 0.35686
0.28235 0.32549 0.38431
0.16471 0.24314 0.3451
0.17255 0.25098 0.35294
0.17647 0.24314 0.3451
0.18039 0.25098 0.3451
0.17647 0.23922 0.33725
0.46275 0.48235 0.51373
0.17647 0.25098 0.3451
0.18431 0.24706 0.3451
0.17647 0.24314 0.34118
0.17255 0.24314 0.33333
0.61961 0.61569 0.62353
0.16471 0.24314 0.33725
0.17647 0.24706 0.34118
0.16471 0.23529 0.33333
0.24706 0.30196 0.38039
0.17255 0.24706 0.34118
0.15294 0.23137 0.32157
0.36863 0.40784 0.4549
0.1451 0.22353 0.31373
0.50196 0.51765 0.54118
0.63529 0.63137 0.63137
0.74118 0.72157 0.6902
0.79608 0.75686 0.71373
0.83529 0.78824 0.73333
