0.56078 0.68235 0.82353
0.56471 0.68235 0.82353
0.57255 0.6902 0.83137
0.56863 0.67843 0.82353
0.56863 0.68235 0.82745
0.56863 0.68627 0.82745
0.56471 0.67843 0.81961
0.56863 0.68627 0.82745
0.57255 0.6902 0.83137
0.56863 0.68627 0.82745
0.56471 0.68235 0.82353
0.57255 0.6902 0.83137
0.57255 0.6902 0.83137
0.56863 0.68627 0.82745
0.56471 0.68235 0.82353
0.56863 0.68235 0.82745
0.56863 0.68627 0.82745
0.56471 0.68235 0.82353
0.56863 0.68627 0.82745
0.56471 0.68235 0.82353
0.56863 0.68627 0.82353
