0.66667 0.61961 0.55686
0.66667 0.61961 0.55686
0.66667 0.62353 0.56078
0.67451 0.62745 0.56471
0.66667 0.61569 0.55294
0.66275 0.61569 0.55294
0.67059 0.62353 0.56078
0.66667 0.62353 0.56078
0.67059 0.62353 0.56078
0.67843 0.62353 0.56078
0.67451 0.61961 0.56078
0.67059 0.61961 0.55686
0.67059 0.62353 0.56078
0.67059 0.62353 0.56078
0.67843 0.62745 0.56471
0.68235 0.62745 0.56471
0.67059 0.61961 0.55686
0.67059 0.61961 0.55686
0.67451 0.61961 0.55686
0.67451 0.62353 0.56078
0.67451 0.62353 0.56078
0.67843 0.62745 0.56471
0.67059 0.61961 0.55294
0.67059 0.61961 0.55686
0.67451 0.62353 0.56078
0.67843 0.62745 0.56471
0.67059 0.61961 0.55686
0.67451 0.62353 0.56078
0.67059 0.61961 0.55686
0.67451 0.62353 0.56078
0.67451 0.62353 0.56078
0.67843 0.62745 0.56471
0.67451 0.62353 0.56078
0.67843 0.62745 0.56471
0.67451 0.62353 0.56471
0.67451 0.62353 0.55686
0.67451 0.62353 0.56078
0.67843 0.62745 0.56471
0.67843 0.62745 0.56471
0.67451 0.62353 0.56078
0.67451 0.62353 0.56078
0.67451 0.62353 0.56078
0.67451 0.62353 0.56078
0.67843 0.62745 0.56471
0.67451 0.62353 0.56078
0.67843 0.62745 0.56471
0.67059 0.61961 0.56078
0.67059 0.61961 0.56078
0.67059 0.61961 0.55686
0.67843 0.62745 0.56471
