0.15294 0.42745 0.63137
0.14902 0.42745 0.62745
0.14902 0.42745 0.63137
0.14902 0.42745 0.63137
0.14902 0.42745 0.63137
0.14902 0.43137 0.63137
0.15294 0.43137 0.63137
0.15294 0.43137 0.63529
0.15686 0.43529 0.63922
0.16078 0.43922 0.64314
0.15686 0.43529 0.63922
0.15686 0.43529 0.63922
0.14902 0.42745 0.63137
0.16078 0.43922 0.64314
0.14902 0.43137 0.63529
0.15294 0.43922 0.63922
0.15294 0.44314 0.64706
0.1451 0.43529 0.63922
0.14902 0.43922 0.64314
0.1451 0.43137 0.63529
0.13725 0.43529 0.63922
0.14902 0.44706 0.65098
0.14118 0.43529 0.63922
