0.6902 0.63922 0.58824
0.6902 0.63529 0.59216
0.67843 0.63137 0.58431
0.70196 0.64706 0.59216
0.69412 0.63529 0.59216
0.6902 0.63529 0.59608
0.68627 0.63529 0.59216
0.68627 0.63922 0.59216
0.67843 0.63137 0.58431
0.68235 0.63529 0.58824
0.70196 0.63922 0.59216
0.6902 0.63529 0.58824
0.68235 0.63529 0.58824
0.68235 0.63529 0.58824
0.68235 0.63529 0.58824
0.68235 0.63529 0.58824
0.68235 0.63529 0.58824
0.70196 0.63922 0.59216
0.6902 0.63529 0.59216
0.68627 0.63922 0.59216
0.68235 0.63529 0.58824
0.68627 0.63922 0.59216
0.68627 0.63922 0.59216
0.67843 0.63529 0.58431
0.69804 0.64314 0.59608
0.69412 0.64706 0.59608
0.6902 0.64314 0.59608
0.6902 0.64314 0.59608
0.68235 0.63529 0.58824
0.70196 0.64314 0.59216
0.69412 0.64314 0.59216
0.6902 0.64314 0.59608
0.68627 0.63922 0.59216
0.69804 0.64314 0.58824
0.69412 0.64314 0.59216
0.68627 0.63922 0.59216
0.68235 0.63529 0.58824
0.68627 0.63529 0.59216
0.69412 0.64314 0.59216
0.6902 0.63922 0.59216
0.68627 0.63922 0.59216
