0.63922 0.72157 0.79608
0.63922 0.72157 0.79608
0.63137 0.71373 0.78824
0.63922 0.72157 0.79608
0.63529 0.71765 0.79216
0.63922 0.72157 0.79608
0.63922 0.72157 0.80392
0.63922 0.72157 0.81176
0.63529 0.72157 0.79608
0.63529 0.72157 0.79608
0.62745 0.72157 0.79216
0.63529 0.72157 0.79608
0.63922 0.72157 0.79608
0.63529 0.71765 0.80392
0.64314 0.72549 0.8
0.64314 0.72549 0.8
0.64314 0.72549 0.8
0.63922 0.72157 0.79608
0.63137 0.72157 0.79216
0.63137 0.72549 0.79608
0.63529 0.72157 0.79608
0.64314 0.72157 0.79608
0.64314 0.72549 0.80784
0.64706 0.73333 0.80392
0.64314 0.72549 0.8
0.64314 0.72549 0.8
0.63922 0.72549 0.8
0.63137 0.72157 0.79216
0.63529 0.72157 0.79216
0.63529 0.71765 0.79216
0.64314 0.72157 0.79608
0.63922 0.71765 0.79608
0.63529 0.72549 0.8
0.63529 0.72549 0.79608
0.64314 0.71765 0.79216
0.63922 0.71765 0.79216
0.64314 0.71765 0.79216
0.63137 0.72549 0.80392
0.63922 0.72549 0.8
0.64706 0.72157 0.79608
0.64314 0.72549 0.8
