0.27843 0.35686 0.48235
0.28235 0.35686 0.47059
0.30196 0.37255 0.49412
0.27059 0.3451 0.47059
0.28627 0.35686 0.47451
0.30196 0.36471 0.48235
0.29412 0.36471 0.4902
0.27059 0.3451 0.47059
0.26667 0.3451 0.46275
0.30588 0.37255 0.4902
0.3098 0.37255 0.49412
0.3098 0.38039 0.50196
0.26667 0.3451 0.47059
0.26667 0.34902 0.46667
0.27843 0.35294 0.47843
0.30588 0.36863 0.49804
0.30588 0.36863 0.49412
0.30588 0.37647 0.49804
0.28627 0.36471 0.4902
0.26667 0.34902 0.46667
0.25882 0.33725 0.46667
0.29412 0.36471 0.49412
0.28235 0.35294 0.47843
0.28235 0.36078 0.48627
0.29412 0.37255 0.50196
0.26275 0.34902 0.47843
0.25098 0.34118 0.46667
0.26667 0.35294 0.48235
0.27451 0.35294 0.48235
0.28235 0.36078 0.49804
0.24706 0.33725 0.46275
0.25882 0.33333 0.47059
