0.56863 0.6902 0.83137
0.57255 0.6902 0.83137
0.57647 0.69412 0.83529
0.58431 0.70196 0.84314
0.57255 0.6902 0.83137
0.58039 0.69804 0.83922
0.58039 0.69804 0.83922
0.56863 0.69412 0.83529
0.57647 0.69412 0.83529
0.58431 0.70196 0.83922
0.57647 0.69412 0.83137
0.57647 0.69412 0.83529
0.57255 0.6902 0.83137
0.57647 0.69412 0.83529
0.58039 0.69804 0.83529
0.58039 0.69804 0.83922
0.57647 0.69412 0.83529
0.58039 0.69804 0.83922
0.58039 0.69804 0.83922
0.57255 0.6902 0.83137
0.57647 0.69412 0.83529
0.58039 0.69804 0.83922
0.58039 0.69804 0.83922
0.58431 0.70196 0.83922
