0.94902 0.91765 0.8902
0.94118 0.91373 0.88627
0.91765 0.8902 0.8549
0.90196 0.87451 0.83529
0.89412 0.86667 0.82745
0.90588 0.88235 0.84706
0.92157 0.89412 0.8549
0.91373 0.8902 0.84706
0.90588 0.87843 0.83922
0.89412 0.86667 0.82745
0.88627 0.85882 0.81961
0.92157 0.89412 0.85098
0.91373 0.8902 0.84314
0.9098 0.88627 0.84314
0.89804 0.87059 0.83137
0.87451 0.84706 0.80784
0.85882 0.83137 0.79216
0.91765 0.88627 0.84314
0.91373 0.88627 0.83922
0.9098 0.88627 0.83922
0.89412 0.86667 0.82353
0.86667 0.83922 0.8
0.84314 0.81569 0.77647
0.91373 0.88235 0.83922
0.9098 0.87843 0.83529
0.90196 0.87843 0.83137
0.89804 0.87451 0.82745
0.87059 0.84314 0.80392
0.91373 0.88235 0.83922
0.9098 0.87843 0.83529
0.90196 0.87843 0.83137
0.89412 0.87059 0.82353
0.87059 0.84314 0.80392
0.89804 0.87451 0.83137
0.88627 0.85882 0.81961
0.85098 0.82353 0.78824
