0.043137 0.17255 0.2549
0.07451 0.2 0.28627
0.023529 0.14118 0.22745
0.0078431 0.12549 0.21176
0.031373 0.17255 0.23922
0.039216 0.18039 0.25098
0.011765 0.14118 0.21176
0.027451 0.14902 0.23137
0.031373 0.14118 0.23529
0.054902 0.15686 0.25098
0.019608 0.16471 0.24706
0.011765 0.14902 0.22353
0.027451 0.16471 0.24314
0.019608 0.16471 0.22745
0.027451 0.16863 0.23529
0.027451 0.16863 0.24314
0.023529 0.15686 0.23137
0.027451 0.15294 0.23137
0.019608 0.16078 0.23529
0.023529 0.16078 0.23529
0.019608 0.16471 0.23529
0.023529 0.16078 0.23922
0.027451 0.15686 0.23529
0.015686 0.15686 0.23137
