0.16471 0.22353 0.34902
0.17255 0.23529 0.35294
0.16863 0.22745 0.34902
0.18039 0.24706 0.37647
0.17255 0.23529 0.36078
0.17255 0.23922 0.35294
0.16471 0.22745 0.3451
0.18824 0.2549 0.38431
0.16471 0.22745 0.35294
0.17255 0.23922 0.36078
0.16863 0.23529 0.35294
0.16471 0.22745 0.3451
0.16863 0.23137 0.35686
0.16863 0.23137 0.35294
0.17255 0.23922 0.35686
0.16471 0.23137 0.34902
0.16471 0.22353 0.3451
0.18431 0.24314 0.36471
0.17647 0.23529 0.34902
0.17255 0.23137 0.35294
0.17255 0.23137 0.35294
0.16471 0.22353 0.3451
0.16863 0.22745 0.34902
0.17255 0.23137 0.35294
0.18824 0.24706 0.35686
0.16863 0.22353 0.34118
0.16863 0.22745 0.3451
0.17255 0.23137 0.34902
0.17255 0.23137 0.35294
0.19216 0.24706 0.36078
0.16863 0.22353 0.33725
0.16471 0.22353 0.34118
0.17255 0.23529 0.35686
0.17255 0.23529 0.35294
0.18824 0.24314 0.35294
0.17255 0.23137 0.3451
0.17255 0.23529 0.35686
