0.76863 0.72157 0.67059
0.75686 0.7098 0.65882
0.7451 0.69804 0.64706
0.76863 0.72157 0.67059
0.76078 0.71373 0.65882
0.74902 0.70588 0.64706
0.7451 0.69412 0.64314
0.76471 0.7098 0.66275
0.75686 0.70588 0.6549
0.76471 0.70196 0.64314
0.75686 0.69412 0.63529
0.75686 0.69412 0.63529
0.76078 0.70588 0.6549
0.7451 0.68627 0.63529
0.74902 0.6902 0.63922
0.76863 0.70588 0.64706
0.76078 0.69804 0.63922
0.74902 0.68627 0.62745
0.73725 0.67451 0.62745
0.76471 0.70196 0.64706
0.74902 0.68627 0.63137
0.75686 0.69412 0.63922
0.76471 0.70196 0.64314
0.76078 0.69804 0.63922
0.74118 0.67843 0.61961
0.72941 0.66667 0.61569
0.76078 0.69804 0.63922
0.76078 0.69804 0.63922
0.76078 0.69804 0.63922
0.75294 0.6902 0.63137
0.74902 0.68627 0.62745
0.7451 0.68235 0.62353
0.74118 0.67843 0.62745
0.74118 0.67451 0.63137
0.76471 0.70196 0.64314
0.77647 0.71373 0.6549
0.76078 0.69804 0.63922
0.74902 0.68627 0.62745
0.7451 0.68235 0.62353
0.73725 0.67451 0.61569
0.73725 0.67451 0.61961
0.76863 0.70588 0.64706
0.75294 0.6902 0.63137
0.75294 0.6902 0.63137
0.74902 0.68627 0.62745
0.76471 0.70196 0.64314
0.75686 0.69804 0.63922
0.75294 0.69804 0.63529
0.73333 0.67451 0.61569
0.76471 0.69804 0.63922
