0.65098 0.61961 0.62353
0.6549 0.62745 0.62353
0.65882 0.63137 0.62353
0.6549 0.62353 0.61569
0.67451 0.62745 0.60392
0.64706 0.62745 0.62353
0.64706 0.62745 0.62353
0.6549 0.62745 0.61961
0.65882 0.62745 0.61569
0.65098 0.61569 0.60392
0.7098 0.6549 0.62353
0.65098 0.63137 0.61961
0.6549 0.63529 0.62353
0.64706 0.63137 0.61569
0.64314 0.61961 0.6
0.64314 0.60784 0.58824
0.6549 0.63529 0.61961
0.66275 0.63529 0.61961
0.65882 0.62353 0.60784
0.66667 0.62745 0.59608
0.7098 0.66275 0.61569
0.76078 0.70196 0.64314
0.8 0.73725 0.65882
