0.1451 0.43922 0.64706
0.12549 0.42745 0.63137
0.13333 0.42745 0.63922
0.14118 0.44314 0.64706
0.13333 0.43529 0.63922
0.13333 0.42353 0.63529
0.13725 0.41961 0.63137
0.14118 0.41569 0.62745
0.13725 0.43529 0.64314
0.12941 0.43137 0.63529
0.12941 0.41961 0.62745
0.12941 0.41569 0.62353
0.13725 0.41569 0.62745
0.13725 0.43529 0.64706
0.12941 0.42353 0.63922
0.12549 0.42353 0.63137
0.12549 0.42353 0.62745
0.12549 0.41176 0.61961
0.13333 0.42745 0.64314
0.12157 0.41569 0.62353
0.12549 0.42353 0.62745
0.12941 0.42353 0.63137
0.12549 0.41569 0.61961
0.12941 0.41569 0.61569
0.12941 0.41961 0.63529
0.12157 0.41176 0.62745
0.12549 0.42353 0.63529
0.12549 0.42745 0.63529
