0.76863 0.78431 0.77255
0.80784 0.79216 0.75294
0.82353 0.79216 0.74118
0.82745 0.80392 0.75294
0.82745 0.80392 0.74902
0.83137 0.8 0.76078
0.82745 0.8 0.75686
0.83137 0.80784 0.75686
0.82353 0.80392 0.75686
0.83137 0.80784 0.75294
0.83922 0.81176 0.76863
0.83137 0.80784 0.76078
0.83137 0.80392 0.76078
0.83137 0.80392 0.76078
0.83529 0.80392 0.75294
0.8 0.79608 0.76471
0.83529 0.80784 0.75686
0.82745 0.80392 0.76078
0.82745 0.8 0.76078
0.83529 0.80392 0.76078
0.81961 0.78431 0.73725
0.83529 0.80784 0.76471
0.82745 0.80392 0.75686
0.83137 0.8 0.74902
0.78431 0.74118 0.68627
0.7451 0.69412 0.63137
0.70588 0.64706 0.58039
