0.96078 0.88627 0.77255
0.95294 0.87451 0.76471
0.96863 0.8902 0.78431
0.96863 0.8902 0.78431
0.97255 0.89412 0.78824
0.95686 0.87843 0.77255
0.96471 0.88627 0.78039
0.96863 0.89412 0.78824
0.96471 0.88235 0.76863
0.96863 0.8902 0.78431
0.96471 0.8902 0.78431
0.95686 0.87843 0.77255
0.96078 0.88627 0.78039
0.96471 0.88235 0.76863
0.95686 0.87451 0.76863
0.95686 0.88235 0.77647
0.96863 0.8902 0.78431
0.96863 0.8902 0.78431
0.95686 0.88627 0.77647
0.95686 0.88235 0.77255
0.96078 0.88627 0.78039
0.96863 0.8902 0.78039
0.96078 0.8902 0.78039
