0.21569 0.42745 0.5098
0.24314 0.44706 0.5451
0.13725 0.42353 0.52157
0.18431 0.47059 0.56078
0.17647 0.47843 0.55686
0.18039 0.49412 0.56863
0.31765 0.5451 0.61569
0.3451 0.61961 0.68627
0.2549 0.48235 0.58824
0.37255 0.51765 0.61569
0.34118 0.53333 0.60784
0.33333 0.47843 0.56863
0.22745 0.44706 0.58431
0.32941 0.52549 0.67059
0.33725 0.50588 0.60392
0.40784 0.50196 0.61176
0.2549 0.46667 0.5451
0.22745 0.40784 0.4902
0.28627 0.51765 0.58824
0.23137 0.46667 0.52941
0.49804 0.62353 0.69804
0.32549 0.59608 0.64314
0.43137 0.6902 0.73333
