0.65098 0.72157 0.8
0.65098 0.71765 0.80392
0.65098 0.72549 0.81176
0.65098 0.72157 0.8
0.65098 0.72157 0.8
0.64706 0.71765 0.80392
0.65098 0.72549 0.81569
0.6549 0.72157 0.8
0.65098 0.72157 0.80784
0.64706 0.72157 0.81569
0.56863 0.64314 0.74118
0.65882 0.72549 0.80392
0.6549 0.72549 0.80784
0.65098 0.72549 0.81961
0.42745 0.50196 0.60784
0.6549 0.72549 0.80392
0.6549 0.72549 0.80784
0.61961 0.69804 0.79216
0.36078 0.43529 0.54118
0.64314 0.72157 0.80392
0.61176 0.68627 0.78039
0.36863 0.43922 0.5451
0.62745 0.69804 0.79216
0.38431 0.45098 0.56078
0.64314 0.71373 0.80784
0.41176 0.47843 0.58824
0.52941 0.59608 0.70196
0.34118 0.40392 0.52549
0.37647 0.44706 0.56863
