0.62745 0.58824 0.57647
0.61961 0.58824 0.57647
0.62353 0.59216 0.58039
0.61961 0.58824 0.57647
0.62353 0.58824 0.57647
0.61569 0.58431 0.57255
0.61569 0.58431 0.57255
0.61961 0.58824 0.56863
0.62745 0.58431 0.57255
0.61176 0.57647 0.56863
0.61569 0.57647 0.56863
0.61176 0.57255 0.56471
0.61569 0.57647 0.56863
0.61176 0.57647 0.56863
0.61176 0.58039 0.56471
0.61176 0.58431 0.55686
0.60784 0.58039 0.55686
0.61569 0.58039 0.56471
0.61569 0.58039 0.56863
0.61176 0.57255 0.56078
0.61569 0.57647 0.56471
0.61176 0.58039 0.56471
0.61961 0.58431 0.56471
0.61961 0.58431 0.56471
0.61961 0.58431 0.56078
0.61569 0.58431 0.56078
0.61961 0.58431 0.56471
0.61176 0.57647 0.55686
0.62353 0.58824 0.56863
0.61961 0.58431 0.56471
0.61569 0.58039 0.56078
0.61961 0.58431 0.56471
0.61961 0.58039 0.56471
0.61961 0.58039 0.56078
