0.67059 0.61569 0.56471
0.67451 0.61961 0.57255
0.67451 0.62353 0.57255
0.67451 0.62353 0.57255
0.67451 0.61961 0.56471
0.67451 0.61961 0.56863
0.67843 0.62745 0.57255
0.67843 0.62353 0.56863
0.68235 0.62745 0.57255
0.67843 0.62353 0.57255
0.67059 0.62353 0.56863
0.67451 0.62353 0.56863
0.67843 0.62353 0.57255
0.67843 0.62353 0.57255
0.67843 0.62353 0.57255
0.67059 0.62353 0.57255
0.67451 0.62353 0.57647
0.67451 0.61961 0.57647
0.67843 0.62353 0.57255
0.67843 0.62353 0.57255
0.67843 0.62353 0.57255
0.68235 0.62745 0.57647
