0.16078 0.24706 0.39216
0.16471 0.25098 0.39608
0.15686 0.24314 0.38824
0.16078 0.24706 0.39216
0.16078 0.24706 0.39216
0.16078 0.24706 0.39216
0.16078 0.24706 0.39608
0.16078 0.24706 0.39216
0.15686 0.24314 0.38824
0.16078 0.24706 0.39216
0.15686 0.24706 0.38824
0.14902 0.24314 0.38431
0.16471 0.25882 0.40784
0.16863 0.26275 0.40784
0.15686 0.25098 0.39216
0.14902 0.24314 0.38431
0.14902 0.24314 0.38431
0.16078 0.25098 0.39608
0.15294 0.24314 0.38824
0.15686 0.24706 0.38824
0.15686 0.24706 0.38824
0.15686 0.24314 0.38824
0.16078 0.24706 0.39216
0.15294 0.23922 0.38431
0.15686 0.24706 0.38824
