0.33725 0.32549 0.17255
0.3451 0.32941 0.21176
0.37647 0.36471 0.24314
0.36471 0.33333 0.21176
0.37647 0.34118 0.20784
0.38431 0.34902 0.21176
0.36078 0.32941 0.18039
0.39216 0.36078 0.21176
0.41569 0.37647 0.25098
0.40784 0.36078 0.22353
0.35686 0.3098 0.16863
0.37255 0.32941 0.18824
0.39216 0.3451 0.22745
0.38431 0.33725 0.19216
0.39216 0.34902 0.20392
0.37647 0.33333 0.2
0.41961 0.37255 0.25882
0.37647 0.33725 0.23529
0.35686 0.32549 0.18824
0.40392 0.37255 0.23529
0.35294 0.31765 0.20392
0.4 0.35686 0.27059
0.38824 0.34902 0.21569
0.36471 0.32549 0.2
0.31765 0.27451 0.2
0.2549 0.24706 0.17255
