0.16078 0.25098 0.41569
0.17255 0.26275 0.42745
0.16863 0.25882 0.42353
0.16471 0.2549 0.41961
0.17255 0.26275 0.42745
0.16471 0.2549 0.41961
0.16863 0.25882 0.42353
0.16471 0.2549 0.41961
0.16471 0.2549 0.41961
0.16863 0.25882 0.42353
0.17255 0.25882 0.42353
0.16863 0.2549 0.41961
0.16078 0.24706 0.41176
0.15686 0.24706 0.41176
0.16863 0.25882 0.42353
0.16863 0.25882 0.42745
0.16471 0.25882 0.41961
0.15686 0.2549 0.41569
0.16471 0.26275 0.42353
0.18039 0.26667 0.43137
0.16471 0.2549 0.41961
0.16471 0.25882 0.42353
