0.90196 0.82353 0.71765
0.9098 0.83137 0.72549
0.90588 0.83137 0.72157
0.89804 0.81961 0.71373
0.87843 0.80392 0.68627
0.87843 0.80392 0.68235
0.8902 0.81176 0.70196
0.88235 0.80392 0.70196
0.88235 0.80392 0.69412
0.88627 0.80392 0.69412
0.89412 0.81569 0.70588
0.88235 0.80784 0.69804
0.88627 0.81176 0.69804
0.90196 0.82745 0.7098
0.88627 0.80392 0.6902
0.89804 0.81961 0.7098
0.89412 0.81569 0.7098
0.88235 0.80392 0.6902
0.89804 0.82353 0.70196
0.92549 0.84706 0.72549
0.90588 0.82353 0.70196
0.8902 0.81569 0.69804
0.8902 0.81176 0.69412
