0.26667 0.39216 0.54118
0.26667 0.39216 0.54118
0.27059 0.4 0.54902
0.26667 0.39608 0.5451
0.25882 0.38824 0.53725
0.26667 0.40392 0.55294
0.25882 0.39608 0.54118
0.2549 0.38431 0.53333
0.26667 0.38039 0.53333
0.29412 0.42353 0.57647
0.27059 0.39608 0.54902
0.26667 0.39216 0.5451
0.25882 0.38824 0.53725
0.25882 0.38039 0.53333
0.29412 0.41961 0.57255
0.27843 0.40392 0.55294
0.26275 0.39216 0.5451
0.26275 0.39216 0.54118
0.29412 0.41961 0.56863
0.27843 0.40392 0.55294
0.26275 0.39608 0.5451
0.25098 0.38824 0.53725
0.26667 0.39608 0.5451
