0.86275 0.8549 0.85882
0.89412 0.88235 0.88627
0.92941 0.9098 0.91765
0.86275 0.84706 0.85098
0.89412 0.87451 0.87451
0.92157 0.89804 0.90588
0.92157 0.90588 0.9098
0.9098 0.89412 0.89804
0.88627 0.87059 0.87451
0.91373 0.89804 0.90588
0.9098 0.89412 0.89804
0.94118 0.9098 0.9098
0.87843 0.86275 0.8549
0.92157 0.90196 0.91373
0.8902 0.87843 0.88235
0.8902 0.87451 0.88627
0.91373 0.90196 0.9098
0.9098 0.8902 0.89804
0.92941 0.9451 0.91765
0.92157 0.89412 0.9098
0.8902 0.87843 0.87843
0.87451 0.8549 0.86275
0.90588 0.8902 0.89412
0.91765 0.90196 0.90588
0.92549 0.89804 0.90196
0.91765 0.89804 0.90196
0.87059 0.85882 0.85882
0.90196 0.8902 0.89412
0.94118 0.91765 0.92157
0.93725 0.89412 0.88627
0.93725 0.92549 0.92941
0.88627 0.86275 0.87059
0.91765 0.90196 0.9098
0.95294 0.94118 0.9451
