0.1098 0.12157 0.14902
0.086275 0.10196 0.14902
0.070588 0.086275 0.12549
0.094118 0.094118 0.12941
0.13333 0.13725 0.17647
0.070588 0.07451 0.1098
0.10196 0.094118 0.13725
0.082353 0.07451 0.11765
0.086275 0.090196 0.12157
0.07451 0.086275 0.11765
0.086275 0.086275 0.12157
0.078431 0.090196 0.12549
0.062745 0.078431 0.11373
0.078431 0.07451 0.11373
0.078431 0.082353 0.12549
0.07451 0.086275 0.11765
0.070588 0.082353 0.1098
0.070588 0.082353 0.11765
0.070588 0.078431 0.11373
0.082353 0.082353 0.11373
0.078431 0.086275 0.11765
0.070588 0.086275 0.11373
0.066667 0.078431 0.11373
0.07451 0.082353 0.11765
0.082353 0.082353 0.12157
0.078431 0.086275 0.12157
0.07451 0.086275 0.12157
0.07451 0.086275 0.12157
0.078431 0.082353 0.12157
0.082353 0.090196 0.12549
