0.6549 0.66275 0.72157
0.67059 0.68627 0.74118
0.6902 0.70196 0.75686
0.69412 0.70588 0.76471
0.66667 0.67451 0.73333
0.59608 0.60392 0.67059
0.55686 0.57647 0.63922
0.61569 0.62353 0.69412
0.70588 0.72157 0.78824
0.69804 0.7098 0.77647
0.66275 0.66667 0.74118
0.66667 0.69412 0.75686
0.58824 0.61961 0.67843
0.57255 0.60392 0.66275
0.56471 0.59216 0.6549
0.65098 0.67059 0.73725
0.69412 0.69804 0.75686
0.58039 0.59608 0.66275
0.60392 0.61961 0.69412
0.52941 0.55294 0.62745
0.60784 0.64314 0.71373
