0.58039 0.67451 0.76863
0.57255 0.67451 0.77255
0.57647 0.67451 0.77647
0.59216 0.68235 0.78039
0.57647 0.67843 0.77647
0.57647 0.67843 0.77647
0.57647 0.67843 0.77647
0.58039 0.67451 0.77647
0.59216 0.68235 0.78039
0.57647 0.67843 0.77647
0.58039 0.68235 0.78039
0.58039 0.68235 0.78039
0.58039 0.67843 0.78039
0.57647 0.67451 0.77255
0.58039 0.68235 0.78039
0.58039 0.68235 0.78039
0.58824 0.68627 0.78824
0.57647 0.67843 0.77647
0.58824 0.68235 0.78039
0.57647 0.67843 0.77647
0.58824 0.67843 0.77647
