0.62353 0.6902 0.76078
0.61961 0.6902 0.76078
0.62353 0.69412 0.76078
0.62745 0.69412 0.76471
0.61569 0.68627 0.75686
0.61569 0.6902 0.76078
0.61961 0.69412 0.76078
0.62353 0.69804 0.76471
0.61961 0.69412 0.76078
0.61569 0.6902 0.75686
0.61569 0.6902 0.75686
0.61569 0.6902 0.75686
0.62353 0.69804 0.76471
0.62353 0.69804 0.76471
0.61961 0.69412 0.76078
0.61961 0.69412 0.76078
0.61569 0.6902 0.75686
0.61961 0.69412 0.76078
0.62353 0.69804 0.76471
0.62353 0.69804 0.76471
0.61569 0.6902 0.75686
0.61569 0.6902 0.76078
0.61569 0.6902 0.75686
