0.93725 0.88627 0.76471
0.9451 0.88627 0.77255
0.9451 0.88627 0.77255
0.93725 0.88627 0.77255
0.9451 0.8902 0.78039
0.95686 0.90196 0.78824
0.94902 0.8902 0.78039
0.93333 0.88235 0.77255
0.94118 0.88627 0.78039
0.94902 0.89412 0.78824
0.94902 0.89412 0.78824
0.91373 0.85882 0.75686
0.94902 0.88627 0.78039
0.94902 0.8902 0.78824
0.94902 0.89804 0.78824
0.91765 0.87059 0.77647
0.94902 0.8902 0.76863
0.94902 0.8902 0.78039
0.90588 0.86275 0.78824
0.94118 0.8902 0.77647
0.9451 0.8902 0.78039
0.87059 0.81961 0.75294
0.81176 0.76471 0.70196
0.7451 0.7098 0.64706
0.65882 0.63137 0.58039
0.61176 0.59608 0.56471
0.57255 0.55294 0.53725
0.52941 0.5098 0.50196
0.47451 0.47059 0.46667
