0.92157 0.90588 0.88235
0.90196 0.88235 0.90196
0.9451 0.92549 0.9098
0.86667 0.85098 0.8549
0.89412 0.87059 0.88627
0.89804 0.88235 0.89804
0.88627 0.87451 0.8549
0.95686 0.94902 0.93333
0.87059 0.85098 0.8549
0.89412 0.87843 0.89412
0.89412 0.87843 0.8902
0.89804 0.88235 0.86667
0.8902 0.87843 0.87059
0.95294 0.93725 0.92941
0.87451 0.85882 0.86667
0.90588 0.88627 0.90588
0.8902 0.87451 0.87843
0.90588 0.8902 0.87451
0.88235 0.87059 0.85882
0.80784 0.8 0.76863
0.92941 0.91373 0.89804
0.88627 0.87451 0.87451
0.91765 0.90196 0.92157
0.87451 0.85882 0.86667
0.90196 0.88627 0.87059
0.8902 0.86667 0.85882
0.86275 0.86275 0.81961
0.93725 0.92941 0.92941
0.89412 0.87451 0.88627
0.91373 0.89412 0.9098
0.87059 0.8549 0.85882
0.90588 0.89804 0.88627
0.85882 0.85882 0.85098
0.88235 0.88627 0.83922
0.92549 0.91765 0.93333
0.88235 0.85882 0.86667
0.91765 0.87843 0.8902
0.87843 0.86275 0.86275
0.89412 0.89412 0.87451
0.8 0.80784 0.80784
