0.60392 0.68627 0.76078
0.60392 0.68627 0.76078
0.60784 0.6902 0.76471
0.60392 0.68627 0.76078
0.60784 0.6902 0.76471
0.60392 0.68627 0.76078
0.6 0.68235 0.75686
0.60392 0.68627 0.76078
0.6 0.68235 0.75686
0.6 0.68235 0.75686
0.60392 0.68627 0.75686
0.60392 0.68627 0.75686
0.6 0.68235 0.75294
0.60784 0.6902 0.76471
0.60392 0.68627 0.75686
0.60392 0.68627 0.74902
0.60392 0.68627 0.75294
0.6 0.68235 0.75686
0.60784 0.6902 0.76078
0.60392 0.68627 0.75686
0.60784 0.68627 0.76078
0.60392 0.68627 0.76078
