0.11373 0.17255 0.29412
0.11373 0.17255 0.29412
0.11765 0.17647 0.29804
0.12157 0.18039 0.30196
0.1098 0.17255 0.2902
0.11373 0.17255 0.29412
0.11373 0.17255 0.29412
0.11765 0.17647 0.2902
0.12157 0.18039 0.30196
0.11765 0.17647 0.29804
0.12157 0.18039 0.30196
0.11765 0.17647 0.29804
0.11373 0.17255 0.29412
0.11373 0.17255 0.28627
0.11765 0.17647 0.29412
0.11373 0.17255 0.29412
0.12941 0.18824 0.3098
0.11765 0.17647 0.29804
0.12157 0.18039 0.30196
0.11765 0.17647 0.29804
0.11373 0.17255 0.29412
0.1098 0.17255 0.28627
0.11373 0.16863 0.29412
0.11765 0.17647 0.29804
0.12157 0.18039 0.30196
0.11765 0.17647 0.29804
0.11765 0.17647 0.29804
0.11765 0.17647 0.29804
0.12157 0.18039 0.30196
0.11373 0.17255 0.29412
0.10588 0.16471 0.28627
0.1098 0.17647 0.29412
0.1098 0.17647 0.29412
0.12157 0.18824 0.30588
0.12549 0.18824 0.30588
0.11373 0.18431 0.29804
0.12549 0.18824 0.30196
0.12549 0.18039 0.29804
0.10588 0.17255 0.2902
0.094118 0.16078 0.27843
0.11373 0.18039 0.29804
0.11765 0.18431 0.30196
0.11373 0.18431 0.29412
0.12941 0.19608 0.30196
0.10196 0.16863 0.28627
0.11765 0.18431 0.30196
0.11373 0.18039 0.29804
0.1098 0.17647 0.2902
0.12157 0.18431 0.29412
0.11373 0.17647 0.29804
0.10588 0.17255 0.2902
0.11373 0.17255 0.29412
0.12549 0.18039 0.29804
