0.57255 0.60392 0.72941
0.58039 0.60784 0.72549
0.58824 0.60784 0.72549
0.57255 0.6 0.72549
0.57255 0.6 0.72157
0.56471 0.6 0.72549
0.56078 0.6 0.72157
0.56863 0.6 0.71373
0.56078 0.60392 0.73333
0.5451 0.58824 0.71373
0.55686 0.59216 0.71373
0.56863 0.61569 0.74118
0.55686 0.6 0.72157
0.56863 0.6 0.72549
0.57255 0.61176 0.73333
0.56078 0.59608 0.71765
0.58431 0.62353 0.74902
0.56863 0.60392 0.72549
0.58039 0.61961 0.7451
0.58431 0.61961 0.74118
0.58431 0.61961 0.73725
0.59216 0.62745 0.73725
0.6 0.63137 0.73725
