0.71373 0.6549 0.57255
0.71765 0.65882 0.57647
0.71765 0.65882 0.58039
0.72157 0.66275 0.58824
0.72941 0.67059 0.58431
0.73725 0.67451 0.59216
0.71373 0.6549 0.57255
0.71765 0.65882 0.57647
0.71765 0.65882 0.57647
0.71765 0.65882 0.57255
0.72549 0.66667 0.58039
0.73333 0.67451 0.58824
0.71373 0.6549 0.57255
0.72157 0.66275 0.58039
0.71765 0.65882 0.57647
0.71765 0.65882 0.58039
0.72941 0.67059 0.59216
0.71765 0.65882 0.57255
0.71765 0.65882 0.57647
0.71765 0.65882 0.57647
0.72157 0.66275 0.58824
0.71373 0.6549 0.57255
0.72157 0.66275 0.58039
0.72157 0.66667 0.58824
0.71765 0.65882 0.57647
0.72157 0.66275 0.58039
