0.7098 0.66667 0.63529
0.70196 0.66275 0.62353
0.68235 0.64314 0.60784
0.6902 0.6549 0.61569
0.64706 0.61569 0.57255
0.63137 0.6 0.55686
0.71765 0.67843 0.64706
0.68235 0.64314 0.60784
0.68627 0.64706 0.60784
0.61961 0.6 0.54902
0.77255 0.73333 0.69412
0.74902 0.71373 0.67451
0.76078 0.72549 0.6902
0.67059 0.63529 0.60784
0.72549 0.70588 0.66275
0.72549 0.68627 0.63922
0.73725 0.70588 0.65882
0.70196 0.67451 0.62745
0.72549 0.69412 0.6549
0.68627 0.66275 0.61961
0.7098 0.67843 0.63529
0.69412 0.65882 0.61569
0.72157 0.69412 0.64314
0.61961 0.6 0.54118
0.4 0.39216 0.32157
0.68235 0.65098 0.6
0.63922 0.60784 0.56078
