0.92549 0.8549 0.76863
0.92157 0.85882 0.76078
0.85098 0.79216 0.73725
0.93333 0.87059 0.78039
0.94902 0.88627 0.79608
0.95294 0.89412 0.80392
0.95294 0.89412 0.8
0.94118 0.88235 0.78431
0.93725 0.87059 0.77255
0.72157 0.6902 0.64706
0.94118 0.88627 0.78824
0.9451 0.88235 0.79216
0.95686 0.89412 0.80392
0.94902 0.8902 0.79608
0.94118 0.87843 0.78039
0.92941 0.86275 0.76471
0.56471 0.55686 0.51373
0.94118 0.88627 0.78824
0.93333 0.87451 0.78431
0.94902 0.8902 0.8
0.94902 0.8902 0.79608
0.9451 0.88235 0.78824
0.91765 0.85882 0.76471
0.41961 0.41961 0.42353
0.9451 0.88235 0.80392
0.92941 0.87451 0.78039
0.94902 0.89412 0.8
0.96471 0.90196 0.81176
0.94902 0.8902 0.8
0.26275 0.29412 0.33725
0.87843 0.83922 0.76471
0.93725 0.88627 0.78039
0.9451 0.89412 0.79608
0.95294 0.89412 0.8
0.95294 0.89804 0.80392
0.17255 0.20784 0.27451
0.77255 0.74118 0.68627
0.93333 0.87451 0.78824
0.9451 0.87843 0.8
0.94118 0.88235 0.8
0.93725 0.89412 0.8
0.64706 0.61176 0.56863
0.93725 0.88235 0.78824
0.94118 0.89412 0.8
0.9451 0.89804 0.81961
0.94118 0.88235 0.81569
