0.054902 0.26275 0.43137
0.043137 0.2549 0.42745
0.05098 0.25882 0.42745
0.054902 0.26275 0.43529
0.043137 0.25098 0.42353
0.058824 0.26667 0.43529
0.054902 0.2549 0.43137
0.05098 0.26275 0.43922
0.05098 0.26275 0.43529
0.047059 0.25882 0.43137
0.047059 0.25882 0.43137
0.058824 0.26667 0.43922
0.054902 0.25882 0.43529
0.054902 0.2549 0.43137
0.062745 0.27059 0.44314
0.054902 0.26275 0.43137
0.058824 0.26667 0.43922
0.054902 0.26275 0.43529
0.05098 0.25882 0.43137
0.062745 0.27059 0.44314
0.058824 0.26667 0.43922
0.05098 0.2549 0.42745
0.05098 0.2549 0.43137
0.062745 0.26667 0.43922
0.082353 0.26667 0.43529
0.094118 0.27059 0.44706
0.078431 0.26667 0.44706
0.066667 0.27451 0.44706
0.054902 0.27059 0.44314
0.043137 0.2549 0.42745
0.062745 0.26667 0.44706
0.054902 0.26667 0.44706
