0.21569 0.30588 0.46667
0.22353 0.30588 0.45882
0.22353 0.3098 0.46667
0.21961 0.3098 0.47059
0.21961 0.30196 0.45882
0.24314 0.32157 0.47059
0.22745 0.31373 0.47059
0.21961 0.3098 0.47059
0.21961 0.30196 0.46667
0.23137 0.30588 0.46275
0.22745 0.31373 0.46667
0.22745 0.31373 0.47451
0.22353 0.3098 0.47059
0.21569 0.29804 0.4549
0.23137 0.30588 0.46275
0.21569 0.30196 0.4549
0.21961 0.30588 0.46275
0.21961 0.30588 0.46667
0.21961 0.30196 0.4549
0.22745 0.30588 0.45098
0.21961 0.30588 0.45882
0.22353 0.3098 0.46667
0.21961 0.30588 0.46667
0.21961 0.30196 0.44706
0.24314 0.31765 0.45882
0.22745 0.3098 0.46275
0.22353 0.3098 0.46667
0.22353 0.31373 0.46667
0.22745 0.31765 0.47059
0.22353 0.3098 0.46275
