0.19608 0.2902 0.4
0.18824 0.27843 0.38824
0.18039 0.27451 0.38431
0.19608 0.28627 0.39216
0.20392 0.29804 0.40784
0.19608 0.28627 0.39216
0.18431 0.27843 0.39216
0.19608 0.28627 0.39216
0.2 0.27843 0.37647
0.19608 0.27843 0.38431
0.19216 0.28235 0.40392
0.19608 0.2902 0.4
0.19608 0.28627 0.39608
0.19608 0.2902 0.40392
0.19608 0.2902 0.4
0.20784 0.27843 0.37647
0.19216 0.27059 0.39608
0.18039 0.27451 0.39216
0.20784 0.29412 0.41176
0.2 0.28627 0.41176
0.20392 0.29412 0.38431
0.30196 0.32941 0.40392
0.33333 0.3451 0.40784
0.33725 0.35294 0.42745
0.35686 0.36078 0.41176
0.18039 0.27059 0.38824
0.19608 0.28235 0.4
0.2 0.27843 0.39216
0.19216 0.28627 0.40784
0.20392 0.2902 0.4
0.20392 0.28235 0.36863
0.2 0.2902 0.4
0.26275 0.32157 0.38824
0.20392 0.28627 0.39216
0.48627 0.49412 0.52157
0.4549 0.47843 0.5098
