0.50196 0.63922 0.78431
0.50196 0.63922 0.78039
0.5098 0.64706 0.78824
0.50196 0.63529 0.78039
0.5098 0.64314 0.78824
0.50588 0.63922 0.78431
0.50196 0.63529 0.78039
0.50588 0.63922 0.78431
0.50588 0.63922 0.78431
0.51373 0.64314 0.78824
0.50588 0.63922 0.78431
0.50588 0.63922 0.78431
0.50588 0.63922 0.78431
0.50196 0.63529 0.78431
0.50588 0.63922 0.78431
0.50588 0.64314 0.78824
0.50588 0.63922 0.78431
0.5098 0.64314 0.78431
0.50588 0.63922 0.78431
0.5098 0.63922 0.78431
0.50588 0.63922 0.78431
0.5098 0.64314 0.78824
