0.011765 0.15686 0.22745
0.015686 0.15686 0.23137
0.015686 0.15686 0.23137
0.015686 0.15686 0.23137
0.043137 0.15686 0.21569
0.011765 0.15686 0.23137
0.019608 0.15294 0.23529
0.015686 0.15294 0.23137
0.015686 0.15294 0.22745
0.015686 0.15686 0.23137
0.05098 0.16078 0.22745
0.011765 0.15686 0.22745
0.015686 0.15686 0.23137
0.011765 0.15686 0.22745
0.011765 0.15686 0.23137
0.015686 0.16078 0.23137
0.062745 0.16078 0.23922
0.011765 0.16078 0.23529
0.015686 0.16078 0.23529
0.015686 0.16471 0.23529
0.015686 0.16471 0.23529
0.019608 0.16863 0.23529
0.023529 0.16078 0.24314
0.023529 0.16471 0.23922
0.027451 0.16863 0.24314
0.023529 0.16078 0.23922
0.023529 0.16078 0.23922
