0.13725 0.23922 0.3451
0.13725 0.23922 0.3451
0.13725 0.23529 0.3451
0.1451 0.24314 0.34902
0.14902 0.24314 0.35294
0.1451 0.23922 0.34902
0.15686 0.24314 0.35294
0.1451 0.23529 0.3451
0.14118 0.23529 0.3451
0.14118 0.23529 0.3451
0.16078 0.2549 0.36471
0.1451 0.23922 0.34902
0.14902 0.24314 0.35294
0.1451 0.23922 0.34902
0.13725 0.23529 0.34118
0.13725 0.23137 0.34118
0.14902 0.24314 0.35294
0.1451 0.23922 0.34902
0.1451 0.23922 0.34902
0.1451 0.23922 0.34902
0.13725 0.23529 0.3451
0.13725 0.23137 0.34118
0.1451 0.23922 0.34902
0.1451 0.23922 0.34902
0.14118 0.23529 0.3451
0.14118 0.23529 0.3451
0.14118 0.23529 0.3451
