0.27843 0.62745 0.83137
0.28235 0.62745 0.83529
0.27059 0.61961 0.82353
0.26275 0.61176 0.81569
0.27451 0.62745 0.83529
0.27843 0.63137 0.83922
0.27059 0.62353 0.82745
0.27451 0.62745 0.83137
0.27059 0.62745 0.83137
0.27059 0.62353 0.83137
0.26275 0.61569 0.82353
0.27451 0.62745 0.83529
0.27843 0.62745 0.83922
0.27451 0.62745 0.83529
0.27059 0.62353 0.83137
0.26667 0.61961 0.82745
0.25882 0.61176 0.81961
0.28235 0.63529 0.84314
0.27843 0.63137 0.83922
0.27843 0.63529 0.84314
0.27451 0.62745 0.83529
0.25882 0.61569 0.82353
0.25098 0.60784 0.81569
0.27843 0.63529 0.84314
0.27843 0.63529 0.84314
0.27451 0.63529 0.84314
0.27451 0.63137 0.83922
0.26667 0.62745 0.83529
0.26275 0.61961 0.82745
0.26667 0.63529 0.83922
0.25882 0.63137 0.83529
0.26667 0.63922 0.84314
0.25882 0.62353 0.83137
0.26275 0.61961 0.82353
0.26667 0.63529 0.84706
0.25882 0.63529 0.84314
0.2549 0.63137 0.83922
0.2549 0.62353 0.83529
0.25882 0.61569 0.82353
0.2549 0.63529 0.84706
0.25098 0.63137 0.83922
