0.61961 0.58039 0.52941
0.61961 0.58039 0.52941
0.61569 0.57647 0.52941
0.63137 0.58431 0.52941
0.62353 0.58431 0.53333
0.61961 0.58039 0.53333
0.61961 0.58039 0.53333
0.63922 0.58824 0.52549
0.63137 0.58431 0.52549
0.62353 0.58431 0.53333
0.61961 0.58039 0.53333
0.61961 0.58039 0.53333
0.64706 0.58824 0.52941
0.63529 0.58431 0.52941
0.62745 0.58431 0.53333
0.61569 0.57647 0.52941
0.61569 0.57647 0.53725
0.65098 0.59216 0.53333
0.63529 0.58431 0.52549
0.62353 0.58039 0.52941
0.61176 0.57255 0.52941
0.64706 0.58824 0.52549
0.63529 0.58431 0.52549
0.62745 0.58431 0.52941
0.61569 0.57647 0.52941
0.64314 0.58431 0.52549
0.63137 0.58039 0.52549
0.62745 0.58039 0.53333
0.63922 0.58431 0.52941
0.63137 0.58039 0.53725
