0.34118 0.27843 0.22353
0.34902 0.27451 0.21176
0.36863 0.29804 0.22745
0.33333 0.2549 0.19216
0.34902 0.27059 0.20392
0.37255 0.30196 0.22353
0.36471 0.28627 0.20784
0.32157 0.2549 0.18431
0.32941 0.2549 0.18431
0.32157 0.25098 0.17255
0.33725 0.27059 0.18039
0.31765 0.24314 0.16078
0.32157 0.26275 0.18039
0.32549 0.27451 0.18824
0.28235 0.22353 0.14118
0.2902 0.23137 0.14118
0.34118 0.27059 0.1451
0.33333 0.27059 0.19608
0.33725 0.28627 0.21961
0.3098 0.2549 0.17647
0.38824 0.32941 0.14118
0.3451 0.27059 0.15294
0.32941 0.2549 0.16863
0.36471 0.29412 0.2
