0.50588 0.56471 0.68627
0.49804 0.55686 0.67843
0.50196 0.56078 0.68235
0.50196 0.56078 0.68235
0.5098 0.56863 0.6902
0.50588 0.56471 0.68627
0.50196 0.56078 0.68235
0.50196 0.56078 0.68235
0.50196 0.56078 0.68235
0.50588 0.56471 0.68627
0.50196 0.56078 0.68235
0.50196 0.56078 0.68235
0.50196 0.56078 0.68235
0.5098 0.56863 0.68627
0.50196 0.56863 0.68627
0.49804 0.56471 0.68235
0.49804 0.56078 0.68235
0.50196 0.56078 0.68235
0.50588 0.57255 0.6902
0.50196 0.56863 0.68627
0.50196 0.56471 0.68235
0.49804 0.55686 0.67843
0.50588 0.56471 0.68627
0.50588 0.56471 0.68627
0.50196 0.56078 0.68235
