0.66275 0.73333 0.81176
0.66275 0.72941 0.80784
0.66667 0.73333 0.80784
0.67059 0.73725 0.80784
0.66667 0.73725 0.81569
0.66667 0.73333 0.81176
0.65882 0.72941 0.80784
0.66275 0.72941 0.80392
0.67059 0.73725 0.80784
0.67451 0.73725 0.80784
0.66667 0.73725 0.81569
0.66275 0.73333 0.81176
0.66275 0.73333 0.81176
0.65882 0.72941 0.80784
0.66667 0.73725 0.81176
0.67059 0.73725 0.80784
0.66667 0.73725 0.81569
0.66275 0.73725 0.81176
0.66667 0.73725 0.81569
0.66667 0.73725 0.81176
0.67059 0.73725 0.80784
0.66667 0.73333 0.81176
