0.090196 0.33725 0.52941
0.090196 0.33333 0.53333
0.094118 0.3451 0.5451
0.090196 0.33725 0.53333
0.098039 0.34902 0.54118
0.11765 0.34118 0.52941
0.10196 0.35294 0.54118
0.098039 0.34118 0.53333
0.094118 0.33725 0.52157
0.094118 0.3451 0.54118
0.094118 0.34118 0.53333
0.090196 0.33333 0.52157
0.094118 0.34902 0.54902
0.094118 0.34118 0.53725
0.090196 0.34118 0.52941
0.086275 0.33333 0.52157
0.10196 0.36078 0.56471
0.10196 0.3451 0.54902
0.094118 0.34118 0.54118
0.090196 0.33725 0.52941
0.1098 0.35294 0.55686
0.10588 0.34902 0.54902
0.098039 0.33725 0.53725
0.098039 0.3451 0.54118
