0.9451 0.81961 0.67059
0.95294 0.83529 0.68627
0.94902 0.83137 0.68235
0.9451 0.82745 0.67843
0.95686 0.83529 0.68627
0.94902 0.83137 0.68235
0.9451 0.82745 0.67843
0.94902 0.83137 0.68235
0.95294 0.83529 0.68627
0.95294 0.83529 0.68627
0.93725 0.81961 0.67059
0.94902 0.83137 0.67843
0.94118 0.82353 0.67451
0.91373 0.79608 0.64706
0.9451 0.82745 0.67843
0.94902 0.83137 0.68235
0.95686 0.83922 0.6902
0.92941 0.81176 0.66667
0.9451 0.82745 0.67843
0.95686 0.83922 0.6902
0.95294 0.83922 0.6902
0.95294 0.83529 0.68627
0.91765 0.8 0.65098
0.94902 0.83137 0.68235
0.95686 0.83922 0.68627
0.9451 0.82745 0.67843
