0.20392 0.30196 0.46275
0.20784 0.30196 0.46275
0.20784 0.30588 0.46667
0.20392 0.29804 0.46275
0.2 0.28627 0.45098
0.20392 0.2902 0.4549
0.20784 0.30588 0.46667
0.20784 0.30196 0.46667
0.20784 0.29412 0.45882
0.18824 0.27451 0.44314
0.20392 0.29804 0.46667
0.20784 0.30196 0.46667
0.20784 0.29804 0.46275
0.21176 0.30196 0.46667
0.19216 0.28235 0.44706
0.19216 0.2902 0.45098
0.20392 0.29804 0.46667
0.20392 0.29804 0.46275
0.20784 0.29804 0.46275
0.2 0.2902 0.4549
0.18824 0.27843 0.44314
0.21176 0.30588 0.47451
0.20392 0.29804 0.45882
0.21176 0.30196 0.46667
0.19608 0.28235 0.44706
0.19216 0.28235 0.44706
0.2 0.29804 0.46275
0.20784 0.30196 0.47059
0.19608 0.2902 0.4549
0.20784 0.30196 0.47059
0.20392 0.29804 0.47059
