0.023529 0.15686 0.23922
0.043137 0.18039 0.2549
0.019608 0.15686 0.23137
0.0078431 0.15686 0.23137
0.031373 0.17647 0.25098
0.043137 0.16471 0.24706
0.047059 0.18039 0.24706
0.039216 0.17255 0.25098
0.027451 0.16471 0.24706
0.031373 0.17255 0.24706
0.031373 0.17255 0.25882
0.031373 0.17255 0.25882
0.043137 0.17255 0.24314
0.027451 0.16471 0.24314
0.023529 0.16078 0.23922
0.023529 0.16863 0.23922
0.023529 0.16471 0.24706
0.023529 0.16078 0.23922
0.015686 0.16078 0.23529
0.011765 0.16471 0.24314
