0.97647 0.96078 0.88235
0.98039 0.96863 0.8902
0.97647 0.96078 0.88235
1 0.99216 0.91373
1 0.99608 0.91373
1 0.99608 0.91373
0.98824 0.97255 0.8902
0.99216 0.97647 0.89412
1 0.99216 0.90588
1 0.99216 0.9098
1 0.98431 0.9098
0.95686 0.92549 0.85098
1 0.98824 0.90588
1 0.98431 0.90196
1 0.98824 0.9098
0.99216 0.96471 0.8902
0.98431 0.96471 0.8902
1 0.98039 0.90196
0.99608 0.98039 0.89804
1 0.98039 0.90196
0.95686 0.92549 0.85098
0.98431 0.96471 0.89804
1 0.97255 0.90196
0.99608 0.97647 0.89412
0.98431 0.96078 0.87451
1 0.96863 0.89412
1 0.97255 0.89412
0.95294 0.92157 0.83922
1 0.96863 0.88627
