0.0078431 0.16863 0.24706
0.0039216 0.17255 0.24314
0.0078431 0.16863 0.24706
0.015686 0.16471 0.2549
0.0078431 0.18431 0.25098
0.011765 0.16078 0.21569
0.0078431 0.15686 0.24314
0.0078431 0.17647 0.24314
0.031373 0.16471 0.22745
0.031373 0.19608 0.28627
0 0.14902 0.21961
0.035294 0.18039 0.23529
0.035294 0.16078 0.2549
0.031373 0.18039 0.2549
0.023529 0.17647 0.22353
0.0078431 0.12941 0.21961
0.058824 0.2 0.27451
0.0078431 0.1098 0.18039
0 0.078431 0.13333
0.058824 0.13333 0.16863
0.17255 0.2549 0.27451
0.32941 0.42745 0.43529
