0.24706 0.35686 0.48627
0.23922 0.35686 0.4902
0.23137 0.3451 0.47059
0.22745 0.34118 0.46667
0.23529 0.34902 0.47451
0.24706 0.36078 0.4902
0.24706 0.36078 0.49412
0.23922 0.35294 0.47843
0.23529 0.34902 0.47451
0.24706 0.34902 0.47843
0.25098 0.35294 0.4902
0.24706 0.36078 0.49412
0.23922 0.35294 0.48235
0.24314 0.35686 0.48235
0.25098 0.35294 0.48627
0.24314 0.3451 0.47451
0.24706 0.35294 0.48235
0.2549 0.36863 0.50196
0.24314 0.35686 0.4902
0.24314 0.35294 0.48627
0.24706 0.35294 0.49412
0.23922 0.34902 0.4902
