0.84706 0.80392 0.82745
0.85882 0.8549 0.87843
0.85882 0.84706 0.84706
0.86667 0.83922 0.86275
0.85882 0.84706 0.84706
0.89412 0.87843 0.87843
0.89804 0.88627 0.89412
0.83529 0.81176 0.83137
0.85882 0.84314 0.84314
0.89412 0.87843 0.88235
0.90588 0.8902 0.89412
0.87059 0.84706 0.85882
0.86275 0.84314 0.85098
0.89412 0.87843 0.88235
0.91765 0.90196 0.90588
0.79216 0.77255 0.78431
0.86667 0.8549 0.8549
0.86275 0.84706 0.85098
0.89804 0.88627 0.88627
0.81569 0.8 0.80392
0.82745 0.83922 0.82745
0.87843 0.86275 0.86275
0.90588 0.88627 0.89412
0.82745 0.81176 0.81176
0.82745 0.84706 0.82745
0.88235 0.87059 0.87059
0.90588 0.88627 0.8902
