0.85882 0.77255 0.67843
0.83922 0.75686 0.66667
0.81176 0.74118 0.6549
0.85882 0.77647 0.67843
0.85882 0.77255 0.67843
0.83529 0.74902 0.66275
0.81961 0.74118 0.66275
0.82745 0.75686 0.67451
0.82745 0.76078 0.67843
0.84706 0.76863 0.67451
0.83529 0.75294 0.66667
0.82745 0.74902 0.67451
0.82745 0.75686 0.67843
0.83529 0.76863 0.6902
0.84314 0.77255 0.68627
0.83922 0.76078 0.67451
0.82745 0.74902 0.67059
0.83137 0.74902 0.67451
0.83137 0.76078 0.68235
0.83529 0.76863 0.6902
0.83137 0.76078 0.67451
0.83922 0.76863 0.68235
0.82745 0.75686 0.67451
0.83137 0.75686 0.67451
0.82745 0.75686 0.67451
