0.86275 0.8 0.71373
0.86667 0.8 0.71373
0.87843 0.80392 0.71373
0.83529 0.77255 0.68627
0.87059 0.80784 0.71765
0.88627 0.81176 0.71765
0.88235 0.80392 0.7098
0.87451 0.79608 0.70196
0.8549 0.78824 0.69412
0.8902 0.81961 0.72549
0.88627 0.80392 0.7098
0.87451 0.79216 0.69412
0.86667 0.78431 0.68627
0.87843 0.8 0.70196
0.87843 0.8 0.69804
0.83529 0.76471 0.67843
0.86275 0.78431 0.6902
0.88627 0.80392 0.7098
0.89804 0.81176 0.71765
0.87843 0.78824 0.68235
0.87843 0.78824 0.68235
0.88235 0.8 0.70196
0.87059 0.79216 0.69412
0.85098 0.77255 0.6902
0.86275 0.78431 0.6902
0.87843 0.79216 0.70196
0.8902 0.8 0.70588
0.88235 0.78824 0.68627
0.87059 0.78039 0.67451
0.86667 0.78431 0.68235
0.84706 0.78039 0.69412
0.87059 0.79216 0.69804
0.88627 0.79216 0.70588
0.88627 0.79216 0.69804
0.87059 0.77647 0.67451
0.87059 0.78039 0.67843
0.86667 0.78431 0.68235
0.88627 0.8 0.71373
0.88235 0.78824 0.69804
0.88235 0.78824 0.69412
0.87843 0.78824 0.69412
0.87059 0.77647 0.68627
0.88627 0.79216 0.69804
0.87843 0.79608 0.70196
