0.95686 0.83922 0.6902
0.95686 0.83922 0.6902
0.95294 0.83529 0.68627
0.94118 0.82353 0.67451
0.95294 0.83529 0.68627
0.94902 0.83529 0.68235
0.9451 0.82745 0.68235
0.9451 0.83137 0.68627
0.9451 0.82745 0.68235
0.9451 0.83137 0.68235
0.9451 0.83529 0.68235
0.9451 0.83529 0.68235
0.88627 0.77647 0.62745
0.95686 0.83922 0.69412
0.95294 0.83529 0.68627
0.95294 0.83922 0.68627
0.95686 0.84314 0.6902
0.90196 0.78824 0.63529
0.95686 0.83922 0.6902
0.95294 0.83529 0.68627
0.95294 0.83529 0.68627
0.96078 0.84314 0.69412
0.96471 0.84706 0.69804
