0.21961 0.29804 0.42745
0.21569 0.2902 0.41961
0.21569 0.29412 0.42353
0.22745 0.30588 0.43529
0.22353 0.29804 0.42745
0.21176 0.2902 0.41961
0.21961 0.29804 0.42745
0.22353 0.30196 0.43137
0.22353 0.29804 0.42745
0.22353 0.29804 0.42353
0.20784 0.2902 0.41569
0.20392 0.29412 0.41961
0.21569 0.29412 0.42353
0.22353 0.2902 0.41961
0.23529 0.29804 0.42745
0.21569 0.29804 0.41961
0.20784 0.29412 0.41569
0.21961 0.30588 0.43137
0.21176 0.2902 0.42353
0.22353 0.29804 0.42353
0.23137 0.29412 0.42353
0.21569 0.28627 0.41569
0.22745 0.28627 0.41961
0.22745 0.28627 0.41961
0.22745 0.2902 0.41961
0.23137 0.29412 0.42745
