0.23529 0.29804 0.43922
0.22353 0.28627 0.42745
0.22353 0.28627 0.42745
0.22745 0.2902 0.43137
0.23137 0.29412 0.43529
0.22353 0.28627 0.42745
0.24314 0.30588 0.43922
0.22745 0.29412 0.42745
0.21176 0.27451 0.41569
0.22353 0.28627 0.42745
0.22745 0.2902 0.43137
0.23137 0.28627 0.43137
0.24314 0.30588 0.44314
0.21961 0.2902 0.42353
0.22353 0.2902 0.42745
0.22353 0.2902 0.43137
0.21961 0.28235 0.42745
0.21961 0.27843 0.42353
0.25098 0.31373 0.4549
0.22353 0.29412 0.43529
0.21961 0.2902 0.43137
0.21569 0.28627 0.42745
0.21569 0.28627 0.42745
0.19608 0.27059 0.41176
0.25098 0.31373 0.4549
0.23137 0.29804 0.43922
0.22353 0.29412 0.43922
0.21569 0.28627 0.43137
0.21961 0.2902 0.43529
0.21569 0.28235 0.42745
0.24314 0.30196 0.44314
0.23922 0.30196 0.44706
