0.50588 0.57647 0.72941
0.5098 0.58039 0.72157
0.51373 0.57647 0.71765
0.51373 0.57255 0.7098
0.50196 0.57255 0.72157
0.50588 0.57647 0.72549
0.5098 0.58039 0.72157
0.51765 0.58039 0.72157
0.51373 0.57255 0.7098
0.50588 0.58039 0.72549
0.50588 0.58431 0.72941
0.49412 0.57647 0.72549
0.50196 0.57647 0.72549
0.5098 0.57647 0.72549
0.51373 0.58039 0.72941
0.50196 0.58039 0.72549
0.50196 0.57647 0.72549
0.49412 0.57647 0.72157
0.50588 0.58431 0.72941
0.5098 0.58431 0.73333
0.50588 0.57647 0.72549
0.49804 0.57647 0.72157
0.49804 0.58431 0.72941
0.50196 0.58039 0.72549
0.49804 0.57647 0.72157
0.50588 0.58039 0.72157
0.50588 0.57647 0.72157
0.5098 0.58039 0.72549
