0.0078431 0.16863 0.24314
0.0039216 0.16471 0.23922
0.011765 0.16863 0.24314
0.0078431 0.16863 0.23922
0.0078431 0.16863 0.23922
0.0078431 0.16863 0.23922
0.015686 0.16471 0.23922
0.019608 0.16471 0.23922
0.0078431 0.16863 0.23922
0.0078431 0.16863 0.23922
0.0078431 0.16863 0.23922
0.0078431 0.16471 0.23529
0.015686 0.16471 0.23922
0.019608 0.16471 0.23922
0.0078431 0.16863 0.23922
0.0078431 0.17255 0.24314
0.0078431 0.16863 0.23922
0.0078431 0.16863 0.23922
0.019608 0.16471 0.23922
0.019608 0.16471 0.23922
0.0078431 0.16471 0.23922
0.011765 0.17255 0.24314
0.015686 0.17255 0.24314
0.015686 0.16863 0.24314
0.023529 0.16863 0.24314
0.023529 0.16863 0.24314
0.011765 0.16471 0.23922
0.0078431 0.17255 0.24314
0.011765 0.17255 0.24314
0.015686 0.16863 0.23922
0.019608 0.16863 0.24314
0.023529 0.16863 0.24314
