0.98824 0.95294 0.86275
0.99216 0.95686 0.87059
0.99216 0.95686 0.86667
1 0.96863 0.87843
0.99608 0.96471 0.87451
0.99608 0.96471 0.87451
0.99216 0.96078 0.87059
0.99608 0.96078 0.86275
0.99608 0.95686 0.87059
0.99216 0.96863 0.87451
1 0.96863 0.87843
1 0.96471 0.87843
0.99608 0.96471 0.87451
0.99216 0.96471 0.87451
0.99216 0.96078 0.87059
0.99608 0.96078 0.87451
0.99608 0.97255 0.87843
1 0.96863 0.87843
1 0.96471 0.87451
0.99608 0.96471 0.87059
0.99608 0.96078 0.86667
0.99608 0.96078 0.86667
0.99216 0.96863 0.88235
1 0.96863 0.87843
