0.20784 0.32157 0.45098
0.22745 0.33333 0.46275
0.22745 0.33333 0.46275
0.21176 0.32157 0.45098
0.22353 0.32941 0.4549
0.23529 0.33725 0.46667
0.23137 0.33333 0.46275
0.23137 0.34118 0.47059
0.22745 0.32941 0.45882
0.23137 0.33333 0.46275
0.22353 0.32549 0.4549
0.22745 0.32941 0.45882
0.21961 0.32549 0.4549
0.23529 0.33725 0.47059
0.22745 0.32941 0.46275
0.22353 0.32549 0.45882
0.21569 0.32941 0.4549
0.21176 0.32549 0.45882
0.21569 0.32549 0.45882
0.21961 0.33333 0.45882
0.21176 0.32549 0.45882
0.21961 0.33333 0.46667
0.22745 0.34118 0.47059
