0.49412 0.55294 0.68235
0.48627 0.5451 0.67451
0.49412 0.55294 0.68235
0.48627 0.5451 0.67451
0.47843 0.53725 0.66667
0.48627 0.5451 0.66667
0.49412 0.55294 0.68235
0.48627 0.54118 0.67059
0.48627 0.53725 0.67059
0.48627 0.53725 0.66275
0.4902 0.54902 0.67843
0.4902 0.54902 0.67843
0.48627 0.53725 0.67059
0.49412 0.5451 0.67451
0.50196 0.55294 0.67843
0.49412 0.55294 0.68235
0.49412 0.55294 0.68235
0.4902 0.5451 0.67843
0.4902 0.54118 0.67451
0.49804 0.54902 0.67059
0.4902 0.54902 0.67843
0.4902 0.54902 0.67451
