0.035294 0.21176 0.38824
0.039216 0.20784 0.38431
0.031373 0.20392 0.38039
0.031373 0.21176 0.38824
0.035294 0.20784 0.38824
0.039216 0.20784 0.38824
0.039216 0.20784 0.38039
0.035294 0.20784 0.38431
0.035294 0.20392 0.38039
0.035294 0.2 0.37255
0.031373 0.21961 0.4
0.039216 0.21961 0.39608
0.035294 0.20784 0.38431
0.031373 0.2 0.37647
0.031373 0.21569 0.39608
0.039216 0.21569 0.4
0.039216 0.21176 0.39216
0.035294 0.21176 0.38824
0.035294 0.21176 0.38431
0.027451 0.20392 0.38039
0.031373 0.21569 0.39216
0.027451 0.21176 0.38431
0.019608 0.20392 0.37647
0.023529 0.20392 0.37647
0.035294 0.20392 0.38039
0.027451 0.21176 0.38431
