0.85882 0.77255 0.67451
0.85098 0.77255 0.67843
0.87059 0.79216 0.69412
0.84314 0.76471 0.66667
0.84314 0.76863 0.67451
0.8549 0.78431 0.6902
0.86667 0.78824 0.6902
0.82745 0.75294 0.65882
0.83529 0.76471 0.67059
0.8549 0.78431 0.6902
0.85882 0.78824 0.6902
0.85098 0.77255 0.67451
0.83529 0.76078 0.66275
0.8549 0.78039 0.68627
0.83529 0.75686 0.65882
0.83922 0.75686 0.66275
0.86275 0.78039 0.68627
0.8549 0.77647 0.67451
0.82745 0.74902 0.65098
0.84314 0.76078 0.66667
0.8549 0.76863 0.67843
0.83922 0.76078 0.66275
0.84706 0.76863 0.67059
