0.30196 0.62745 0.8
0.32549 0.62745 0.79216
0.32941 0.61569 0.78039
0.32157 0.61961 0.8
0.34118 0.61961 0.79216
0.35686 0.61176 0.77255
0.32549 0.62353 0.79216
0.33333 0.61569 0.79216
0.38039 0.61176 0.76078
0.33725 0.62353 0.79216
0.32941 0.61569 0.78431
0.46275 0.64706 0.76471
0.31373 0.63529 0.82353
0.3451 0.62353 0.79216
0.34902 0.61176 0.78039
0.56863 0.69804 0.77647
0.32157 0.63922 0.80784
0.33333 0.62353 0.78824
0.36471 0.61569 0.76078
0.68627 0.74902 0.78039
0.31765 0.63922 0.82353
0.32941 0.63529 0.81176
0.32941 0.61961 0.78824
0.41569 0.63137 0.74902
0.31765 0.63137 0.81176
0.33333 0.62745 0.80784
0.33333 0.61569 0.77647
0.53333 0.67843 0.76471
0.31765 0.62745 0.79608
0.32941 0.62745 0.79216
0.34902 0.61569 0.75686
0.65098 0.73725 0.77255
0.74118 0.77647 0.77255
0.8 0.79216 0.76863
