0.15294 0.24314 0.37647
0.16078 0.25098 0.38431
0.16078 0.25098 0.38431
0.16078 0.25098 0.38431
0.16863 0.25882 0.39216
0.16078 0.25098 0.38431
0.16471 0.2549 0.38824
0.16863 0.25882 0.39216
0.15686 0.24706 0.38431
0.16078 0.25098 0.38431
0.16471 0.2549 0.39216
0.15294 0.24314 0.38039
0.15294 0.24314 0.37647
0.15294 0.24314 0.37647
0.16078 0.24706 0.38824
0.16078 0.25098 0.38431
0.16078 0.25098 0.38431
0.15686 0.25098 0.38039
0.15686 0.24706 0.38039
0.15294 0.24314 0.37647
0.15294 0.24314 0.38039
0.16863 0.25882 0.39216
0.16078 0.25098 0.38431
0.14902 0.23922 0.37255
0.14902 0.23922 0.37255
