0.21176 0.30588 0.42745
0.22353 0.31765 0.43922
0.2 0.3098 0.43137
0.2 0.3098 0.43529
0.21176 0.3098 0.43137
0.22745 0.32549 0.44706
0.2 0.29804 0.41961
0.2 0.31373 0.43137
0.19216 0.30588 0.43529
0.21569 0.31373 0.43529
0.22353 0.32157 0.44314
0.20392 0.30196 0.42353
0.2 0.31373 0.43137
0.2 0.3098 0.43137
0.20784 0.3098 0.43529
0.21961 0.31765 0.44314
0.21176 0.3098 0.43137
0.20392 0.3098 0.42745
0.21176 0.31373 0.43529
0.21176 0.31373 0.43922
0.21176 0.3098 0.42353
0.20784 0.30588 0.42353
0.21569 0.31373 0.42745
0.21176 0.3098 0.43137
0.21176 0.3098 0.43922
0.21176 0.3098 0.42745
0.21569 0.31373 0.43137
0.21569 0.31373 0.43137
0.20784 0.3098 0.43529
0.21569 0.3098 0.43922
0.20392 0.3098 0.42745
0.20784 0.31765 0.43529
0.21569 0.31373 0.43529
