0.13333 0.13333 0.16863
0.12549 0.1451 0.18431
0.16078 0.15686 0.2
0.18824 0.19216 0.24314
0.17255 0.19216 0.23137
0.20784 0.21176 0.23529
0.17255 0.17647 0.21176
0.16471 0.16863 0.21961
0.23137 0.21961 0.26275
0.22745 0.23529 0.27451
0.2902 0.27843 0.30588
0.2 0.19608 0.21961
0.16863 0.17647 0.21961
0.1451 0.15294 0.19608
0.31765 0.2902 0.3098
0.17647 0.18039 0.22745
0.18824 0.19216 0.22353
0.17647 0.18824 0.21961
0.16471 0.17255 0.21569
0.14902 0.14118 0.17647
0.51373 0.47843 0.46275
0.1451 0.15294 0.19216
0.1451 0.14118 0.16471
0.68627 0.62353 0.58824
0.21961 0.21569 0.22353
0.79216 0.72157 0.66667
0.41569 0.38824 0.37255
0.63529 0.58431 0.5451
