0.87059 0.77647 0.67843
0.85098 0.7451 0.64314
0.8549 0.75294 0.65098
0.86275 0.76078 0.6549
0.85098 0.74902 0.64706
0.8549 0.75294 0.65882
0.8549 0.75294 0.6549
0.88235 0.78824 0.67843
0.86275 0.75686 0.65098
0.8549 0.75294 0.65098
0.85098 0.74902 0.65098
0.85098 0.74902 0.65098
0.8549 0.75294 0.6549
0.86667 0.75686 0.64706
0.85882 0.75294 0.64706
0.85882 0.75686 0.65098
0.85882 0.75686 0.6549
0.85098 0.74902 0.64706
0.8549 0.75294 0.64706
0.85882 0.75686 0.65098
0.85882 0.75686 0.65098
0.86275 0.76078 0.6549
0.85882 0.75686 0.65098
0.8549 0.75294 0.65098
0.86275 0.76078 0.6549
