0.96471 0.89804 0.78824
0.96078 0.89412 0.78039
0.96471 0.89804 0.78824
0.96471 0.89804 0.78431
0.95686 0.8902 0.77647
0.96078 0.89412 0.78431
0.96078 0.89412 0.78039
0.95686 0.8902 0.77255
0.96863 0.90196 0.78431
0.95686 0.8902 0.78039
0.96078 0.89412 0.77647
0.95686 0.8902 0.77255
0.96863 0.90196 0.78431
0.96863 0.90588 0.79216
0.95686 0.89804 0.78431
0.95686 0.8902 0.78039
0.95686 0.8902 0.77647
0.94902 0.88235 0.76863
0.95686 0.8902 0.77647
0.96078 0.89804 0.78431
0.95294 0.88627 0.77647
0.95686 0.8902 0.78431
0.96078 0.89412 0.78431
0.96471 0.89804 0.79216
0.96863 0.90196 0.79216
0.95686 0.8902 0.78039
