0.94118 0.86667 0.74902
0.94902 0.87451 0.75686
0.96863 0.8902 0.76863
0.96471 0.8902 0.77647
0.92941 0.8549 0.73725
0.98824 0.91765 0.8
0.97647 0.90588 0.78824
0.96078 0.88235 0.76471
0.96471 0.87451 0.76471
0.96863 0.89412 0.78039
0.98039 0.9098 0.79216
0.99608 0.92549 0.80784
0.97647 0.90588 0.78431
0.96471 0.8902 0.76863
0.95686 0.86667 0.74902
0.97647 0.90196 0.78824
0.97255 0.89804 0.78039
0.98824 0.9098 0.79216
0.96863 0.89804 0.77255
0.96863 0.8902 0.76471
0.92549 0.83529 0.71373
0.96863 0.89804 0.78039
0.96863 0.89412 0.76863
0.97647 0.89804 0.77255
0.96863 0.8902 0.76078
0.96863 0.87843 0.75686
0.87451 0.77647 0.66667
0.98039 0.89804 0.76863
0.92157 0.82745 0.70588
