0.87059 0.84314 0.78039
0.86667 0.83922 0.77647
0.86275 0.83529 0.77255
0.86667 0.83922 0.77647
0.86667 0.83922 0.77647
0.86667 0.83922 0.77647
0.86667 0.83922 0.77647
0.87059 0.84314 0.78039
0.87059 0.83529 0.77647
0.87059 0.83922 0.78039
0.86667 0.84314 0.78039
0.86667 0.84314 0.78039
0.86667 0.84314 0.78039
0.87451 0.84706 0.78431
0.87843 0.84706 0.78431
0.88235 0.84706 0.78039
0.87843 0.83922 0.78039
0.87843 0.83922 0.78039
0.87843 0.83922 0.78431
0.87843 0.84706 0.78431
0.87451 0.84706 0.78431
0.87843 0.84706 0.78431
0.88235 0.85098 0.78824
0.88235 0.84706 0.78039
0.87059 0.84314 0.78039
0.87843 0.83922 0.78431
0.88235 0.84314 0.78039
0.87843 0.84314 0.77647
0.88235 0.84314 0.77647
0.88235 0.84706 0.78039
0.88235 0.84706 0.78039
0.86667 0.83922 0.78039
0.86667 0.83922 0.77255
0.87451 0.84314 0.77255
0.87843 0.84314 0.77647
0.87451 0.83922 0.77255
0.87451 0.83922 0.77255
0.87451 0.84314 0.79216
0.87059 0.83922 0.78431
0.87059 0.83922 0.77647
0.87451 0.83922 0.77255
0.87451 0.83922 0.77255
0.87451 0.83922 0.77255
0.87059 0.83137 0.77255
0.85882 0.82353 0.75686
0.86275 0.82745 0.76078
0.87059 0.83529 0.76863
0.85882 0.82745 0.75686
0.91765 0.86667 0.80392
0.84314 0.81176 0.7451
0.81961 0.78431 0.71765
0.49412 0.4549 0.39608
0.57647 0.52157 0.43529
0.52549 0.46275 0.34902
