0.31765 0.38824 0.52157
0.33333 0.40784 0.53333
0.3451 0.42353 0.55294
0.32549 0.4 0.52941
0.32549 0.40784 0.53725
0.33333 0.41569 0.54902
0.32157 0.39608 0.52549
0.3451 0.42353 0.55294
0.32157 0.40392 0.53725
0.32549 0.40784 0.54118
0.32157 0.39608 0.52549
0.30588 0.37647 0.50588
0.34902 0.42353 0.55294
0.33725 0.40784 0.54902
0.33333 0.40784 0.5451
0.33725 0.40784 0.53725
0.30588 0.38039 0.50588
0.35294 0.42353 0.56078
0.35294 0.41961 0.55686
0.35686 0.42353 0.55294
0.32549 0.38824 0.51765
0.34902 0.41569 0.55294
0.3451 0.41176 0.54902
0.3451 0.41176 0.54118
0.32157 0.38824 0.51373
0.34118 0.41961 0.54902
0.32941 0.40392 0.53333
0.30588 0.38039 0.50588
0.31373 0.38824 0.51373
