0.90196 0.83529 0.73333
0.88235 0.81176 0.71373
0.91373 0.83529 0.73725
0.8902 0.81176 0.71373
0.90588 0.83137 0.73333
0.90196 0.83137 0.73725
0.88627 0.81569 0.72157
0.88235 0.81176 0.71765
0.91765 0.83922 0.74118
0.90196 0.81961 0.72157
0.90588 0.82745 0.73333
0.89412 0.82353 0.73333
0.89412 0.82353 0.72941
0.89804 0.82745 0.73333
0.89412 0.82745 0.72941
0.91373 0.83529 0.73725
0.9098 0.83137 0.73333
0.90196 0.82745 0.73333
0.8902 0.81961 0.72549
0.89412 0.82353 0.72941
0.89804 0.83137 0.73333
0.89412 0.82745 0.72549
0.89412 0.82745 0.72549
0.91373 0.84314 0.73333
0.90196 0.83529 0.72941
0.90196 0.83529 0.73333
0.89804 0.83137 0.72941
0.89412 0.82745 0.72941
0.89412 0.83137 0.72941
0.89412 0.83137 0.72941
0.90588 0.83137 0.72549
0.92941 0.84314 0.73725
0.90588 0.83922 0.72941
0.90588 0.83922 0.73333
0.90588 0.83529 0.73333
0.90588 0.83529 0.73333
0.9098 0.83922 0.73725
0.9098 0.83922 0.73725
0.90588 0.83922 0.73333
0.91373 0.83529 0.72549
0.9098 0.84314 0.73333
0.91765 0.8549 0.74902
0.90588 0.83529 0.73333
0.9098 0.82745 0.73333
0.90588 0.82745 0.72941
0.90588 0.82745 0.72941
0.90196 0.82353 0.71373
0.90196 0.83529 0.72549
0.90196 0.83137 0.72157
0.91765 0.84314 0.73725
0.90588 0.83137 0.72549
0.90196 0.82353 0.72157
0.89804 0.81961 0.71373
0.89804 0.81961 0.71373
0.9098 0.84314 0.73333
0.90196 0.83529 0.72549
0.9098 0.83529 0.72941
0.9098 0.83137 0.72549
0.91373 0.83529 0.72941
0.90588 0.82745 0.72157
0.90588 0.82745 0.72157
0.92157 0.8549 0.7451
0.91765 0.85098 0.74118
0.90196 0.83137 0.72549
0.90588 0.82745 0.72157
0.91765 0.83922 0.73333
0.91765 0.83922 0.73333
0.91373 0.83529 0.72941
