0.18824 0.50588 0.72157
0.18039 0.50196 0.71765
0.18824 0.50588 0.72549
0.16863 0.49804 0.71373
0.16471 0.49804 0.71373
0.16471 0.49804 0.71373
0.16078 0.49412 0.7098
0.16471 0.49804 0.71373
0.18039 0.50196 0.72549
0.17647 0.50588 0.72157
0.16863 0.5098 0.72157
0.17255 0.50588 0.72157
0.16863 0.50196 0.71765
0.16471 0.49804 0.71373
0.16471 0.49804 0.71373
0.17255 0.50196 0.72157
0.17255 0.5098 0.72157
0.17255 0.5098 0.72157
0.17255 0.50588 0.72157
0.16863 0.50196 0.71765
0.16471 0.49804 0.71373
0.16471 0.49804 0.71765
0.17647 0.5098 0.72549
0.17647 0.5098 0.72549
0.17255 0.50588 0.72157
0.17255 0.50588 0.72157
0.17255 0.50588 0.72157
0.16863 0.50196 0.71765
0.16078 0.49804 0.72157
0.16471 0.49804 0.72157
0.18039 0.51373 0.72941
0.17647 0.5098 0.72549
0.17647 0.5098 0.72549
0.17255 0.50588 0.72157
0.16078 0.49804 0.72157
0.16471 0.50588 0.72549
0.18431 0.51765 0.73333
0.18039 0.51373 0.72941
0.18039 0.51373 0.72941
0.17255 0.50588 0.72549
