0.22745 0.31765 0.48627
0.22745 0.31765 0.49412
0.22745 0.31765 0.4902
0.22745 0.31765 0.4902
0.22353 0.31373 0.48627
0.21961 0.3098 0.48235
0.22745 0.31765 0.4902
0.21961 0.31373 0.48627
0.21961 0.31373 0.48627
0.22745 0.31765 0.4902
0.21961 0.31373 0.48235
0.21569 0.3098 0.48235
0.21569 0.3098 0.48235
0.22353 0.30588 0.47843
0.23137 0.31765 0.49412
0.23137 0.32549 0.49804
0.21961 0.31765 0.4902
0.21569 0.30588 0.47843
0.21176 0.30588 0.47843
0.22353 0.3098 0.47843
0.22745 0.32157 0.49412
0.21961 0.32157 0.49412
0.22745 0.32157 0.49412
0.22745 0.31765 0.4902
0.21176 0.30196 0.47059
0.21961 0.32549 0.49412
0.21961 0.32549 0.49412
0.22353 0.32157 0.4902
0.22353 0.31373 0.48627
0.21569 0.30588 0.47843
