0.65882 0.60784 0.58039
0.65098 0.61569 0.57647
0.66667 0.61569 0.56863
0.67059 0.61961 0.58039
0.67059 0.61569 0.56078
0.65098 0.60392 0.58039
0.65098 0.61569 0.57255
0.66667 0.62353 0.57647
0.66667 0.61569 0.57255
0.66667 0.61569 0.56078
0.65098 0.61176 0.58039
0.65882 0.61569 0.57255
0.65882 0.61961 0.58039
0.66275 0.61569 0.57255
0.66667 0.61569 0.56863
0.62745 0.60392 0.58039
0.65098 0.60784 0.56863
0.6549 0.61176 0.57647
0.66667 0.61961 0.57647
0.67059 0.61961 0.57255
0.61176 0.60392 0.59216
0.64706 0.60392 0.56863
0.64706 0.60784 0.56863
0.65882 0.61176 0.56863
0.66667 0.61569 0.56863
0.67451 0.61569 0.56078
0.58039 0.59608 0.6
0.65098 0.60392 0.56471
0.65098 0.6 0.56471
0.65098 0.6 0.56078
0.65882 0.60784 0.56471
0.67843 0.61569 0.56863
0.52157 0.57255 0.6
0.63922 0.6 0.56471
0.63529 0.58824 0.55294
0.64706 0.59608 0.55686
0.66275 0.60784 0.56471
0.67451 0.61176 0.56471
0.51765 0.58824 0.63137
0.64314 0.59216 0.55294
0.64706 0.59216 0.54902
0.53333 0.60784 0.64706
0.51765 0.59216 0.62353
