0.19216 0.27843 0.38039
0.19216 0.27059 0.38039
0.19608 0.28627 0.38824
0.18824 0.27059 0.38039
0.18824 0.26667 0.35294
0.19608 0.27451 0.39216
0.18039 0.25882 0.37647
0.19608 0.28235 0.39216
0.18824 0.26667 0.38039
0.17647 0.25098 0.35294
0.20392 0.28627 0.4
0.18824 0.27059 0.38431
0.20392 0.28627 0.4
0.19216 0.27059 0.38824
0.17647 0.25098 0.36078
0.19608 0.27843 0.39216
0.18824 0.27451 0.38824
0.2 0.28235 0.39608
0.2 0.27843 0.39608
0.18824 0.26275 0.37647
0.18039 0.26275 0.37647
0.19608 0.27451 0.39216
0.2 0.27451 0.39216
0.18039 0.2549 0.37255
