0.58824 0.70588 0.82745
0.58431 0.70588 0.82745
0.58431 0.70588 0.82745
0.58039 0.70196 0.82353
0.58039 0.70196 0.82353
0.58039 0.70196 0.82353
0.58431 0.70588 0.82745
0.58431 0.70588 0.82745
0.57647 0.70196 0.82353
0.57647 0.70196 0.82353
0.58824 0.70588 0.82745
0.58824 0.7098 0.83137
0.58431 0.70588 0.82745
0.58824 0.7098 0.83137
0.58039 0.70588 0.82745
0.58039 0.70588 0.82745
0.58824 0.70588 0.83137
0.59216 0.70588 0.82745
0.58824 0.7098 0.83137
0.58824 0.7098 0.83137
0.58431 0.70588 0.82745
0.58039 0.70196 0.82353
0.58824 0.71373 0.83529
0.58431 0.70588 0.82745
0.58824 0.7098 0.83137
0.57647 0.70196 0.82353
0.58431 0.7098 0.83137
