0.023529 0.086275 0.18039
0.023529 0.098039 0.19608
0.11765 0.16078 0.24314
0.047059 0.11373 0.20784
0.047059 0.094118 0.17647
0.090196 0.15294 0.24706
0.035294 0.11765 0.18824
0.019608 0.10588 0.20392
0.066667 0.15294 0.24314
0.031373 0.098039 0.16863
0.039216 0.1098 0.19608
0.039216 0.1098 0.18824
0.019608 0.11765 0.21569
0.054902 0.16078 0.24314
0.035294 0.11373 0.18039
0.054902 0.12157 0.21176
0.054902 0.12157 0.19608
0.0039216 0.10588 0.19216
0.047059 0.13725 0.22745
0.05098 0.12549 0.19608
0.07451 0.14118 0.22353
0.062745 0.12157 0.18039
0.066667 0.12549 0.21176
