0.53333 0.62745 0.73725
0.53333 0.62745 0.73725
0.52941 0.62353 0.73333
0.53725 0.63137 0.74118
0.53725 0.63137 0.74118
0.53333 0.62745 0.73725
0.53333 0.62353 0.73725
0.52941 0.62353 0.73333
0.52941 0.62353 0.73333
0.53333 0.62745 0.73725
0.52941 0.62353 0.73333
0.52549 0.61961 0.72941
0.53725 0.62745 0.74118
0.52549 0.61961 0.72941
0.52549 0.61961 0.72941
0.52549 0.61961 0.72941
0.52941 0.62745 0.73333
0.53333 0.62745 0.73725
0.52941 0.62353 0.73333
0.52941 0.62353 0.73333
0.52941 0.62353 0.73333
0.53333 0.62745 0.73725
0.53333 0.62745 0.73725
0.53333 0.62745 0.73725
0.53333 0.62745 0.73725
