0.22353 0.57647 0.79608
0.22353 0.57255 0.79216
0.22353 0.57255 0.78039
0.23529 0.58824 0.80784
0.22745 0.57647 0.79608
0.21961 0.57255 0.78039
0.21961 0.56863 0.77647
0.23137 0.56863 0.78039
0.23922 0.56863 0.78039
0.24706 0.57255 0.77647
0.24314 0.59608 0.81176
0.22745 0.58039 0.79216
0.23529 0.58039 0.79216
0.23137 0.57255 0.78039
0.23529 0.57255 0.78431
0.23529 0.56863 0.78039
0.24706 0.57255 0.78431
0.25098 0.57647 0.78824
0.24706 0.57647 0.78431
0.23922 0.58039 0.79216
0.24314 0.58039 0.79216
0.24706 0.58039 0.79216
0.24706 0.57647 0.78824
