0.46275 0.56863 0.73725
0.45882 0.56471 0.73333
0.4549 0.56078 0.72941
0.46275 0.56863 0.73725
0.45882 0.56471 0.73333
0.46667 0.57255 0.74118
0.45882 0.57255 0.7451
0.45882 0.57255 0.74118
0.46275 0.56863 0.74118
0.45882 0.56471 0.73333
0.46275 0.56863 0.73725
0.46275 0.56863 0.74118
0.46275 0.57255 0.74118
0.45882 0.56471 0.73725
0.46275 0.56863 0.73725
0.46667 0.57255 0.74118
0.47059 0.57647 0.74118
0.46275 0.56863 0.7451
0.46667 0.57255 0.7451
0.46667 0.57255 0.74118
0.46275 0.56863 0.73725
0.46667 0.57255 0.73725
0.46275 0.56863 0.74118
0.46667 0.57255 0.7451
0.46667 0.57255 0.74118
0.46275 0.56863 0.73725
0.46667 0.57255 0.74118
