0.21961 0.56471 0.77647
0.21569 0.56863 0.78039
0.23137 0.57647 0.78824
0.21961 0.57255 0.77647
0.21176 0.56863 0.78039
0.21176 0.56863 0.78431
0.2 0.55294 0.77255
0.22745 0.57255 0.79216
0.23137 0.57647 0.78824
0.22745 0.58039 0.79216
0.21961 0.57647 0.79216
0.21176 0.56863 0.79216
0.20392 0.55686 0.77647
0.21961 0.57647 0.79216
0.23529 0.58039 0.79608
0.23922 0.58824 0.80784
0.22353 0.57647 0.8
0.20784 0.56471 0.78824
0.21176 0.56863 0.78824
0.20392 0.56471 0.78039
0.21569 0.58039 0.78824
0.23529 0.59216 0.80784
0.22353 0.58039 0.8
0.21569 0.57255 0.79216
0.2 0.56471 0.79216
0.2 0.55686 0.79608
0.20392 0.56471 0.78824
