0.43137 0.41569 0.40784
0.43137 0.41569 0.41176
0.42353 0.40784 0.40784
0.42353 0.40784 0.40392
0.42745 0.41176 0.41176
0.45098 0.43922 0.44314
0.44314 0.43137 0.43529
0.44314 0.43137 0.43529
0.44314 0.42745 0.43529
0.43529 0.42353 0.43529
0.42353 0.40784 0.42745
0.44706 0.43922 0.45098
0.44706 0.43922 0.45098
0.45098 0.44314 0.45882
0.43922 0.43137 0.45098
0.42745 0.41569 0.44314
0.46275 0.45882 0.47059
0.45882 0.45882 0.46667
0.44706 0.45098 0.46275
0.44314 0.44314 0.46275
0.38039 0.38431 0.39216
0.45098 0.4549 0.46667
0.44706 0.45098 0.46667
0.25882 0.25882 0.27451
0.39608 0.39608 0.41569
