0.54902 0.61176 0.71373
0.5451 0.61176 0.71373
0.5451 0.61176 0.71373
0.54902 0.61961 0.72157
0.5451 0.61176 0.71373
0.54902 0.61569 0.71765
0.5451 0.61176 0.71373
0.55294 0.61961 0.72157
0.54902 0.61569 0.71373
0.54902 0.61569 0.71765
0.54902 0.61569 0.71765
0.5451 0.61176 0.71373
0.5451 0.60784 0.7098
0.54902 0.61569 0.71765
0.54902 0.61569 0.71765
0.54902 0.61569 0.71765
0.5451 0.61176 0.71373
0.5451 0.61176 0.71373
0.54118 0.60392 0.70588
0.54902 0.61961 0.72157
0.54902 0.61961 0.72157
0.5451 0.61569 0.71765
0.54118 0.60784 0.7098
0.53333 0.6 0.70196
0.5451 0.61176 0.71373
0.54118 0.61176 0.7098
0.54118 0.60784 0.7098
0.54902 0.61569 0.71765
0.5451 0.61176 0.71373
0.54118 0.61176 0.71373
