0.34902 0.62353 0.80784
0.34118 0.62745 0.80392
0.32941 0.61176 0.78824
0.36078 0.62745 0.81176
0.36078 0.62745 0.81176
0.34902 0.62353 0.80392
0.33725 0.61961 0.8
0.34118 0.62353 0.80392
0.33333 0.61569 0.79608
0.35686 0.62745 0.81176
0.3451 0.62353 0.80392
0.34118 0.62353 0.80392
0.3451 0.62745 0.80392
0.33333 0.61961 0.79608
0.32941 0.61961 0.80392
0.35294 0.63137 0.81176
0.34902 0.62745 0.80784
0.34118 0.62353 0.8
0.33333 0.61961 0.79608
0.35686 0.63529 0.81569
0.35294 0.63137 0.81176
0.3451 0.63137 0.80784
0.35294 0.63137 0.81176
0.34118 0.62745 0.80392
0.32549 0.61569 0.79216
