0.4902 0.58431 0.73725
0.49804 0.58431 0.73725
0.4902 0.58039 0.72941
0.48235 0.57647 0.72549
0.4902 0.58431 0.73333
0.49412 0.58431 0.73333
0.49804 0.59216 0.74118
0.48627 0.58431 0.72941
0.48627 0.58039 0.73333
0.48627 0.58824 0.73333
0.48235 0.58824 0.73333
0.48235 0.58824 0.72941
0.48235 0.57647 0.72549
0.47843 0.58039 0.72549
0.48627 0.58431 0.73333
0.49412 0.58039 0.73333
0.49412 0.58039 0.73333
0.48627 0.58039 0.72941
0.49412 0.58431 0.73333
0.4902 0.57647 0.72941
0.49804 0.58039 0.73333
0.48235 0.57647 0.72549
0.49412 0.58824 0.73725
0.4902 0.58431 0.73333
