0.16863 0.25882 0.38039
0.18824 0.27843 0.4
0.18824 0.27843 0.4
0.18431 0.28235 0.4
0.18431 0.27843 0.39608
0.20392 0.29412 0.40392
0.21176 0.29412 0.40784
0.20392 0.28627 0.4
0.18431 0.27843 0.39608
0.18039 0.27059 0.39216
0.18824 0.28235 0.4
0.18431 0.28235 0.4
0.17647 0.27451 0.39216
0.20784 0.29804 0.41176
0.20392 0.28627 0.40392
0.20784 0.2902 0.40392
0.18039 0.26275 0.37647
0.17647 0.27451 0.39216
0.18039 0.27843 0.39608
0.18824 0.28627 0.40392
0.18431 0.27451 0.39608
0.18039 0.26667 0.39216
0.20784 0.2902 0.41176
0.20392 0.28627 0.40784
0.19216 0.27451 0.39216
0.22353 0.30588 0.41961
0.18824 0.28235 0.4
0.20784 0.29412 0.41569
0.19608 0.28627 0.40784
0.19608 0.28627 0.40784
0.2 0.28235 0.40392
0.20784 0.2902 0.41176
0.2 0.28235 0.40392
0.18824 0.27843 0.4
0.21176 0.2902 0.41176
0.2 0.28627 0.40784
0.19216 0.28235 0.4
0.18431 0.27059 0.38824
0.2 0.28627 0.40392
0.2 0.28235 0.40392
0.2 0.29412 0.40784
0.19216 0.28627 0.39608
0.19216 0.28627 0.39608
0.18039 0.27451 0.38431
0.19216 0.27451 0.38824
