0.1098 0.16863 0.28235
0.11765 0.17647 0.29412
0.11765 0.17647 0.2902
0.11373 0.17255 0.28627
0.11373 0.17255 0.28235
0.11373 0.17255 0.2902
0.11373 0.17255 0.2902
0.11373 0.17255 0.28627
0.11765 0.17647 0.2902
0.1098 0.16471 0.27843
0.11765 0.17647 0.28235
0.098039 0.16863 0.27843
0.10196 0.16863 0.27843
0.10588 0.17255 0.28235
0.1098 0.16863 0.28235
0.11765 0.17255 0.28627
0.11765 0.17255 0.28627
0.11765 0.18039 0.27843
0.10196 0.16471 0.27843
0.10588 0.17255 0.28235
0.1098 0.17255 0.28627
0.11373 0.17255 0.28627
0.12157 0.18039 0.29412
0.12157 0.17647 0.28627
0.11765 0.17255 0.27843
0.10196 0.16078 0.27843
0.11373 0.17255 0.28627
0.11765 0.17255 0.28627
0.11765 0.17255 0.28627
0.1098 0.16863 0.28235
0.12157 0.17647 0.2902
0.1098 0.16471 0.27843
0.10196 0.15686 0.26275
0.11765 0.17647 0.2902
0.12157 0.18039 0.29412
0.12157 0.18039 0.29412
0.11373 0.17255 0.28627
0.11373 0.16863 0.28235
