0.11373 0.14902 0.15686
0.12157 0.14902 0.16863
0.1098 0.12157 0.14118
0.10588 0.13725 0.13725
0.10196 0.13333 0.14118
0.098039 0.13725 0.14118
0.090196 0.13725 0.1451
0.10196 0.12941 0.14118
0.098039 0.13333 0.14118
0.10196 0.13333 0.14118
0.10196 0.14118 0.1451
0.094118 0.13725 0.15294
0.094118 0.13725 0.14902
0.10196 0.13333 0.1451
0.094118 0.13725 0.14118
0.098039 0.13725 0.14902
0.094118 0.13725 0.1451
0.098039 0.14118 0.15294
0.086275 0.1451 0.15294
0.098039 0.13333 0.1451
0.10196 0.13725 0.1451
0.094118 0.14118 0.15294
0.086275 0.14118 0.15294
0.098039 0.13725 0.15686
