0.35294 0.33333 0.19216
0.36863 0.3451 0.20784
0.37255 0.3451 0.20392
0.37647 0.3451 0.2
0.36863 0.3451 0.2
0.38039 0.35686 0.21176
0.38824 0.35294 0.20784
0.38039 0.3451 0.2
0.38824 0.35294 0.19608
0.37647 0.3451 0.21176
0.38039 0.35686 0.20784
0.36863 0.3451 0.20392
0.38824 0.35294 0.20784
0.38824 0.35294 0.2
0.37647 0.3451 0.18431
0.38039 0.3451 0.18431
0.36471 0.32549 0.19216
0.36863 0.3451 0.20392
0.38431 0.35686 0.23529
0.39608 0.37255 0.2
0.34118 0.34118 0.17647
0.35294 0.33725 0.19216
0.36471 0.35294 0.2
