0.61569 0.43529 0.34118
0.56863 0.38824 0.27451
0.54902 0.36863 0.25882
0.59608 0.42353 0.31765
0.58039 0.40392 0.29412
0.57255 0.38431 0.27451
0.56078 0.37647 0.27843
0.58824 0.41961 0.32157
0.54118 0.38039 0.28235
0.5451 0.39216 0.29412
0.58039 0.40784 0.31765
0.58431 0.4 0.31373
0.56863 0.38431 0.29412
0.58039 0.38824 0.30196
0.56863 0.40392 0.31765
0.56078 0.39216 0.30196
0.55294 0.38039 0.29804
0.56078 0.38039 0.30196
0.56078 0.38824 0.29804
0.56078 0.41569 0.33725
0.56863 0.4 0.31765
0.58039 0.39216 0.29804
0.56863 0.38824 0.29804
0.54902 0.37255 0.28235
0.55686 0.4 0.30588
0.56863 0.41176 0.33333
0.57255 0.40392 0.31765
0.57255 0.38431 0.29412
0.57647 0.4 0.31373
0.55686 0.38824 0.29412
0.56471 0.4 0.30588
0.56471 0.41569 0.34902
0.56078 0.40392 0.31373
0.54902 0.37255 0.27843
0.57255 0.39216 0.30196
0.56471 0.38431 0.29412
