0.17647 0.25098 0.4
0.17647 0.25098 0.4
0.18431 0.2549 0.40392
0.18431 0.25882 0.41176
0.17255 0.24706 0.40392
0.18431 0.2549 0.41176
0.18039 0.25098 0.40784
0.17647 0.25098 0.40784
0.16863 0.24314 0.4
0.16471 0.23922 0.39608
0.18039 0.2549 0.41176
0.17647 0.25098 0.40784
0.17255 0.25098 0.4
0.16863 0.24706 0.39608
0.17255 0.24706 0.40392
0.16863 0.24314 0.4
0.16471 0.24706 0.39608
0.15686 0.23922 0.39216
0.16863 0.25098 0.40784
0.16471 0.24706 0.39608
0.16471 0.24706 0.4
0.16471 0.25098 0.40392
0.18431 0.26275 0.41569
0.18039 0.25882 0.41569
0.17647 0.2549 0.41176
