0.96078 0.84314 0.69412
0.95686 0.83922 0.6902
0.94902 0.83137 0.68235
0.9451 0.82745 0.67843
0.95686 0.83922 0.6902
0.96078 0.83922 0.6902
0.95686 0.83922 0.6902
0.96471 0.84706 0.69804
0.96471 0.84706 0.69804
0.96078 0.84314 0.69412
0.95686 0.83922 0.6902
0.95686 0.83922 0.68627
0.9451 0.82745 0.67843
0.95294 0.83529 0.68627
0.96078 0.84314 0.69412
0.96863 0.85098 0.70196
0.95686 0.83922 0.6902
0.95686 0.83922 0.6902
0.94902 0.83137 0.68235
0.9451 0.82745 0.67843
0.94902 0.83137 0.68235
0.96078 0.84314 0.69412
0.96078 0.84314 0.69412
0.95294 0.83529 0.68627
0.95686 0.83922 0.6902
0.95686 0.83922 0.6902
0.96078 0.84314 0.69412
0.96471 0.84706 0.69804
0.96078 0.84314 0.69412
0.95686 0.83529 0.6902
0.95686 0.83922 0.6902
0.95686 0.83922 0.6902
0.95294 0.83529 0.68627
0.95686 0.83922 0.6902
0.95686 0.83922 0.6902
0.95686 0.83922 0.6902
0.95686 0.83922 0.6902
0.95686 0.83922 0.6902
