0.30196 0.29804 0.19608
0.22745 0.22353 0.12941
0.26275 0.2902 0.15686
0.33725 0.32157 0.21569
0.3451 0.33725 0.22353
0.23922 0.24314 0.12941
0.2549 0.24706 0.12157
0.4 0.38824 0.27059
0.32549 0.31373 0.19608
0.26667 0.27843 0.17255
0.25882 0.26667 0.15294
0.28235 0.2902 0.16863
0.2 0.20392 0.090196
0.33333 0.35294 0.23922
0.27059 0.29412 0.16863
0.2549 0.28235 0.1451
0.29804 0.3098 0.19216
0.35686 0.36863 0.25098
0.24314 0.2549 0.13725
0.25882 0.27451 0.16078
0.31373 0.3451 0.22745
0.29804 0.30588 0.18431
0.2902 0.30588 0.18431
0.31765 0.32941 0.21176
