0.48627 0.54902 0.67451
0.48627 0.54902 0.67843
0.47843 0.54902 0.67451
0.4902 0.55294 0.67843
0.4902 0.55686 0.68235
0.48235 0.55294 0.67843
0.47451 0.54902 0.67451
0.48235 0.55294 0.67843
0.48627 0.55294 0.67451
0.47843 0.54902 0.66667
0.47451 0.55294 0.66667
0.46275 0.54118 0.66275
0.48627 0.56078 0.68627
0.48235 0.55686 0.68235
0.48627 0.56471 0.68235
0.47451 0.56078 0.67843
0.47059 0.54902 0.67451
0.47843 0.55294 0.67843
0.48627 0.56078 0.68627
0.48235 0.56078 0.68235
0.46667 0.54118 0.66667
0.47451 0.54902 0.67451
0.47843 0.55294 0.67843
0.48235 0.55686 0.68235
0.46667 0.54118 0.66667
