0.14902 0.15294 0.16078
0.090196 0.098039 0.090196
0.1098 0.11373 0.11765
0.21176 0.21569 0.22745
0.1098 0.11765 0.098039
0.098039 0.10588 0.098039
0.10588 0.1098 0.11765
0.12549 0.12941 0.1098
0.12157 0.12549 0.11373
0.098039 0.098039 0.10196
0.17255 0.17647 0.19216
0.12549 0.13333 0.1098
0.12157 0.12549 0.1098
0.10196 0.10588 0.10196
0.21569 0.21961 0.23137
0.12941 0.13333 0.11373
0.11765 0.11765 0.10196
0.13725 0.13725 0.13333
0.15686 0.14118 0.12549
0.24706 0.22745 0.21961
0.55686 0.52157 0.51765
0.55294 0.51765 0.51373
0.54118 0.5098 0.50196
0.53333 0.5098 0.50196
