0.9098 0.83529 0.71765
0.91373 0.83922 0.72157
0.92157 0.84706 0.72941
0.92157 0.84706 0.72941
0.91765 0.84314 0.72549
0.91373 0.83922 0.71765
0.91373 0.84706 0.73725
0.92157 0.85098 0.74118
0.91765 0.84706 0.73333
0.92157 0.84706 0.72549
0.92549 0.85098 0.73333
0.92157 0.84706 0.72941
0.91373 0.83922 0.72549
0.90196 0.83137 0.72549
0.91765 0.84706 0.75294
0.91765 0.85098 0.74118
0.92549 0.85882 0.75294
0.92549 0.8549 0.7451
0.91765 0.84314 0.72549
0.92549 0.85098 0.73333
0.92157 0.84706 0.72941
0.92157 0.84314 0.73333
0.91765 0.84314 0.74118
0.82745 0.76471 0.6902
0.92941 0.86275 0.75294
0.92157 0.8549 0.74118
0.9098 0.83529 0.71765
0.91765 0.84314 0.72549
0.91765 0.84706 0.72549
0.91765 0.85098 0.74118
0.93333 0.8549 0.75686
0.67059 0.61961 0.56471
0.91373 0.83922 0.72549
0.92549 0.85098 0.72941
0.91373 0.84314 0.73333
0.9098 0.84706 0.73725
0.9098 0.83529 0.73725
0.51373 0.48235 0.46667
0.92157 0.84314 0.73333
0.92157 0.84706 0.72549
0.81176 0.74902 0.67451
0.65882 0.60392 0.56078
0.51373 0.46275 0.44314
