0.56078 0.63922 0.72941
0.55686 0.63529 0.72941
0.55686 0.63529 0.72941
0.55686 0.63529 0.72549
0.56078 0.63922 0.72941
0.55686 0.63529 0.72941
0.55294 0.63137 0.72549
0.55686 0.63529 0.72941
0.55686 0.63922 0.72941
0.56078 0.63922 0.73333
0.55686 0.63529 0.72941
0.55686 0.63529 0.72941
0.55686 0.63529 0.72941
0.55686 0.63529 0.72941
0.55686 0.63529 0.72941
0.56078 0.63922 0.73333
0.56078 0.63922 0.73333
0.55686 0.63529 0.72941
0.56471 0.63529 0.72549
0.56078 0.63922 0.73333
0.55686 0.63529 0.72941
0.55686 0.63529 0.72941
0.55686 0.63529 0.72941
0.55686 0.63529 0.72941
0.55686 0.63529 0.72941
0.56078 0.63137 0.72157
0.56078 0.63922 0.73333
0.56078 0.63922 0.73333
0.55686 0.63529 0.72941
0.55294 0.63137 0.72549
0.56078 0.63922 0.73333
0.55686 0.63922 0.73333
0.56078 0.63922 0.73333
0.56078 0.63529 0.72941
0.56078 0.63529 0.72941
0.56078 0.63922 0.73333
0.55686 0.63137 0.72549
