0.38039 0.33333 0.21961
0.36471 0.32157 0.20784
0.34902 0.31765 0.19216
0.33333 0.29804 0.17647
0.33333 0.31765 0.19608
0.36471 0.32549 0.19608
0.35686 0.31373 0.19216
0.33333 0.3098 0.18039
0.32549 0.30588 0.16863
0.34118 0.32157 0.19608
0.34902 0.32549 0.19216
0.34902 0.32157 0.18824
0.33333 0.31373 0.17647
0.32549 0.3098 0.16863
0.33333 0.3098 0.18431
0.33333 0.33333 0.20392
0.34902 0.33725 0.19608
0.34902 0.33725 0.2
0.3451 0.32157 0.18039
0.34118 0.31765 0.18431
0.34902 0.32157 0.19608
0.32157 0.3098 0.18039
0.33725 0.32549 0.18824
0.3451 0.32941 0.19216
0.3451 0.32941 0.18824
0.3451 0.32157 0.17647
0.35686 0.34118 0.20392
0.32549 0.3098 0.16863
0.33725 0.32157 0.18824
0.34902 0.32941 0.2
0.35686 0.33333 0.19216
0.36078 0.32549 0.18824
