0.2549 0.29804 0.43922
0.2549 0.29804 0.44314
0.23137 0.27843 0.42353
0.23137 0.27843 0.42745
0.26667 0.29804 0.44706
0.25098 0.29412 0.44314
0.22745 0.27451 0.42353
0.23529 0.28235 0.43137
0.24706 0.29412 0.43922
0.25882 0.29412 0.44314
0.24314 0.28235 0.43529
0.22745 0.27451 0.42353
0.23922 0.28627 0.43529
0.24706 0.29412 0.43922
0.2549 0.30196 0.44706
0.23922 0.2902 0.43922
0.23137 0.28235 0.42745
0.25098 0.29804 0.44706
0.24314 0.29412 0.43922
0.23529 0.28235 0.42745
0.23922 0.2902 0.43137
0.23922 0.29412 0.43922
0.23922 0.29412 0.43922
0.23137 0.28235 0.43137
0.2549 0.29804 0.44706
0.23922 0.27451 0.42745
0.26667 0.3098 0.45098
0.23922 0.29412 0.43529
0.23529 0.2902 0.43529
0.23922 0.29412 0.43922
0.25098 0.29804 0.44706
0.2549 0.29804 0.44706
0.26275 0.29412 0.44706
0.23137 0.2902 0.43529
0.23137 0.28627 0.43137
0.2549 0.30588 0.45098
0.26275 0.30588 0.4549
