0.19216 0.3098 0.44314
0.19608 0.31373 0.44706
0.19216 0.30588 0.43922
0.2 0.31765 0.45098
0.19216 0.30588 0.43922
0.20392 0.31765 0.45098
0.2 0.31373 0.44706
0.19608 0.3098 0.44314
0.2 0.31765 0.45098
0.2 0.31373 0.44706
0.20392 0.31765 0.45098
0.19216 0.30588 0.43922
0.19608 0.31373 0.44706
0.19608 0.31373 0.44706
0.2 0.31373 0.44706
0.19608 0.3098 0.44314
0.2 0.31765 0.45098
0.2 0.31765 0.45098
0.2 0.31373 0.44706
0.2 0.31373 0.44706
0.20392 0.31765 0.45098
0.19608 0.3098 0.44314
0.19608 0.3098 0.44314
0.20392 0.31765 0.45098
0.2 0.31373 0.44706
0.19216 0.30588 0.43922
0.19216 0.30588 0.43922
0.2 0.31373 0.44706
0.2 0.31373 0.44706
0.19608 0.3098 0.44314
0.19216 0.30588 0.43922
0.2 0.31373 0.44706
0.2 0.31373 0.44706
0.19608 0.3098 0.44314
0.2 0.31373 0.44706
0.2 0.31373 0.44706
