0.98824 0.94902 0.87059
0.99216 0.94902 0.87451
0.99608 0.95294 0.87451
0.99216 0.94902 0.87059
0.98824 0.94902 0.87059
0.99608 0.94902 0.87059
1 0.95686 0.87843
0.99216 0.94902 0.87059
0.99216 0.94902 0.87059
0.99608 0.95686 0.87843
1 0.95686 0.87843
0.99608 0.94902 0.86275
1 0.96078 0.87451
0.99216 0.94902 0.87059
0.99216 0.94902 0.87059
0.99608 0.95294 0.87451
1 0.95686 0.87843
0.99216 0.95294 0.87059
1 0.95294 0.87843
1 0.95686 0.87843
0.99608 0.96078 0.87451
0.98431 0.95294 0.8549
1 0.96078 0.87059
0.99216 0.94902 0.87059
1 0.95686 0.87451
