0.24706 0.36471 0.49412
0.23922 0.35686 0.48627
0.25098 0.36863 0.49804
0.24706 0.36471 0.49804
0.24706 0.36471 0.4902
0.23922 0.35686 0.48627
0.23529 0.35686 0.4902
0.22353 0.35294 0.48235
0.23922 0.36078 0.4902
0.24706 0.36471 0.49412
0.24314 0.36078 0.4902
0.25098 0.36863 0.50196
0.21961 0.3451 0.47451
0.23137 0.35294 0.48627
0.2549 0.36863 0.50196
0.24706 0.36471 0.49804
0.24314 0.36078 0.49412
0.24314 0.36078 0.49412
0.2549 0.36471 0.50588
0.24706 0.35686 0.50196
0.2549 0.36471 0.50588
0.24706 0.36471 0.49412
0.24314 0.35686 0.4902
