0.21961 0.33333 0.46275
0.22353 0.33725 0.45882
0.21961 0.33333 0.45882
0.21961 0.33333 0.45882
0.22745 0.34118 0.47451
0.20392 0.31765 0.44706
0.22745 0.34118 0.46667
0.23529 0.34902 0.47451
0.21569 0.32941 0.45882
0.23922 0.35294 0.48627
0.21569 0.32941 0.4549
0.23137 0.34902 0.47451
0.22353 0.33725 0.46275
0.23529 0.3451 0.47451
0.21961 0.33333 0.45882
0.22745 0.34118 0.47451
0.23137 0.3451 0.48235
0.22745 0.33725 0.46667
0.22353 0.33333 0.46275
0.23137 0.33725 0.46667
0.22745 0.34118 0.46667
0.23529 0.34902 0.47451
0.22745 0.33725 0.46667
