0.5451 0.49804 0.49412
0.45098 0.40784 0.40392
0.50196 0.47843 0.46667
0.50588 0.4549 0.46275
0.45882 0.41176 0.41569
0.49804 0.4549 0.45098
0.51765 0.47451 0.46667
0.49412 0.44314 0.44706
0.50196 0.44706 0.46275
0.50196 0.46275 0.43529
0.50196 0.45882 0.44706
0.50588 0.46275 0.45098
0.50588 0.46275 0.45882
0.46275 0.41961 0.41961
0.52549 0.48627 0.44706
0.54118 0.49804 0.48235
0.4902 0.44706 0.43137
0.4549 0.40784 0.39608
0.43529 0.39608 0.39608
0.55686 0.51765 0.50196
0.49804 0.4549 0.44314
0.47451 0.43529 0.41569
0.47059 0.42745 0.41569
