0.9451 0.88627 0.78431
0.94118 0.88235 0.78039
0.9451 0.88627 0.79608
0.94118 0.88627 0.78824
0.93333 0.87059 0.76863
0.94118 0.88627 0.78431
0.9451 0.88627 0.79608
0.9451 0.88627 0.79216
0.94118 0.87843 0.78039
0.9451 0.8902 0.78824
0.9451 0.88627 0.79608
0.9451 0.88627 0.79216
0.93725 0.87843 0.76863
0.94118 0.88235 0.78039
0.9451 0.8902 0.78824
0.9451 0.8902 0.79216
0.94902 0.89412 0.79608
0.92549 0.87059 0.76078
0.92941 0.87451 0.77255
0.93725 0.88235 0.78039
0.9451 0.8902 0.78824
0.94902 0.89412 0.79216
0.93333 0.88235 0.77647
0.94118 0.88627 0.78431
0.94902 0.89412 0.78824
0.94902 0.89412 0.78824
0.93725 0.88235 0.77255
0.93725 0.88235 0.78039
0.9451 0.8902 0.78431
0.9451 0.8902 0.78431
0.94902 0.89412 0.78824
0.93725 0.88627 0.77647
0.93725 0.88235 0.77647
0.9451 0.8902 0.78431
0.94118 0.88627 0.78039
0.94118 0.88627 0.78039
0.94902 0.89412 0.78824
0.94902 0.89412 0.78824
0.94118 0.88627 0.78431
