0.27059 0.39216 0.53725
0.26275 0.38824 0.53725
0.26275 0.38431 0.53725
0.2902 0.40784 0.56863
0.25882 0.37647 0.53333
0.29412 0.41176 0.57255
0.29412 0.42353 0.58039
0.26667 0.38039 0.53333
0.2902 0.40392 0.56078
0.29804 0.41961 0.58039
0.29804 0.42353 0.58039
0.28627 0.41176 0.56471
0.26667 0.38039 0.52941
0.28235 0.39608 0.55294
0.29412 0.41961 0.58039
0.3098 0.43529 0.58824
0.28235 0.40784 0.56078
0.26667 0.38039 0.53333
0.28627 0.40392 0.56078
0.29804 0.42353 0.58039
0.3098 0.43529 0.58824
