0.17647 0.27843 0.42353
0.18431 0.27843 0.42745
0.17647 0.27451 0.42353
0.18431 0.27843 0.42745
0.18431 0.28235 0.43137
0.17647 0.27843 0.42353
0.18039 0.27843 0.42745
0.17647 0.27059 0.41961
0.18039 0.27451 0.42353
0.18431 0.27843 0.42745
0.18824 0.28235 0.43137
0.18431 0.27843 0.42745
0.19216 0.28627 0.43529
0.17255 0.27451 0.41961
0.18039 0.27451 0.42353
0.18431 0.27843 0.42745
0.18431 0.27843 0.42745
0.18824 0.28235 0.43137
0.18824 0.28235 0.43137
0.19216 0.28627 0.43529
0.17647 0.27451 0.42353
0.18824 0.28235 0.43137
0.18039 0.27451 0.42353
0.18431 0.27843 0.42745
0.19216 0.28627 0.43529
0.18824 0.28235 0.43137
0.16471 0.27059 0.41569
0.18824 0.28627 0.43137
0.18431 0.27843 0.42745
0.19216 0.28627 0.43529
0.19216 0.28627 0.43529
0.18824 0.28235 0.43137
0.18824 0.28627 0.43529
0.18824 0.28235 0.43137
0.18824 0.28235 0.43137
0.18824 0.28235 0.43137
0.18039 0.27843 0.42353
0.18824 0.28235 0.43137
