0.015686 0.17647 0.34902
0.011765 0.17255 0.3451
0.015686 0.17647 0.34902
0.019608 0.18039 0.35294
0.019608 0.18039 0.35294
0.019608 0.18039 0.35294
0.015686 0.18431 0.35294
0.015686 0.18039 0.34902
0.019608 0.18039 0.34902
0.011765 0.17255 0.3451
0.019608 0.17647 0.35294
0.015686 0.18039 0.34902
0.015686 0.18431 0.35294
0.0078431 0.17647 0.3451
0.011765 0.17647 0.3451
0.019608 0.18039 0.35294
0.027451 0.18824 0.36471
0.019608 0.18039 0.34902
0.015686 0.17647 0.34902
0.015686 0.18039 0.34902
0.0078431 0.17647 0.3451
0.011765 0.18039 0.34902
0.019608 0.18431 0.35686
0.019608 0.18039 0.35294
0.015686 0.17647 0.35686
0.015686 0.17647 0.34902
0.023529 0.18431 0.35686
0.019608 0.18039 0.35294
0.019608 0.18431 0.35686
0.019608 0.18431 0.35294
0.019608 0.18431 0.35686
0.015686 0.17647 0.34902
0.023529 0.18431 0.35686
0.023529 0.18431 0.35686
0.015686 0.17647 0.34902
0.015686 0.17647 0.34902
0.015686 0.17647 0.34902
0.015686 0.17647 0.34902
0.019608 0.18039 0.35294
0.019608 0.18039 0.35294
0.019608 0.17647 0.34902
0.015686 0.17647 0.34902
0.023529 0.18431 0.35686
0.019608 0.18039 0.35294
0.015686 0.17647 0.34902
0.011765 0.17255 0.3451
0.019608 0.18039 0.35294
0.019608 0.18039 0.35294
0.019608 0.18039 0.35294
0.015686 0.17647 0.34902
0.015686 0.17647 0.34902
