0.8902 0.83137 0.76078
0.8902 0.82353 0.75294
0.8902 0.82745 0.75686
0.88235 0.81569 0.7451
0.87843 0.80784 0.74118
0.8902 0.82353 0.75294
0.88235 0.81176 0.74118
0.88235 0.80784 0.72941
0.88627 0.80784 0.72941
0.88235 0.81176 0.73333
0.88235 0.81961 0.73333
0.88627 0.82353 0.74902
0.89804 0.83137 0.75686
0.87843 0.80784 0.72941
0.8902 0.81176 0.72941
0.88235 0.80392 0.72157
0.86667 0.79608 0.71765
0.87451 0.81176 0.72157
0.89804 0.83922 0.7451
0.90588 0.84314 0.76471
0.89804 0.83137 0.75294
0.88627 0.81569 0.73333
0.8902 0.81176 0.72157
0.87451 0.8 0.7098
0.86275 0.79216 0.70588
0.89412 0.83137 0.7451
0.8902 0.82745 0.73725
0.87451 0.80392 0.71765
0.88627 0.81961 0.73333
0.88235 0.81176 0.72549
