0.78431 0.75294 0.71373
0.72549 0.69412 0.65882
0.7451 0.71373 0.67843
0.75294 0.72549 0.69412
0.72549 0.69804 0.66667
0.75294 0.72157 0.6902
0.74118 0.70588 0.67843
0.7451 0.7098 0.68627
0.77255 0.7451 0.7098
0.73333 0.70588 0.67451
0.71373 0.68627 0.6549
0.7098 0.67843 0.65098
0.75294 0.71765 0.6902
0.7451 0.7098 0.6902
0.75294 0.71765 0.69804
0.81961 0.79216 0.75294
0.73333 0.70196 0.67059
0.73333 0.70588 0.67451
0.73725 0.70588 0.67843
0.72157 0.69412 0.66275
0.73333 0.69804 0.67059
0.75294 0.71765 0.6902
0.78431 0.74902 0.72549
0.75686 0.71765 0.68627
0.72549 0.68235 0.66275
0.72941 0.68627 0.67059
0.72157 0.68627 0.65882
0.72549 0.6902 0.65882
0.72941 0.69412 0.65882
0.7451 0.7098 0.67451
0.74902 0.71373 0.67843
0.72549 0.68627 0.66275
0.71765 0.68235 0.6549
0.73333 0.69804 0.66275
0.72157 0.6902 0.65098
0.72549 0.6902 0.65882
0.72157 0.68627 0.65098
0.72157 0.68627 0.64706
