0.88627 0.78039 0.66667
0.88627 0.78039 0.66667
0.88627 0.78039 0.67451
0.88627 0.78431 0.67059
0.87843 0.77255 0.6549
0.8902 0.77647 0.66275
0.87843 0.77255 0.66667
0.88235 0.77647 0.66667
0.87451 0.76863 0.65098
0.88235 0.76471 0.6549
0.87843 0.77255 0.66667
0.88627 0.78039 0.67059
0.88235 0.78039 0.66667
0.8902 0.78431 0.67059
0.8902 0.78039 0.66667
0.8902 0.78039 0.66667
0.88627 0.78039 0.66667
0.8902 0.78431 0.67059
0.8902 0.78039 0.66667
0.88627 0.78039 0.66275
0.88235 0.77647 0.66275
0.8902 0.78431 0.67059
0.8902 0.78431 0.66667
