0.28235 0.35686 0.47451
0.26667 0.35686 0.48627
0.24314 0.33725 0.46667
0.29412 0.36863 0.49412
0.27843 0.35686 0.4902
0.25098 0.34118 0.47451
0.23922 0.33333 0.46667
0.24314 0.33725 0.47059
0.28235 0.36078 0.47843
0.28235 0.36471 0.4902
0.2549 0.34118 0.47451
0.24706 0.33725 0.47059
0.25098 0.3451 0.47843
0.23922 0.33333 0.46667
0.25882 0.3451 0.48235
0.24314 0.33725 0.47059
0.24314 0.33725 0.47059
0.24706 0.34118 0.47451
0.23529 0.32941 0.46275
0.2549 0.34118 0.47843
0.24314 0.33725 0.47059
0.24314 0.33725 0.46667
0.23922 0.33333 0.46667
0.23529 0.32941 0.46275
0.27451 0.35686 0.48235
0.24706 0.33333 0.47059
0.23922 0.33333 0.46275
0.24314 0.33725 0.47059
0.23529 0.32941 0.46275
0.23529 0.32941 0.46275
0.27843 0.35686 0.4902
0.25098 0.34118 0.47451
0.23137 0.32549 0.4549
0.23922 0.33333 0.47059
0.23922 0.33333 0.46667
