0.53333 0.63137 0.75294
0.53333 0.63529 0.75686
0.54118 0.63922 0.76078
0.53725 0.63137 0.75294
0.52941 0.63137 0.75294
0.52941 0.62745 0.74902
0.53725 0.63529 0.75686
0.53333 0.63137 0.75294
0.53333 0.63137 0.75294
0.53333 0.63529 0.75686
0.53725 0.63529 0.75686
0.53333 0.63137 0.75294
0.53725 0.63529 0.75686
0.53333 0.63137 0.75294
0.53333 0.63137 0.75686
0.53725 0.63529 0.75686
0.53725 0.63529 0.75686
0.53725 0.63529 0.75686
0.52941 0.63137 0.74902
0.53333 0.63137 0.75294
0.53333 0.63137 0.75294
0.53333 0.63137 0.75294
