0.65882 0.60784 0.56078
0.64706 0.60392 0.55686
0.66667 0.61569 0.56471
0.65882 0.60784 0.55686
0.65098 0.6 0.55294
0.63922 0.59216 0.5451
0.67451 0.61961 0.56863
0.66275 0.60784 0.55686
0.65882 0.60392 0.55294
0.64706 0.6 0.5451
0.67451 0.62353 0.57255
0.67059 0.61569 0.56471
0.67059 0.61569 0.56471
0.66667 0.61176 0.56078
0.6549 0.6 0.54902
0.65098 0.59608 0.5451
0.64706 0.59216 0.54118
0.68627 0.63137 0.58039
0.68235 0.62353 0.57255
0.68235 0.62353 0.57255
0.67451 0.61961 0.56863
0.66667 0.60784 0.55686
0.66275 0.60392 0.55294
0.65882 0.60392 0.55294
0.69412 0.63137 0.58039
0.69412 0.63137 0.58039
0.6902 0.62745 0.57647
0.6902 0.62745 0.57647
0.68235 0.61961 0.56863
