0.18431 0.19608 0.098039
0.13725 0.1451 0.062745
0.1451 0.16078 0.066667
0.12941 0.14118 0.070588
0.094118 0.1098 0.05098
0.16863 0.17255 0.098039
0.1451 0.1451 0.078431
0.10588 0.11373 0.05098
0.1098 0.12941 0.058824
0.1098 0.13725 0.07451
0.1451 0.17255 0.086275
0.13725 0.16863 0.090196
0.18039 0.21176 0.14118
0.15686 0.18431 0.12157
0.14902 0.16471 0.066667
0.14902 0.16471 0.094118
0.16471 0.18039 0.11765
0.15294 0.16078 0.070588
0.1451 0.14902 0.098039
0.14902 0.14902 0.10196
0.14118 0.15686 0.054902
0.12549 0.13333 0.070588
