0.17255 0.27843 0.39608
0.17255 0.27843 0.39608
0.17255 0.27451 0.39608
0.17647 0.28235 0.39608
0.16471 0.27059 0.38824
0.16863 0.27451 0.39216
0.15686 0.26275 0.38431
0.17255 0.27843 0.39608
0.16471 0.27059 0.38431
0.16863 0.27451 0.38824
0.17255 0.27843 0.39608
0.16471 0.27059 0.38824
0.16471 0.27059 0.38824
0.16471 0.27451 0.39216
0.17255 0.27843 0.39608
0.15294 0.25882 0.37255
0.16471 0.27059 0.38824
0.17255 0.27843 0.39608
0.16078 0.27059 0.38824
0.17255 0.27843 0.39608
0.16471 0.26667 0.38431
0.15294 0.25882 0.37647
0.16863 0.27059 0.38824
0.15686 0.27059 0.38824
0.16863 0.27451 0.39216
0.16863 0.27059 0.39216
0.16471 0.27451 0.39216
0.16078 0.26275 0.38431
0.17647 0.27843 0.4
0.15686 0.26275 0.38039
0.17647 0.27843 0.39608
0.15686 0.26275 0.38039
