0.10196 0.21961 0.37255
0.094118 0.21961 0.38039
0.12157 0.23137 0.38039
0.098039 0.22745 0.37255
0.086275 0.22353 0.37255
0.07451 0.21961 0.36863
0.066667 0.21569 0.36863
0.090196 0.21961 0.37255
0.078431 0.21569 0.36471
0.070588 0.21961 0.36471
0.062745 0.21569 0.36078
0.066667 0.21569 0.36863
0.07451 0.21569 0.36863
0.07451 0.22353 0.36863
0.070588 0.22353 0.36863
0.062745 0.21569 0.36078
0.062745 0.21176 0.36471
0.066667 0.22353 0.37255
0.070588 0.22745 0.37255
0.066667 0.21961 0.36863
0.054902 0.21176 0.35686
0.058824 0.21176 0.36078
