0.4902 0.55294 0.68235
0.48627 0.54902 0.67843
0.49412 0.55294 0.68627
0.48627 0.54902 0.67843
0.4902 0.54902 0.67843
0.49804 0.56078 0.68627
0.49804 0.55686 0.68627
0.4902 0.54902 0.67843
0.48235 0.5451 0.67451
0.4902 0.54902 0.67843
0.49804 0.56078 0.68235
0.49804 0.56078 0.68627
0.4902 0.54902 0.67843
0.48235 0.54902 0.67843
0.48235 0.54902 0.67451
0.47059 0.52941 0.65882
0.4902 0.55686 0.67843
0.48627 0.54902 0.68235
0.48235 0.55294 0.68235
0.48235 0.54902 0.67843
0.48627 0.5451 0.67451
0.48627 0.55294 0.67451
0.48627 0.54902 0.67843
0.48627 0.54902 0.67843
0.4902 0.55294 0.68235
0.4902 0.54902 0.67843
0.4902 0.55294 0.67843
0.48627 0.54902 0.67843
0.48627 0.54902 0.67451
0.49412 0.54902 0.67843
0.49412 0.54902 0.67843
0.49412 0.55294 0.68627
0.4902 0.54902 0.67843
0.4902 0.54902 0.67451
0.48627 0.5451 0.66667
