0.35686 0.36078 0.38431
0.36471 0.36471 0.38431
0.35294 0.35294 0.37255
0.3451 0.34902 0.36863
0.35686 0.36078 0.38039
0.34902 0.35294 0.37255
0.3451 0.34902 0.36863
0.35686 0.36078 0.38039
0.34902 0.35294 0.37255
0.34118 0.3451 0.36471
0.35294 0.35686 0.37647
0.3451 0.3451 0.36863
0.34118 0.33725 0.36078
0.35294 0.3451 0.37255
0.35686 0.34902 0.37255
0.34118 0.34118 0.36471
0.34902 0.3451 0.36863
0.36471 0.35686 0.38431
0.35686 0.3451 0.37255
0.3451 0.3451 0.36471
0.35294 0.34902 0.36863
0.35294 0.3451 0.36863
0.35294 0.34118 0.36863
0.34118 0.34118 0.36863
0.35294 0.34902 0.36863
0.34902 0.3451 0.36471
0.34118 0.33725 0.35686
0.34902 0.34902 0.37255
0.34902 0.3451 0.36471
0.35294 0.34902 0.36863
0.34902 0.3451 0.36471
0.35686 0.35686 0.37255
0.36078 0.35294 0.37255
0.35294 0.34902 0.36863
0.34902 0.34118 0.36471
0.35686 0.35686 0.38039
0.35686 0.35686 0.37647
0.36078 0.36078 0.38039
0.3451 0.3451 0.36471
