0.72549 0.74118 0.82353
0.71373 0.72157 0.80392
0.6549 0.65882 0.72157
0.74902 0.7451 0.76863
0.65882 0.67059 0.72549
0.72549 0.72941 0.80784
0.71373 0.71765 0.78431
0.72549 0.74902 0.76471
0.79216 0.8 0.8549
0.67451 0.67059 0.73725
0.71373 0.7098 0.76471
0.75294 0.74902 0.80392
0.64706 0.67843 0.7098
0.78039 0.79608 0.83922
0.70588 0.6902 0.73725
0.65098 0.63922 0.69412
0.58431 0.63922 0.67059
0.76863 0.79608 0.82745
0.74902 0.74902 0.79608
0.40784 0.4902 0.52157
0.74902 0.79608 0.83922
0.015686 0.10196 0.13725
0.31765 0.38039 0.43137
