0.40784 0.3451 0.16863
0.38824 0.35686 0.18431
0.35686 0.33333 0.17255
0.3098 0.31373 0.15686
0.3098 0.32941 0.16863
0.32549 0.33725 0.19216
0.36078 0.3451 0.20392
0.34118 0.33333 0.18431
0.37647 0.36863 0.20784
0.36078 0.36471 0.22353
0.34902 0.3451 0.18039
0.34118 0.33333 0.16078
0.32157 0.32549 0.12549
0.31765 0.32157 0.14902
0.37255 0.36863 0.19608
0.36471 0.36471 0.17255
0.37255 0.35686 0.15686
0.38824 0.37255 0.17647
0.39216 0.38824 0.2
0.34118 0.33725 0.14118
0.39608 0.38431 0.17255
0.47451 0.42353 0.27451
0.37647 0.35686 0.21961
0.47843 0.40784 0.28627
