0.64706 0.6 0.53725
0.66275 0.61569 0.56078
0.66275 0.61176 0.56078
0.6549 0.60784 0.55294
0.65882 0.61176 0.55686
0.6549 0.60784 0.55294
0.65882 0.60784 0.55294
0.66275 0.60784 0.55686
0.65882 0.60392 0.55294
0.66275 0.60784 0.55686
0.66667 0.61176 0.55686
0.66667 0.61569 0.55686
0.67059 0.61961 0.56078
0.66275 0.60784 0.55686
0.65882 0.60392 0.55294
0.66275 0.61176 0.55294
0.66667 0.61569 0.55294
0.67059 0.61961 0.55686
0.66275 0.60784 0.55686
0.66667 0.61176 0.56078
0.66667 0.61569 0.55686
0.66667 0.61569 0.55294
0.67059 0.61961 0.55686
0.66275 0.61176 0.55686
0.66667 0.61569 0.55686
0.66667 0.61569 0.55294
0.67059 0.61961 0.55686
0.66667 0.61569 0.55294
0.66275 0.61569 0.56078
0.66275 0.61569 0.56078
0.66667 0.61961 0.56078
0.67059 0.61961 0.55294
0.67059 0.61961 0.55686
0.66667 0.61961 0.55686
0.66275 0.61569 0.55294
0.67059 0.61961 0.55686
0.66275 0.61176 0.54902
