0.28627 0.38431 0.52941
0.2902 0.38431 0.53333
0.28235 0.38039 0.52941
0.28235 0.38431 0.52941
0.2902 0.38431 0.53333
0.29804 0.38824 0.54118
0.28627 0.38039 0.52941
0.28235 0.38431 0.52941
0.27843 0.37255 0.52157
0.29412 0.38824 0.53725
0.29412 0.38824 0.53725
0.2902 0.39216 0.53725
0.2902 0.38431 0.53333
0.29412 0.38824 0.53725
0.2902 0.38824 0.53333
0.28627 0.38824 0.53333
0.27843 0.38039 0.52549
0.28627 0.38824 0.53333
0.28627 0.38824 0.53333
0.28235 0.38431 0.52549
0.2902 0.39216 0.53333
0.29412 0.39608 0.53725
0.2902 0.39216 0.53725
