0.38824 0.67451 0.84706
0.38824 0.67451 0.84706
0.38431 0.67059 0.84314
0.38431 0.67059 0.84314
0.38431 0.67059 0.84314
0.38431 0.67059 0.84706
0.38824 0.67451 0.8549
0.38824 0.67843 0.8549
0.38431 0.67451 0.85098
0.38824 0.67451 0.85098
0.38431 0.67059 0.84706
0.37647 0.66667 0.84314
0.38039 0.67843 0.8549
0.38824 0.68235 0.85882
0.38431 0.67843 0.8549
0.37647 0.67059 0.84706
0.38039 0.67843 0.85098
0.38431 0.67451 0.85098
0.38039 0.67059 0.84706
0.36863 0.68235 0.85882
0.36471 0.67843 0.8549
0.36863 0.67059 0.85098
0.38039 0.67451 0.85882
