0.34902 0.64706 0.83922
0.36078 0.65882 0.85098
0.34902 0.6549 0.84314
0.34118 0.6549 0.83922
0.34902 0.65098 0.84314
0.3451 0.64314 0.83529
0.35686 0.65882 0.85098
0.34902 0.65882 0.84706
0.34902 0.65882 0.85098
0.34118 0.65098 0.83922
0.34118 0.64314 0.83529
0.33333 0.65098 0.84314
0.3451 0.6549 0.85098
0.3451 0.65098 0.84314
0.34118 0.65098 0.84314
0.33725 0.64706 0.83922
0.33725 0.66275 0.85098
0.32941 0.65098 0.84706
0.34118 0.65882 0.8549
0.33725 0.64706 0.84706
0.33725 0.64706 0.83922
0.32549 0.64314 0.84314
0.32157 0.63922 0.83529
