0.27059 0.64314 0.86275
0.2549 0.64314 0.85882
0.25882 0.63922 0.8549
0.26275 0.63529 0.8549
0.26275 0.63137 0.85098
0.27059 0.63922 0.8549
0.26667 0.63529 0.85098
0.26275 0.63529 0.85098
0.27451 0.64314 0.86667
0.27451 0.63922 0.86275
0.26667 0.63922 0.85882
0.26667 0.63922 0.85882
0.26667 0.63922 0.85882
0.26667 0.64314 0.85882
0.26667 0.64314 0.86275
0.25882 0.63137 0.85098
0.2549 0.63137 0.85098
0.25098 0.63529 0.85098
0.27843 0.65098 0.87059
0.27843 0.64314 0.86667
0.27451 0.64314 0.86275
0.26667 0.64314 0.86275
0.25882 0.63922 0.8549
0.26275 0.64706 0.86275
0.26667 0.64706 0.86275
0.25882 0.63922 0.8549
0.25098 0.63137 0.84706
0.24314 0.63137 0.84706
0.27451 0.6549 0.87059
0.27451 0.65098 0.86667
0.27843 0.64706 0.87059
0.27451 0.64706 0.86667
0.26667 0.64706 0.86275
0.25098 0.63922 0.8549
0.24706 0.63529 0.85098
0.25098 0.63922 0.8549
0.24706 0.63529 0.85098
0.24706 0.63137 0.84706
0.27451 0.65098 0.86667
0.27451 0.6549 0.87059
0.26275 0.64706 0.86275
0.25882 0.64706 0.86275
0.25098 0.63922 0.8549
0.24706 0.63529 0.85098
0.24706 0.63529 0.85098
0.2549 0.63922 0.8549
0.24706 0.63529 0.85098
0.27451 0.64706 0.85882
0.27843 0.6549 0.87059
0.27451 0.6549 0.87059
0.26667 0.64706 0.86275
0.26275 0.65098 0.86667
0.25098 0.63922 0.8549
0.24706 0.63529 0.85098
0.25098 0.63922 0.8549
0.25098 0.63922 0.8549
0.27059 0.64706 0.85882
0.26275 0.64314 0.8549
0.27059 0.65098 0.85882
0.26667 0.64706 0.8549
0.25882 0.64314 0.8549
0.25882 0.64314 0.85882
0.25882 0.63922 0.8549
0.24706 0.63137 0.84706
0.26667 0.65098 0.86275
0.27059 0.65098 0.87059
0.27059 0.64706 0.86667
0.26667 0.64314 0.86275
0.27843 0.6549 0.87843
0.27059 0.64706 0.86667
0.26667 0.64706 0.86275
0.27843 0.66667 0.87059
0.26667 0.65098 0.85882
0.30196 0.64706 0.84706
0.30588 0.67059 0.88627
0.14902 0.34118 0.49412
0.24706 0.51373 0.71373
0.13333 0.27059 0.40392
