0.56078 0.66275 0.76863
0.55686 0.66275 0.76863
0.56078 0.66667 0.77255
0.55686 0.66275 0.76863
0.56078 0.66667 0.77255
0.56078 0.66275 0.77255
0.55686 0.66275 0.76863
0.56078 0.66667 0.77255
0.56078 0.66667 0.77255
0.56078 0.66667 0.77255
0.56078 0.66667 0.77255
0.56078 0.66667 0.77255
0.55686 0.66275 0.76863
0.55686 0.66275 0.76863
0.56078 0.66667 0.77255
0.56078 0.66667 0.77647
0.55686 0.66275 0.76863
0.55686 0.66275 0.76863
0.56078 0.66667 0.77255
0.55686 0.66275 0.76863
0.56078 0.66667 0.77255
0.55686 0.66275 0.76863
0.56471 0.67059 0.77647
0.56078 0.66667 0.77255
0.56078 0.66667 0.76863
0.56078 0.66667 0.77255
0.56078 0.66667 0.77255
0.56078 0.66667 0.77255
