0.52157 0.61176 0.73333
0.52157 0.61176 0.73333
0.52157 0.61176 0.73333
0.52549 0.61569 0.73333
0.52941 0.61176 0.72549
0.53333 0.61176 0.72549
0.52549 0.60392 0.71765
0.52157 0.61569 0.73333
0.52157 0.61176 0.73333
0.52549 0.61569 0.73725
0.52157 0.61569 0.72941
0.52941 0.61176 0.72549
0.53333 0.61176 0.72941
0.53333 0.61176 0.72549
0.52157 0.61569 0.73725
0.52549 0.61569 0.73725
0.52157 0.61176 0.73333
0.52157 0.61569 0.72941
0.52941 0.61569 0.72941
0.53333 0.61176 0.72941
0.53333 0.61569 0.73333
