0.28627 0.65882 0.87059
0.28627 0.65882 0.87059
0.28235 0.6549 0.86275
0.27843 0.65098 0.87059
0.27843 0.6549 0.87451
0.27843 0.65098 0.87059
0.27059 0.64314 0.8549
0.27451 0.6549 0.87059
0.27059 0.65098 0.86667
0.27843 0.65882 0.87059
0.28235 0.65882 0.86667
0.27451 0.64706 0.85882
0.27059 0.6549 0.87059
0.26275 0.64706 0.86275
0.27059 0.6549 0.86667
0.27843 0.66275 0.87059
0.27451 0.65098 0.85882
0.26667 0.65882 0.86275
0.26667 0.6549 0.86275
0.27451 0.65098 0.87059
0.27451 0.64706 0.86275
0.27451 0.64706 0.86667
0.27451 0.66667 0.87059
0.27451 0.65882 0.86667
0.27843 0.6549 0.87451
0.27451 0.64706 0.86667
0.27843 0.65882 0.86667
0.27843 0.65882 0.86667
0.27451 0.64706 0.86667
0.27059 0.64314 0.86275
0.28235 0.6549 0.86667
0.27843 0.65098 0.86667
0.27843 0.65098 0.87059
0.2902 0.66275 0.87843
0.27843 0.6549 0.87059
0.27843 0.6549 0.87059
