0.2549 0.61176 0.81961
0.24706 0.60392 0.81176
0.23529 0.59608 0.80392
0.23529 0.59216 0.8
0.2549 0.61176 0.81961
0.24706 0.60392 0.81176
0.23529 0.6 0.80392
0.23137 0.59608 0.8
0.22745 0.58824 0.79608
0.24706 0.60392 0.81569
0.23922 0.59608 0.80784
0.23529 0.59216 0.80392
0.23529 0.59216 0.8
0.2549 0.61176 0.82745
0.25098 0.60784 0.82353
0.23922 0.59608 0.81176
0.24706 0.6 0.81569
0.23922 0.59216 0.80784
0.24314 0.60392 0.81569
0.23529 0.59608 0.80784
0.23922 0.60784 0.81961
0.22745 0.6 0.81176
0.22353 0.59216 0.80392
0.22745 0.6 0.81961
0.22745 0.6 0.81961
0.22353 0.59608 0.81569
