0.011765 0.47843 0.66667
0.019608 0.48627 0.66275
0.015686 0.47451 0.66667
0.0078431 0.48627 0.68235
0.015686 0.49412 0.69412
0.0078431 0.47059 0.66275
0.023529 0.4549 0.61961
0.0039216 0.48627 0.68627
0.031373 0.5098 0.71373
0.019608 0.47451 0.66275
0.015686 0.46667 0.63137
0.1098 0.46275 0.63529
0.019608 0.48627 0.68627
0.039216 0.50588 0.70588
0.023529 0.48235 0.66667
0.015686 0.46667 0.63922
0.054902 0.4549 0.62353
0.027451 0.48235 0.67451
0.027451 0.48235 0.67451
0.015686 0.47059 0.65098
0.015686 0.45882 0.63529
0.12941 0.56471 0.74902
0.05098 0.49412 0.67059
0.12941 0.54118 0.72157
