0.33333 0.33725 0.36078
0.32549 0.32941 0.34902
0.32941 0.32549 0.34902
0.33333 0.32941 0.35686
0.32941 0.32549 0.35294
0.33725 0.34118 0.36471
0.32549 0.32941 0.3451
0.32549 0.32549 0.34902
0.33333 0.33333 0.35686
0.32941 0.33333 0.35686
0.32941 0.33333 0.35294
0.32157 0.32549 0.3451
0.33333 0.33725 0.35686
0.32941 0.33333 0.35294
0.31373 0.31765 0.33333
0.31765 0.31765 0.3451
0.32941 0.32941 0.35686
0.31765 0.32157 0.34118
0.32941 0.33333 0.35686
0.32549 0.32941 0.35294
0.33725 0.34118 0.36078
