0.55686 0.67451 0.80784
0.55686 0.67451 0.81176
0.55294 0.67059 0.80392
0.56078 0.67843 0.81176
0.56078 0.68235 0.81176
0.55294 0.67451 0.80784
0.55686 0.67451 0.80784
0.55686 0.67451 0.80392
0.55686 0.67843 0.80784
0.54902 0.67843 0.80784
0.54902 0.67451 0.80784
0.55686 0.67451 0.80784
0.55686 0.67843 0.8
0.55686 0.67843 0.8
0.55294 0.67843 0.81176
0.56471 0.68235 0.81569
0.56078 0.68235 0.80392
0.55294 0.67843 0.81176
0.55686 0.67843 0.80784
0.56078 0.68235 0.80784
0.56471 0.68235 0.80784
0.55686 0.67451 0.80784
0.56078 0.67451 0.80784
0.56078 0.67843 0.81176
