0.35686 0.35294 0.36863
0.36078 0.35294 0.37647
0.35686 0.3451 0.37647
0.3451 0.33725 0.37255
0.32941 0.32941 0.36078
0.32549 0.32549 0.35686
0.31765 0.31765 0.34902
0.35294 0.3451 0.36471
0.34902 0.33725 0.36471
0.34118 0.33333 0.36078
0.33333 0.32941 0.35294
0.32549 0.32157 0.34902
0.31765 0.31373 0.34118
0.35294 0.34902 0.36078
0.35294 0.34118 0.36471
0.34902 0.34118 0.36471
0.33333 0.32941 0.34902
0.32157 0.31765 0.34118
0.31765 0.31373 0.34118
0.36471 0.35294 0.37255
0.34902 0.34118 0.36078
0.34902 0.3451 0.36471
0.34118 0.33725 0.35294
0.32941 0.32941 0.33725
0.32157 0.32157 0.33725
0.3098 0.30588 0.32941
0.36078 0.35294 0.37255
0.3451 0.34118 0.36078
0.34118 0.33725 0.35294
0.32941 0.32941 0.33725
0.32941 0.32549 0.34118
0.3451 0.34118 0.36078
0.33725 0.33333 0.34902
0.32549 0.32549 0.33725
0.32941 0.32549 0.34118
0.33725 0.32941 0.35686
0.34902 0.3451 0.36471
0.33725 0.33333 0.34902
0.33333 0.32941 0.3451
0.32549 0.31765 0.33725
0.31373 0.30588 0.32549
0.33725 0.33333 0.35294
