0.58039 0.65882 0.74902
0.57647 0.6549 0.74902
0.57647 0.6549 0.74902
0.57647 0.6549 0.7451
0.57255 0.65098 0.7451
0.57255 0.65098 0.7451
0.57255 0.65098 0.74118
0.57647 0.6549 0.7451
0.58039 0.65882 0.75294
0.57255 0.6549 0.74902
0.57255 0.65098 0.7451
0.57255 0.65098 0.7451
0.57255 0.65098 0.7451
0.58431 0.65882 0.75294
0.57647 0.6549 0.75294
0.57255 0.65098 0.7451
0.57647 0.6549 0.74902
0.57647 0.6549 0.74902
0.58431 0.6549 0.74902
0.57647 0.65098 0.7451
0.57255 0.65098 0.7451
0.57647 0.6549 0.74902
0.57647 0.6549 0.74902
0.58039 0.65882 0.75294
0.57647 0.65882 0.74902
0.57255 0.6549 0.74902
0.57255 0.65098 0.7451
