0.83922 0.82745 0.83137
0.83529 0.81961 0.82745
0.8549 0.83529 0.84314
0.90588 0.8902 0.89804
0.76471 0.74902 0.74902
0.76863 0.75686 0.75686
0.77647 0.75686 0.76471
0.84314 0.83922 0.84314
0.73333 0.74118 0.7451
0.8 0.80392 0.79608
0.74902 0.72941 0.72157
0.81961 0.77255 0.78431
0.87451 0.80784 0.84314
0.76471 0.76863 0.76078
0.80784 0.80392 0.78431
0.82353 0.79216 0.78039
0.89412 0.83529 0.84314
0.6902 0.60392 0.62745
0.73725 0.72157 0.68627
0.85098 0.80784 0.78039
0.93725 0.85882 0.85882
0.85882 0.82745 0.78824
0.94118 0.89412 0.84706
0.88627 0.8 0.78039
