0.22353 0.34118 0.48627
0.21961 0.33725 0.47843
0.22745 0.3451 0.48627
0.22745 0.34902 0.49804
0.21961 0.34118 0.4902
0.21569 0.34118 0.47843
0.22353 0.34118 0.48235
0.23137 0.34118 0.48627
0.22745 0.3451 0.47843
0.23529 0.35294 0.50196
0.23529 0.35686 0.50588
0.22353 0.34902 0.49804
0.22745 0.35294 0.50196
0.22745 0.35294 0.49804
0.21569 0.34902 0.48235
0.22353 0.34118 0.48235
0.23137 0.33725 0.48235
0.23922 0.36078 0.5098
0.25098 0.36863 0.51765
0.23922 0.35686 0.50588
0.23529 0.35294 0.50196
0.22745 0.35294 0.49412
0.22745 0.35686 0.4902
0.22353 0.35294 0.48235
0.22745 0.34902 0.48235
0.23137 0.34902 0.48235
0.22745 0.34118 0.47451
0.23529 0.34902 0.47843
0.23137 0.3451 0.47451
0.24314 0.36863 0.50588
0.23529 0.36471 0.50588
0.24314 0.36863 0.51765
0.23922 0.35686 0.50196
0.23922 0.35686 0.50196
0.24314 0.36078 0.50196
0.23137 0.35686 0.4902
0.22353 0.35294 0.48235
0.21961 0.34902 0.47843
0.21961 0.3451 0.47451
0.23137 0.34902 0.48235
0.23137 0.3451 0.47843
0.22353 0.33725 0.47843
0.22745 0.33725 0.48627
0.24706 0.36471 0.50588
0.2549 0.37255 0.51373
0.25098 0.36863 0.5098
0.23529 0.36078 0.49804
0.23529 0.36471 0.50196
0.23922 0.36078 0.50196
0.23922 0.35686 0.49804
0.23922 0.35686 0.49804
0.23922 0.36471 0.49412
0.23137 0.36078 0.48235
0.21569 0.3451 0.47451
0.21961 0.34118 0.47451
0.22745 0.34118 0.47451
0.23529 0.34902 0.47451
0.23529 0.34902 0.48235
0.23137 0.34118 0.4902
0.22353 0.33725 0.47843
0.26667 0.38431 0.52549
0.26275 0.38039 0.52157
0.2549 0.37255 0.51373
0.2549 0.36863 0.51373
0.2549 0.37255 0.51373
0.24706 0.37255 0.5098
0.23529 0.36471 0.50196
0.23529 0.36471 0.50196
0.23922 0.35686 0.49804
0.23922 0.35686 0.49804
0.24314 0.36078 0.49412
0.24314 0.36471 0.49412
0.23529 0.35686 0.48627
0.21961 0.3451 0.47451
0.22353 0.34118 0.47451
0.23137 0.34902 0.47843
0.23922 0.35686 0.48235
0.23529 0.34902 0.48235
0.23137 0.3451 0.47843
0.23137 0.34118 0.48235
0.22745 0.34118 0.47843
0.25882 0.38824 0.52549
0.26275 0.38039 0.52157
0.25882 0.37647 0.51765
0.25098 0.36863 0.5098
0.25098 0.36863 0.5098
0.25098 0.37255 0.5098
0.24314 0.36863 0.50588
0.23529 0.36471 0.50196
0.23922 0.36863 0.50588
0.23922 0.35686 0.49804
0.24314 0.36078 0.49804
0.24314 0.36078 0.49412
0.23529 0.34902 0.48235
0.24314 0.36078 0.49412
0.23922 0.35686 0.4902
0.22353 0.3451 0.47843
0.23137 0.34902 0.48627
0.22353 0.33725 0.47451
0.22353 0.33725 0.47059
0.22353 0.33725 0.47059
0.23137 0.34118 0.48235
0.23137 0.3451 0.48235
0.27059 0.39608 0.5451
0.27059 0.4 0.54118
0.26275 0.39216 0.52941
0.26667 0.39608 0.53333
0.26275 0.39216 0.52941
0.25098 0.38039 0.51765
0.2549 0.38431 0.52157
0.25098 0.38039 0.51765
0.24706 0.37647 0.51373
0.24314 0.37255 0.5098
0.25098 0.36863 0.5098
0.25098 0.37647 0.51373
0.24314 0.37255 0.5098
0.24706 0.36471 0.50588
0.24706 0.36471 0.50196
0.23922 0.35686 0.4902
0.23922 0.35686 0.4902
0.24314 0.36078 0.49804
0.23529 0.35294 0.49412
0.22745 0.3451 0.48627
0.23137 0.34902 0.4902
0.22745 0.34118 0.48627
0.22353 0.33333 0.47843
0.23137 0.34118 0.48627
0.22353 0.33333 0.47843
0.23137 0.34118 0.48235
0.27451 0.4 0.55294
0.27059 0.39608 0.5451
0.27059 0.39608 0.54118
0.26667 0.39216 0.53725
0.26667 0.39608 0.53725
0.26275 0.39216 0.52941
0.2549 0.38431 0.52157
0.2549 0.38431 0.52157
0.2549 0.38431 0.52157
0.24314 0.37255 0.5098
0.23922 0.36863 0.50588
0.24706 0.36863 0.5098
0.25098 0.37647 0.51373
0.24314 0.37255 0.5098
0.24314 0.36863 0.50588
0.23922 0.35686 0.49412
0.24314 0.35686 0.49804
0.24706 0.36471 0.49804
0.23137 0.3451 0.48235
0.23137 0.34902 0.4902
0.23529 0.35294 0.49804
0.23137 0.34902 0.49412
0.23529 0.3451 0.49412
0.23137 0.34118 0.48627
0.23137 0.34118 0.48627
0.22353 0.33725 0.47843
0.22353 0.33725 0.47451
0.22353 0.34118 0.47059
0.27843 0.40392 0.55294
0.27843 0.40392 0.55294
0.27059 0.39608 0.5451
0.27059 0.4 0.54118
0.26275 0.39216 0.52941
0.2549 0.38431 0.52157
0.25098 0.38039 0.51765
0.24706 0.37647 0.51373
0.25098 0.38039 0.51765
0.23922 0.36863 0.50588
0.23529 0.36471 0.50196
0.2549 0.37647 0.51373
0.25098 0.36471 0.5098
0.23922 0.35294 0.49804
0.23922 0.35294 0.49804
0.2549 0.36078 0.5098
0.24314 0.35294 0.4902
0.24314 0.35686 0.4902
0.23529 0.35294 0.48627
0.23137 0.34902 0.4902
0.22353 0.34118 0.4902
0.23529 0.34902 0.49412
0.23529 0.3451 0.4902
0.21961 0.32941 0.47451
0.22353 0.33725 0.47843
0.21961 0.34118 0.47843
0.21569 0.3451 0.47451
0.27451 0.4 0.54902
0.27451 0.4 0.54902
0.27059 0.39608 0.5451
0.26667 0.39216 0.53333
0.26275 0.39216 0.52941
0.25882 0.38824 0.52549
0.25882 0.38824 0.52549
0.25098 0.38039 0.51765
0.25098 0.37255 0.5098
0.25098 0.36863 0.5098
0.2549 0.37255 0.51373
0.25882 0.37255 0.51373
0.2549 0.36863 0.51373
0.23922 0.35294 0.49804
0.24706 0.35686 0.50196
0.25098 0.35686 0.50588
0.24314 0.35686 0.49412
0.24706 0.36078 0.49412
0.23922 0.35686 0.4902
0.23529 0.35294 0.49412
0.22745 0.3451 0.49412
0.23922 0.34902 0.49412
0.23922 0.34902 0.49412
0.22745 0.33725 0.48235
0.22353 0.33725 0.48235
0.22353 0.34118 0.47843
0.26667 0.39216 0.54118
0.27059 0.39608 0.5451
0.27059 0.39608 0.54118
0.26667 0.39216 0.53725
0.26275 0.38824 0.52941
0.26275 0.39216 0.52941
0.26667 0.39216 0.52941
0.25882 0.38431 0.52549
0.25098 0.36863 0.5098
0.25098 0.36471 0.5098
0.25098 0.36863 0.5098
0.25098 0.36863 0.5098
0.25098 0.37255 0.5098
0.25098 0.37255 0.51373
0.25098 0.36863 0.5098
0.24314 0.35686 0.49804
0.23922 0.35294 0.4902
0.23529 0.34902 0.48235
0.25098 0.36471 0.49804
0.24314 0.35686 0.49804
0.23137 0.34902 0.49412
0.23922 0.34902 0.49804
0.23529 0.3451 0.4902
0.22745 0.33725 0.47843
0.21961 0.33333 0.47451
0.21961 0.34118 0.47451
0.21961 0.3451 0.47451
0.27451 0.4 0.54902
0.27451 0.4 0.54118
0.27451 0.40392 0.54118
0.27059 0.39608 0.54118
0.26667 0.39216 0.54118
0.26275 0.38039 0.53333
0.26667 0.38431 0.52941
0.26275 0.38039 0.52157
0.2549 0.37255 0.51373
0.2549 0.37255 0.5098
0.24706 0.36471 0.50588
0.25098 0.36863 0.50588
0.25098 0.36863 0.50588
0.25098 0.36863 0.51765
0.23922 0.35686 0.50588
0.24314 0.36078 0.50196
0.23922 0.35686 0.4902
0.24706 0.36471 0.49804
0.24314 0.35686 0.4902
0.24314 0.35686 0.49412
0.23529 0.35294 0.49412
0.23137 0.34118 0.49412
0.24314 0.34902 0.49804
0.22353 0.33725 0.47451
0.22353 0.33725 0.47059
0.23529 0.35294 0.48627
0.22353 0.34118 0.47451
0.22745 0.3451 0.47843
0.27059 0.39608 0.5451
0.27451 0.40392 0.54118
0.28235 0.40392 0.54118
0.27843 0.4 0.54118
0.27059 0.39216 0.54118
0.26275 0.38039 0.53333
0.26667 0.38431 0.52941
0.25882 0.37647 0.51765
0.26275 0.37647 0.52157
0.25098 0.36863 0.51765
0.24706 0.36471 0.5098
0.25098 0.36863 0.51765
0.2549 0.37255 0.52157
0.25098 0.36863 0.5098
0.24314 0.35686 0.50196
0.23922 0.35686 0.49804
0.23922 0.35686 0.4902
0.24314 0.36078 0.49412
0.24706 0.36078 0.49412
0.24706 0.36078 0.49804
0.23529 0.35294 0.49412
0.23137 0.3451 0.49412
0.23922 0.34902 0.49412
0.22745 0.34118 0.47843
0.22353 0.34118 0.47451
0.22353 0.34118 0.47451
0.22745 0.3451 0.47843
0.27059 0.4 0.5451
0.27059 0.4 0.53725
0.28627 0.40392 0.5451
0.27843 0.39608 0.54118
0.27059 0.38824 0.53725
0.26667 0.38431 0.53333
0.26275 0.38431 0.52549
0.26275 0.38039 0.52157
0.25882 0.38039 0.52549
0.25098 0.36863 0.51765
0.25098 0.36863 0.52157
0.24706 0.36471 0.51765
0.25098 0.36863 0.51765
0.24706 0.36863 0.50588
0.24706 0.36471 0.50196
0.23922 0.36078 0.50196
0.23922 0.35686 0.49412
0.23529 0.35294 0.48627
0.24706 0.36078 0.49412
0.23529 0.34902 0.4902
0.23529 0.35294 0.49412
0.23137 0.3451 0.49412
0.23529 0.3451 0.49412
0.22353 0.33333 0.47451
0.22353 0.34118 0.47451
0.22353 0.34118 0.47451
0.26667 0.39216 0.54118
0.27451 0.39216 0.53725
0.28235 0.4 0.54902
0.27451 0.39608 0.5451
0.27059 0.39608 0.5451
0.2549 0.38431 0.52549
0.25882 0.38824 0.52549
0.25882 0.38824 0.52549
0.2549 0.38039 0.52549
0.23922 0.36471 0.51373
0.24314 0.36471 0.51373
0.24314 0.36863 0.51373
0.23529 0.36471 0.50196
0.23529 0.36078 0.49804
0.23922 0.36863 0.50588
0.24314 0.36863 0.50588
0.24706 0.35686 0.50196
0.23922 0.35294 0.49804
0.24314 0.36078 0.50588
0.23137 0.34902 0.49804
0.23529 0.35294 0.49804
0.23529 0.35294 0.49412
0.23137 0.3451 0.48627
0.22353 0.33333 0.47843
0.22745 0.33725 0.48235
0.23137 0.34118 0.48627
0.23137 0.34118 0.48627
0.27451 0.40392 0.55294
0.27059 0.39216 0.54118
0.28235 0.4 0.54902
0.28627 0.40392 0.55294
0.27059 0.39216 0.54118
0.26667 0.39216 0.54118
0.25882 0.38824 0.52549
0.25882 0.38824 0.52549
0.25882 0.39216 0.52549
0.2549 0.38039 0.52549
0.24706 0.37255 0.52157
0.23922 0.36471 0.51373
0.23922 0.36471 0.5098
0.24706 0.37647 0.51373
0.23922 0.36863 0.50588
0.24314 0.37255 0.5098
0.24314 0.36863 0.50588
0.24314 0.35294 0.49804
0.24314 0.36078 0.50196
0.24314 0.36078 0.5098
0.23529 0.35294 0.50196
0.23529 0.35294 0.50196
0.23529 0.35294 0.49412
0.22745 0.34118 0.48235
0.23137 0.34118 0.48627
0.22745 0.33725 0.48235
0.23529 0.3451 0.4902
0.23529 0.3451 0.4902
0.27451 0.40392 0.55686
0.26667 0.39216 0.54118
0.28627 0.40392 0.55294
0.28235 0.4 0.54902
0.27451 0.39608 0.5451
0.26667 0.39216 0.54118
0.25882 0.38824 0.52549
0.25882 0.38824 0.52549
0.2549 0.38431 0.52157
0.24706 0.37255 0.51765
0.25098 0.37647 0.52549
0.24706 0.37255 0.52157
0.24314 0.37255 0.51373
0.24706 0.37647 0.51373
0.24706 0.37647 0.51373
0.23922 0.36863 0.50588
0.24314 0.36863 0.50588
0.23922 0.34902 0.49412
0.24314 0.36078 0.50196
0.25098 0.36471 0.51373
0.23922 0.35686 0.50588
0.22353 0.34118 0.4902
0.23922 0.35294 0.49804
0.23529 0.34902 0.4902
0.23137 0.34118 0.48627
0.22745 0.33725 0.48235
0.23529 0.3451 0.4902
0.23922 0.34902 0.49412
0.27059 0.39608 0.54902
0.27451 0.4 0.55294
0.27843 0.40392 0.55294
0.27843 0.4 0.54902
0.27451 0.39216 0.54118
0.26667 0.39216 0.54118
0.26275 0.39216 0.53725
0.25098 0.38824 0.52941
0.24706 0.37255 0.51765
0.2549 0.37255 0.51765
0.2549 0.37255 0.51765
0.24706 0.36471 0.5098
0.24706 0.36863 0.5098
0.24314 0.37255 0.5098
0.24706 0.37255 0.51373
0.25098 0.36863 0.5098
0.24706 0.36078 0.50588
0.24314 0.36078 0.50196
0.24314 0.36078 0.50588
0.23922 0.35686 0.50196
0.23137 0.34902 0.4902
0.25098 0.35294 0.49804
0.25098 0.35294 0.49804
0.23922 0.3451 0.49412
0.23529 0.3451 0.4902
0.23137 0.34118 0.48627
0.23922 0.34902 0.49412
0.27059 0.39608 0.54902
0.27059 0.39608 0.54902
0.27059 0.39608 0.5451
0.27451 0.39608 0.5451
0.27059 0.38824 0.53725
0.27451 0.39608 0.5451
0.26275 0.39216 0.54118
0.2549 0.38824 0.53725
0.25882 0.38039 0.52549
0.25882 0.37647 0.51765
0.2549 0.37255 0.51373
0.2549 0.36863 0.5098
0.24314 0.36471 0.50588
0.23922 0.36863 0.50588
0.24314 0.37255 0.5098
0.24314 0.35686 0.49804
0.24314 0.36078 0.50196
0.23922 0.35686 0.49804
0.24314 0.36078 0.50196
0.23529 0.35294 0.49412
0.23922 0.35686 0.49804
0.24706 0.35294 0.49804
0.23922 0.3451 0.4902
0.22745 0.34118 0.48235
0.23137 0.3451 0.48627
0.23137 0.3451 0.4902
0.23922 0.34902 0.49412
0.27059 0.39608 0.54902
0.26667 0.39216 0.5451
0.27451 0.4 0.54902
0.27843 0.4 0.54902
0.27059 0.38824 0.53725
0.27451 0.38824 0.53725
0.26667 0.38431 0.53333
0.25882 0.38431 0.53333
0.2549 0.37647 0.52157
0.26667 0.38431 0.52549
0.2549 0.37255 0.51373
0.2549 0.36863 0.51373
0.25098 0.37255 0.5098
0.23922 0.36863 0.50588
0.23922 0.36863 0.50588
0.24314 0.36078 0.50196
0.23922 0.35686 0.49804
0.23529 0.35294 0.49412
0.24314 0.36078 0.50196
0.24314 0.36078 0.50196
0.24314 0.36078 0.50196
0.24706 0.35686 0.50196
0.23922 0.35294 0.49412
0.22745 0.3451 0.48627
0.22745 0.34902 0.48627
0.22745 0.3451 0.48627
0.22745 0.3451 0.48627
0.26667 0.39216 0.5451
0.28627 0.40784 0.55686
0.29412 0.41569 0.56471
0.27843 0.39608 0.5451
0.27059 0.38431 0.53725
0.26667 0.38431 0.53333
0.26667 0.38431 0.53333
0.2549 0.38039 0.52157
0.25882 0.38431 0.52157
0.25098 0.37647 0.51765
0.24706 0.37255 0.5098
0.24706 0.37255 0.5098
0.23922 0.36863 0.50588
0.24706 0.37255 0.5098
0.24314 0.36078 0.50196
0.24706 0.36471 0.50588
0.24314 0.36078 0.50196
0.24706 0.36471 0.50588
0.23922 0.35686 0.49804
0.23922 0.35686 0.49804
0.23137 0.3451 0.4902
0.23529 0.35294 0.49412
0.23529 0.35294 0.49412
0.23137 0.34902 0.4902
0.27451 0.39608 0.54902
0.28627 0.40392 0.55294
0.29804 0.41569 0.56471
0.28235 0.4 0.54902
0.27059 0.38824 0.53725
0.27451 0.39216 0.54118
0.26275 0.38039 0.52941
0.25098 0.37647 0.51765
0.25098 0.38039 0.51765
0.24706 0.38039 0.51765
0.23922 0.37255 0.5098
0.24706 0.37647 0.51373
0.25098 0.38039 0.51765
0.2549 0.38039 0.51765
0.24706 0.36471 0.50588
0.23922 0.35686 0.49804
0.24314 0.36078 0.50196
0.24314 0.36078 0.50196
0.23529 0.35294 0.49412
0.23137 0.34902 0.4902
0.23529 0.35294 0.49412
0.23922 0.35686 0.49804
0.23137 0.34902 0.4902
0.23137 0.34902 0.48627
0.23529 0.35294 0.48235
0.28235 0.4 0.54902
0.28235 0.4 0.54902
0.28235 0.39608 0.5451
0.27059 0.38824 0.53725
0.26667 0.38431 0.53333
0.26667 0.38431 0.53333
0.25882 0.38431 0.52549
0.24706 0.38039 0.51373
0.23922 0.37255 0.50588
0.24314 0.37255 0.5098
0.25098 0.38039 0.51765
0.23922 0.36863 0.50588
0.24314 0.37255 0.5098
0.2549 0.37255 0.51373
0.25098 0.36863 0.5098
0.23137 0.34902 0.4902
0.23922 0.35686 0.49804
0.23922 0.35686 0.49804
0.23137 0.34902 0.4902
0.22745 0.3451 0.48627
0.22745 0.3451 0.48627
0.23529 0.35294 0.49412
0.27451 0.39608 0.5451
0.27451 0.39608 0.5451
0.27451 0.39608 0.5451
0.27059 0.38824 0.53725
0.26667 0.38431 0.53333
0.26275 0.38039 0.52941
0.26667 0.38824 0.52941
0.25882 0.38039 0.51765
0.25098 0.37647 0.51373
0.24706 0.36863 0.5098
0.24314 0.36863 0.50588
0.23922 0.36471 0.50196
0.25882 0.38039 0.51765
0.2549 0.37255 0.51373
0.24706 0.36471 0.50588
0.23922 0.35686 0.49804
0.24314 0.36078 0.50196
0.23922 0.35686 0.49804
0.24314 0.35686 0.50196
0.23529 0.34902 0.49412
0.22745 0.34118 0.48627
0.23529 0.34902 0.4902
0.23922 0.35294 0.4902
0.24314 0.36078 0.49412
0.24314 0.35686 0.4902
0.27059 0.39608 0.5451
0.27059 0.39608 0.5451
0.27059 0.38824 0.53725
0.27059 0.38824 0.53725
0.26275 0.38039 0.52941
0.25882 0.37647 0.52157
0.25882 0.37647 0.51765
0.2549 0.37255 0.51373
0.2549 0.37255 0.51373
0.24314 0.36078 0.50196
0.2549 0.37255 0.51373
0.25882 0.37647 0.51765
0.2549 0.37255 0.51373
0.24706 0.36471 0.50588
0.25098 0.36863 0.5098
0.23922 0.36078 0.49804
0.24314 0.35686 0.49804
0.23529 0.3451 0.4902
0.23529 0.3451 0.4902
0.23529 0.34118 0.48627
0.23922 0.34902 0.49412
0.24314 0.35686 0.49412
0.24706 0.36078 0.49412
0.25882 0.38039 0.52941
0.26275 0.38431 0.52941
0.26275 0.38039 0.52157
0.25882 0.37647 0.51765
0.2549 0.37255 0.51373
0.25098 0.36863 0.5098
0.25882 0.37647 0.51765
0.25882 0.37647 0.51765
0.24706 0.36471 0.50588
0.23529 0.35294 0.49412
0.25098 0.36863 0.5098
0.25098 0.36863 0.5098
0.24706 0.36078 0.50588
0.24706 0.35294 0.49804
0.23922 0.35294 0.48627
0.23137 0.3451 0.48235
0.24314 0.35294 0.4902
0.24314 0.35686 0.4902
0.23529 0.34902 0.48235
