0.62745 0.58039 0.53333
0.63137 0.58431 0.53725
0.62745 0.58039 0.53333
0.62745 0.58039 0.53333
0.62745 0.58039 0.53333
0.62745 0.58039 0.53333
0.63137 0.58431 0.53725
0.62353 0.57647 0.52941
0.62353 0.57647 0.52941
0.62745 0.58039 0.53333
0.62353 0.57647 0.52941
0.62353 0.57647 0.52941
0.62353 0.57647 0.52941
0.62745 0.58039 0.53333
0.62745 0.58039 0.53333
0.62745 0.58039 0.53333
0.62745 0.58039 0.53333
0.62745 0.58039 0.52941
0.62353 0.58039 0.52549
0.62745 0.58039 0.52941
0.63137 0.58824 0.53333
0.62353 0.58431 0.52941
0.63529 0.58431 0.52941
0.62745 0.58039 0.52549
0.62745 0.58039 0.52549
0.62745 0.58431 0.52941
