0.91765 0.8 0.67451
0.9098 0.79216 0.67059
0.9098 0.79608 0.67059
0.90196 0.78824 0.66275
0.9098 0.79608 0.67059
0.92157 0.80392 0.68235
0.92157 0.80784 0.68235
0.91765 0.8 0.67843
0.91765 0.79608 0.67451
0.93725 0.81961 0.69804
0.91765 0.80392 0.67843
0.91765 0.80392 0.67843
0.91373 0.79608 0.67451
0.92157 0.8 0.67843
0.92941 0.80784 0.68627
0.92549 0.80392 0.68235
0.91765 0.80392 0.67843
0.9098 0.78824 0.66667
0.91765 0.79608 0.67451
0.91765 0.80392 0.67843
0.90196 0.78431 0.65882
0.91765 0.8 0.67451
0.92549 0.80784 0.68627
0.92549 0.81176 0.6902
