0.49412 0.56863 0.68235
0.49804 0.57255 0.6902
0.50588 0.57255 0.6902
0.50196 0.57647 0.69412
0.50588 0.58039 0.69804
0.50196 0.57647 0.69412
0.50196 0.57255 0.6902
0.49804 0.57255 0.6902
0.49412 0.56863 0.68627
0.50196 0.56863 0.68627
0.49804 0.56078 0.68235
0.51373 0.58824 0.70588
0.50588 0.58039 0.69804
0.50196 0.57647 0.69412
0.5098 0.57647 0.69412
0.5098 0.57647 0.6902
0.5098 0.57647 0.6902
0.49412 0.57255 0.68627
0.49804 0.57255 0.69412
0.47059 0.53333 0.66275
0.5098 0.58039 0.69804
0.5098 0.58431 0.70196
0.50196 0.57255 0.6902
0.50196 0.57255 0.6902
0.51765 0.58431 0.70196
0.5098 0.57647 0.6902
0.5098 0.57647 0.68627
0.49804 0.57647 0.68627
0.49804 0.57255 0.6902
0.42353 0.4902 0.61569
0.51765 0.58431 0.70196
0.51373 0.58039 0.69804
0.5098 0.57647 0.69412
0.5098 0.57647 0.69412
0.51765 0.58431 0.70196
0.5098 0.57647 0.69804
0.5098 0.57647 0.6902
0.5098 0.58039 0.68627
0.49412 0.57647 0.67843
0.49412 0.57255 0.68235
0.41961 0.48627 0.60392
0.51765 0.58431 0.69804
0.52157 0.58824 0.70196
0.51373 0.57647 0.69412
0.5098 0.57647 0.70196
0.50588 0.57647 0.70196
0.50196 0.57647 0.69804
0.51373 0.58039 0.69804
0.5098 0.58039 0.69412
0.50196 0.57255 0.6902
0.49804 0.57647 0.68235
0.4902 0.56863 0.67843
0.51765 0.58431 0.69412
0.51765 0.58431 0.69804
0.51373 0.58039 0.69804
0.5098 0.57647 0.70588
0.50196 0.57647 0.70196
0.49804 0.57647 0.69804
0.5098 0.58039 0.69804
0.5098 0.58039 0.69804
0.50196 0.57647 0.69412
0.50196 0.58039 0.6902
0.49412 0.56471 0.68627
0.51765 0.58431 0.70196
0.51765 0.58431 0.70196
0.51373 0.58039 0.70196
0.51373 0.57647 0.70588
0.50196 0.58039 0.70196
0.50196 0.58039 0.70196
0.5098 0.57647 0.69412
0.50588 0.57647 0.69412
0.50196 0.57647 0.69412
0.50196 0.57647 0.69412
0.47451 0.5451 0.67059
0.51765 0.58431 0.70196
0.51373 0.58039 0.69804
0.5098 0.57647 0.69804
0.5098 0.58039 0.70588
0.50588 0.58039 0.70588
0.50588 0.58039 0.70588
0.5098 0.58039 0.69804
0.50196 0.57647 0.69412
0.50196 0.57647 0.69412
0.50196 0.58039 0.69804
0.47451 0.5451 0.67451
0.51765 0.58824 0.70588
0.5098 0.58431 0.7098
0.50196 0.57647 0.70588
0.49804 0.57255 0.69412
0.50588 0.58039 0.69804
0.50588 0.58039 0.69804
0.50196 0.57647 0.69412
0.50588 0.58039 0.69804
0.47843 0.54902 0.67843
0.51373 0.58039 0.70196
0.50196 0.57647 0.70196
0.50196 0.57647 0.70196
0.50588 0.58039 0.70196
0.50588 0.57647 0.69804
0.5098 0.58431 0.70196
0.50196 0.57647 0.69412
0.50196 0.57647 0.69412
0.48235 0.55294 0.67843
0.50196 0.57647 0.70196
0.50196 0.57647 0.69804
0.50196 0.57647 0.6902
0.50196 0.58039 0.6902
0.50196 0.57647 0.6902
0.49804 0.57255 0.6902
0.47843 0.5451 0.67451
0.47451 0.53333 0.66275
0.47451 0.53725 0.66667
