0.21569 0.57647 0.79216
0.21569 0.57255 0.78039
0.21176 0.57255 0.79216
0.22353 0.57647 0.79216
0.20392 0.56863 0.79216
0.20784 0.57255 0.79608
0.22353 0.58431 0.8
0.21176 0.57647 0.79608
0.20392 0.57255 0.79608
0.19608 0.56471 0.78824
0.19608 0.56471 0.78431
0.20784 0.58039 0.79608
0.2 0.57255 0.79216
0.19608 0.56863 0.78824
0.19608 0.56863 0.78039
0.19216 0.56471 0.77647
0.21569 0.58431 0.80392
0.20784 0.58039 0.8
0.20392 0.57647 0.79608
0.19216 0.57255 0.78824
0.21961 0.59608 0.81569
0.21176 0.58824 0.80392
0.20392 0.58039 0.8
0.2 0.57647 0.79608
0.20392 0.57647 0.79608
0.20784 0.58824 0.80392
0.2 0.57647 0.79608
0.21176 0.58039 0.8
0.20392 0.58824 0.80392
0.20784 0.59216 0.80784
0.21176 0.59216 0.80784
0.21176 0.58824 0.80784
0.20784 0.58039 0.8
0.20784 0.57647 0.79608
0.20784 0.58431 0.80392
0.20392 0.58039 0.79608
