0.9451 0.86667 0.73725
0.94118 0.86275 0.73333
0.93725 0.85882 0.72941
0.94118 0.85882 0.73725
0.9451 0.86667 0.74118
0.94118 0.85882 0.73333
0.9451 0.86667 0.74118
0.95686 0.88235 0.76471
0.9451 0.86667 0.7451
0.95294 0.87059 0.74902
0.95294 0.87059 0.74902
0.9451 0.86275 0.74118
0.94902 0.87843 0.76078
0.9451 0.87059 0.7451
0.93725 0.86275 0.73725
0.92941 0.84706 0.72549
0.94902 0.87843 0.75686
0.93333 0.85882 0.73333
0.93333 0.85098 0.72941
0.95294 0.87843 0.76471
0.94118 0.86275 0.7451
0.9451 0.86275 0.74118
0.92941 0.85098 0.72157
