0.43137 0.5451 0.73725
0.43137 0.5451 0.73725
0.43137 0.5451 0.73725
0.43137 0.5451 0.73725
0.43922 0.55294 0.7451
0.43137 0.5451 0.73725
0.43137 0.54118 0.72941
0.43529 0.54118 0.72941
0.43137 0.54118 0.73725
0.43529 0.5451 0.74118
0.43137 0.54118 0.73725
0.43529 0.54118 0.73725
0.43529 0.53725 0.73333
0.44314 0.5451 0.73725
0.43922 0.5451 0.73725
0.44314 0.5451 0.73725
0.43922 0.54118 0.73333
0.44314 0.5451 0.73725
0.44314 0.5451 0.73725
0.44314 0.5451 0.73725
0.43922 0.54118 0.73333
0.43922 0.54118 0.73333
0.44314 0.5451 0.73725
