0.91765 0.79608 0.67451
0.9098 0.78824 0.66667
0.9098 0.78824 0.66667
0.90588 0.78431 0.66275
0.9098 0.79608 0.67451
0.9098 0.78824 0.66667
0.89804 0.77647 0.6549
0.9098 0.78431 0.66667
0.91765 0.79608 0.67843
0.92157 0.80392 0.68627
0.90196 0.78431 0.66667
0.9098 0.78824 0.67059
0.90588 0.78431 0.66275
0.90588 0.78431 0.66275
0.9098 0.78824 0.67059
0.89804 0.77647 0.66667
0.90196 0.78824 0.67059
0.91373 0.8 0.68235
0.9098 0.79608 0.67451
0.90588 0.78824 0.66275
0.90588 0.79216 0.66667
0.92157 0.80392 0.68235
0.92157 0.8 0.68627
0.9098 0.78824 0.67059
0.90588 0.78431 0.66275
0.9098 0.79608 0.67451
0.90196 0.78824 0.66667
0.90588 0.78824 0.67059
0.91373 0.79216 0.67843
0.91765 0.79608 0.67451
0.9098 0.79608 0.67843
0.9098 0.79608 0.67843
0.90588 0.78824 0.67451
0.91765 0.79608 0.68235
0.9098 0.78824 0.67059
0.88627 0.76863 0.64706
