0.81961 0.79608 0.81961
0.85098 0.85882 0.87843
0.78824 0.78431 0.83137
0.83529 0.83922 0.85882
0.86667 0.83922 0.87451
0.76078 0.75686 0.79216
0.81961 0.81569 0.84314
0.87843 0.84706 0.84706
0.77647 0.76078 0.78431
0.82745 0.8 0.80784
0.92941 0.92549 0.89412
0.80392 0.80392 0.76078
0.83137 0.80392 0.83137
0.81569 0.79216 0.80392
0.84706 0.81569 0.80784
0.88627 0.88235 0.87843
0.77647 0.78039 0.78431
0.75686 0.7451 0.77647
0.77255 0.76471 0.77255
0.85882 0.84314 0.81961
0.9098 0.90196 0.92941
0.74118 0.72157 0.77255
0.83137 0.80392 0.84706
0.71765 0.71373 0.76078
