0.039216 0.17255 0.34902
0.031373 0.16863 0.3451
0.031373 0.16078 0.34118
0.035294 0.16863 0.3451
0.027451 0.16471 0.33725
0.027451 0.17255 0.34118
0.023529 0.17255 0.3451
0.039216 0.17255 0.35294
0.035294 0.16863 0.3451
0.027451 0.16078 0.33333
0.027451 0.16471 0.32941
0.023529 0.15686 0.32157
0.0078431 0.1451 0.30588
0.015686 0.1451 0.30588
0.023529 0.1451 0.29804
0.031373 0.14118 0.29804
0.12157 0.30588 0.47059
0.047059 0.18039 0.3451
0.035294 0.18431 0.35294
0.023529 0.18039 0.34902
0.027451 0.16863 0.3451
0.031373 0.16078 0.34118
0.023529 0.16078 0.32941
0.023529 0.16078 0.32549
0.023529 0.15686 0.32549
0.011765 0.14902 0.31373
0.011765 0.14118 0.30196
0.023529 0.14118 0.29804
0.031373 0.15294 0.30196
0.090196 0.24314 0.41961
0.039216 0.17647 0.34118
0.027451 0.17255 0.34118
0.015686 0.17255 0.34118
0.023529 0.17255 0.3451
0.031373 0.16863 0.3451
0.023529 0.16471 0.33333
0.023529 0.16471 0.32941
0.019608 0.15686 0.32549
0.0078431 0.14902 0.3098
0.011765 0.14118 0.29804
0.015686 0.14118 0.29804
0.027451 0.14902 0.29804
0.07451 0.21569 0.37255
0.039216 0.18039 0.3451
0.035294 0.17647 0.34902
0.023529 0.17255 0.3451
0.015686 0.17255 0.34118
0.027451 0.17255 0.3451
0.023529 0.16863 0.33725
0.023529 0.16863 0.33333
0.023529 0.16078 0.32549
0.015686 0.14902 0.3098
0.015686 0.1451 0.30196
0.015686 0.14902 0.30196
0.035294 0.14902 0.30588
0.05098 0.18039 0.33333
0.035294 0.18824 0.35294
0.035294 0.18431 0.35294
0.027451 0.17255 0.3451
0.023529 0.16863 0.34118
0.031373 0.17647 0.34902
0.027451 0.17255 0.34118
0.015686 0.16078 0.32549
0.027451 0.16471 0.32941
0.023529 0.15686 0.32157
0.019608 0.14902 0.3098
0.019608 0.14902 0.30196
0.031373 0.1451 0.29804
0.035294 0.15686 0.30196
0.019608 0.17647 0.3451
0.023529 0.18039 0.34902
0.023529 0.17255 0.3451
0.039216 0.18039 0.35294
0.035294 0.18039 0.35294
0.023529 0.16863 0.33725
0.015686 0.16078 0.32549
0.023529 0.16471 0.32941
0.023529 0.16078 0.32549
0.019608 0.15294 0.31373
0.019608 0.1451 0.29804
0.027451 0.14902 0.29804
0.031373 0.15686 0.29412
0.18431 0.38431 0.56471
0.035294 0.18824 0.35686
0.023529 0.17647 0.3451
0.023529 0.17647 0.3451
0.031373 0.18039 0.34902
0.027451 0.17647 0.3451
0.023529 0.17255 0.34118
0.015686 0.16471 0.33725
0.015686 0.16078 0.32549
0.015686 0.15294 0.31373
0.011765 0.1451 0.29804
0.027451 0.14902 0.29412
0.023529 0.1451 0.2902
0.15294 0.33333 0.50588
0.023529 0.18431 0.34902
0.019608 0.18039 0.3451
0.019608 0.18039 0.3451
0.023529 0.17647 0.3451
0.027451 0.18039 0.34902
0.023529 0.17647 0.3451
0.019608 0.16863 0.34118
0.015686 0.16078 0.32549
0.019608 0.16078 0.32157
0.011765 0.1451 0.30196
0.027451 0.1451 0.29804
0.027451 0.1451 0.29804
0.12549 0.29412 0.46667
0.011765 0.17647 0.34118
0.019608 0.18431 0.34902
0.015686 0.17647 0.34118
0.015686 0.17647 0.34118
0.015686 0.17647 0.3451
0.019608 0.17255 0.34118
0.011765 0.15686 0.32549
0.019608 0.16078 0.32157
0.011765 0.1451 0.30588
0.019608 0.14118 0.29804
0.019608 0.14118 0.29412
0.090196 0.25098 0.42353
0.015686 0.18039 0.34118
0.011765 0.17647 0.34118
0.0078431 0.17255 0.33725
0.015686 0.16471 0.33725
0.015686 0.15686 0.33333
0.019608 0.15294 0.32549
0.019608 0.14902 0.31373
0.023529 0.14902 0.3098
0.015686 0.16863 0.3451
0.023529 0.16471 0.34118
