0.23529 0.35686 0.50196
0.23529 0.35686 0.50196
0.24314 0.36078 0.5098
0.23529 0.36471 0.50588
0.23922 0.36078 0.5098
0.24314 0.36078 0.5098
0.23529 0.35294 0.49412
0.24314 0.36471 0.5098
0.24314 0.36078 0.5098
0.23529 0.35294 0.49412
0.23529 0.35294 0.49412
0.24314 0.36078 0.50196
0.23922 0.35686 0.49804
0.23529 0.35686 0.50196
0.23922 0.35686 0.50196
0.23922 0.35686 0.49804
0.23529 0.35294 0.49412
0.23922 0.35686 0.49804
0.23922 0.35686 0.49804
0.23922 0.36471 0.50588
0.24314 0.36863 0.5098
0.23922 0.36471 0.50588
