0.67843 0.62745 0.57647
0.68235 0.63137 0.57255
0.6902 0.62745 0.57255
0.68235 0.63137 0.58039
0.68235 0.63137 0.57647
0.6902 0.63529 0.58039
0.6902 0.63137 0.57647
0.6902 0.63137 0.57647
0.68627 0.63137 0.58039
0.68627 0.63137 0.58039
0.68627 0.63137 0.58039
0.68627 0.63137 0.58431
0.68627 0.63137 0.58039
0.6902 0.63529 0.58431
0.6902 0.63529 0.58431
0.68627 0.63137 0.58039
0.68627 0.63137 0.58039
0.68627 0.63137 0.58039
0.68235 0.62745 0.57647
0.68627 0.63137 0.58039
0.68627 0.63137 0.58039
0.68235 0.62745 0.57647
0.6902 0.63529 0.58431
0.6902 0.63529 0.58431
0.68627 0.63137 0.58039
0.68627 0.63137 0.58039
0.68627 0.63137 0.58039
0.68235 0.62745 0.57647
0.68235 0.62745 0.57647
0.68235 0.63137 0.58039
0.68235 0.63137 0.58039
0.68627 0.63137 0.58039
0.68627 0.63137 0.58039
0.68627 0.62745 0.57647
0.68235 0.63137 0.58039
