0.12157 0.13725 0.070588
0.11765 0.12941 0.062745
0.090196 0.098039 0.054902
0.1451 0.15686 0.086275
0.098039 0.10196 0.043137
0.098039 0.10196 0.05098
0.1098 0.1098 0.066667
0.098039 0.098039 0.062745
0.1451 0.14902 0.082353
0.12941 0.16078 0.086275
0.11373 0.13725 0.066667
0.098039 0.1098 0.054902
0.12549 0.13333 0.078431
0.12157 0.12549 0.07451
0.10588 0.11373 0.054902
0.12941 0.14118 0.07451
0.094118 0.11765 0.05098
0.090196 0.098039 0.043137
0.11373 0.11765 0.066667
0.10588 0.11373 0.058824
0.098039 0.1098 0.043137
0.14118 0.15294 0.086275
0.10196 0.11765 0.062745
0.090196 0.10196 0.043137
0.12157 0.12941 0.07451
0.10588 0.11373 0.058824
0.24706 0.25882 0.2
0.10588 0.12941 0.058824
0.14118 0.15686 0.098039
