0.47843 0.61569 0.77255
0.48235 0.61569 0.77255
0.4902 0.61961 0.78039
0.48627 0.61961 0.77647
0.47059 0.61176 0.76863
0.47843 0.61569 0.77255
0.48627 0.61569 0.77647
0.48627 0.61176 0.77255
0.49804 0.62353 0.78431
0.4902 0.61961 0.78039
0.48627 0.61569 0.77647
0.47843 0.61569 0.77255
0.47843 0.61569 0.77255
0.48235 0.61569 0.77255
0.48235 0.61176 0.77255
0.47843 0.60784 0.76863
0.4902 0.61569 0.77647
0.49412 0.61961 0.78039
0.48627 0.61569 0.77647
0.48627 0.61569 0.77647
0.47843 0.61569 0.77255
0.48627 0.62353 0.78039
0.48627 0.61961 0.77647
0.48235 0.61176 0.77255
0.48235 0.61569 0.77255
0.48627 0.61569 0.77647
0.4902 0.61961 0.78039
0.4902 0.61961 0.78039
0.4902 0.61961 0.78039
0.48235 0.61961 0.77647
0.47451 0.61569 0.77255
0.47843 0.61961 0.77647
0.47843 0.61961 0.77647
0.48235 0.61569 0.77255
0.4902 0.61961 0.78039
0.49412 0.61961 0.78039
0.48627 0.62353 0.78039
0.47843 0.61569 0.77255
0.47843 0.61569 0.77255
0.47843 0.61569 0.77255
0.47843 0.61569 0.77255
0.48235 0.61961 0.77647
0.49412 0.62353 0.78431
0.4902 0.61961 0.78039
0.48235 0.62353 0.77647
0.47451 0.61176 0.76863
0.48627 0.61961 0.78039
0.48235 0.61569 0.77255
0.47843 0.61569 0.77255
0.48627 0.61961 0.77647
0.48627 0.61569 0.77647
0.48235 0.61569 0.77647
0.48235 0.62353 0.78039
0.4902 0.62353 0.77647
0.48235 0.61176 0.77255
0.48235 0.61176 0.77255
0.48627 0.61569 0.77647
0.4902 0.61569 0.78039
0.4902 0.61961 0.78039
0.48627 0.61569 0.77647
0.48235 0.61176 0.77255
0.4902 0.61961 0.78039
0.48235 0.61961 0.77647
0.48235 0.61961 0.77647
0.48235 0.61176 0.77255
0.48235 0.61176 0.77255
0.48627 0.61569 0.77647
0.4902 0.61961 0.78039
0.4902 0.61961 0.78039
0.48627 0.61569 0.77647
0.4902 0.61961 0.78039
0.49412 0.62353 0.78431
0.48627 0.62353 0.78039
0.48235 0.61961 0.77647
0.49412 0.63137 0.78824
0.47843 0.60784 0.76863
0.48627 0.61569 0.77647
0.4902 0.61961 0.78039
0.4902 0.61961 0.78039
0.4902 0.61961 0.78039
0.4902 0.61961 0.78039
0.49412 0.62353 0.78431
0.49412 0.62353 0.78431
0.48627 0.62353 0.78039
0.48235 0.61961 0.77647
0.49412 0.63137 0.78824
0.48235 0.61176 0.77255
0.4902 0.61961 0.78039
0.4902 0.61961 0.78039
0.48627 0.61569 0.77647
0.4902 0.61961 0.78039
0.49412 0.62745 0.77647
0.49412 0.62745 0.77647
0.49412 0.62745 0.78431
0.4902 0.61961 0.78431
0.4902 0.61961 0.78431
0.49412 0.62353 0.78431
0.4902 0.61961 0.78039
0.49412 0.62353 0.78431
0.48627 0.61569 0.77647
0.48627 0.61569 0.77647
0.49412 0.62353 0.78039
0.4902 0.62353 0.77255
0.4902 0.62353 0.77255
0.4902 0.62353 0.78039
0.49412 0.61961 0.78824
0.4902 0.61961 0.78824
0.4902 0.61961 0.78039
0.48235 0.61176 0.77255
0.4902 0.61961 0.78039
0.48627 0.61569 0.77647
0.4902 0.61961 0.78039
0.4902 0.61961 0.78039
0.49412 0.62745 0.77647
0.49412 0.62745 0.77647
0.48627 0.61961 0.77647
0.49412 0.62353 0.78824
0.49412 0.62353 0.78824
0.49412 0.62353 0.78431
0.48627 0.61569 0.77647
0.4902 0.61961 0.78039
0.4902 0.61961 0.78039
0.48627 0.61961 0.78039
0.4902 0.62353 0.78039
0.4902 0.62745 0.77255
0.4902 0.62745 0.78039
0.48627 0.62353 0.78039
0.49412 0.62353 0.78431
0.49804 0.62745 0.78824
0.4902 0.61961 0.78039
0.4902 0.61961 0.78039
0.4902 0.61961 0.78039
0.4902 0.61961 0.78039
0.48627 0.61961 0.77647
0.48235 0.61961 0.77255
0.48627 0.62353 0.77647
0.4902 0.62745 0.78039
0.48627 0.62353 0.78039
0.49804 0.62745 0.78824
0.49804 0.62745 0.78824
0.49412 0.62353 0.78431
0.49804 0.63137 0.78431
0.48627 0.61569 0.77647
0.48627 0.61569 0.77647
0.48627 0.61569 0.77647
0.49412 0.62353 0.77647
0.49412 0.62353 0.77647
0.48627 0.61569 0.78039
0.4902 0.62353 0.78431
0.4902 0.62745 0.78431
0.49412 0.62353 0.78431
0.49412 0.62353 0.78431
0.49804 0.62745 0.78824
0.50196 0.63137 0.78431
0.48627 0.61569 0.77647
0.48235 0.61176 0.77255
0.4902 0.61961 0.78039
0.49804 0.62745 0.78431
0.49412 0.62353 0.78039
0.4902 0.61961 0.78431
0.4902 0.61961 0.78039
0.4902 0.62353 0.78039
0.4902 0.62745 0.78431
0.48627 0.62353 0.78039
0.4902 0.62353 0.78431
0.48627 0.61569 0.77647
0.48627 0.61569 0.77647
0.48627 0.61569 0.77647
0.4902 0.61961 0.78039
0.4902 0.61961 0.78039
0.49412 0.62353 0.78431
0.49412 0.62353 0.78431
0.49412 0.62353 0.78431
0.48627 0.62353 0.78039
0.4902 0.62745 0.78431
0.4902 0.62745 0.78431
0.49412 0.63137 0.78039
0.48627 0.61569 0.77647
0.48627 0.61569 0.77647
0.4902 0.61961 0.78039
0.4902 0.61961 0.78039
0.48627 0.61569 0.77647
0.49412 0.62353 0.78431
0.49412 0.62353 0.78431
0.4902 0.61961 0.78039
0.4902 0.62745 0.78431
0.4902 0.62745 0.78431
0.49412 0.63137 0.78824
0.49804 0.63137 0.78431
0.48235 0.61176 0.77255
0.48627 0.61569 0.77647
0.48627 0.61569 0.77647
0.48627 0.61569 0.77647
0.4902 0.61961 0.78039
0.49412 0.62353 0.78431
0.49412 0.62353 0.78824
0.4902 0.61961 0.78431
0.4902 0.62353 0.78431
0.4902 0.62353 0.78431
0.4902 0.62353 0.78431
0.49804 0.62745 0.78431
0.49412 0.62745 0.78039
0.48627 0.61569 0.77647
0.4902 0.61961 0.78039
0.48627 0.61569 0.77647
0.48627 0.61569 0.77647
0.48627 0.61569 0.77647
0.49804 0.62745 0.78824
0.49412 0.62353 0.78824
0.4902 0.61961 0.78431
0.4902 0.61961 0.78431
0.49804 0.62745 0.78824
0.49412 0.62353 0.78431
0.49804 0.62745 0.78824
0.50588 0.63529 0.79216
0.50196 0.63529 0.78431
0.4902 0.61961 0.78039
0.4902 0.61961 0.78039
0.49412 0.62353 0.78431
0.4902 0.61961 0.78039
0.4902 0.61961 0.78039
0.49412 0.62353 0.78431
0.49804 0.62745 0.78431
0.49804 0.62745 0.78824
0.49804 0.62745 0.78431
0.50196 0.63137 0.79216
0.50196 0.63137 0.79216
0.49804 0.62745 0.78824
0.50196 0.63137 0.79216
0.50588 0.63922 0.78824
0.49804 0.63137 0.78039
0.48627 0.61961 0.77647
0.48627 0.61569 0.77647
0.49412 0.62353 0.78824
0.4902 0.61961 0.78039
0.49412 0.62353 0.78431
0.4902 0.61961 0.78039
0.49412 0.62745 0.78039
0.49804 0.63529 0.78431
0.49412 0.63137 0.78039
0.49804 0.62745 0.78431
0.49804 0.62745 0.78824
0.50196 0.63137 0.79216
0.50196 0.63137 0.79216
0.49804 0.63137 0.78039
0.49804 0.63137 0.78039
0.4902 0.61961 0.77255
0.48627 0.61569 0.77647
0.4902 0.61961 0.78431
0.49412 0.62353 0.78824
0.49412 0.62353 0.78431
0.4902 0.61961 0.78039
0.49412 0.62353 0.77647
0.49804 0.63137 0.78039
0.49804 0.63137 0.78039
0.49412 0.62745 0.78039
0.49412 0.62353 0.78431
0.50588 0.63529 0.79608
0.50196 0.63137 0.78824
0.50196 0.63529 0.78431
0.49412 0.62353 0.78431
0.49412 0.62353 0.78431
0.49412 0.62353 0.78039
0.49412 0.62353 0.77647
0.49412 0.62745 0.77647
0.49412 0.62353 0.77647
0.49804 0.63137 0.78039
0.49804 0.63137 0.78039
0.50196 0.63137 0.78824
0.50196 0.63137 0.79216
0.50588 0.63529 0.79608
0.50196 0.63137 0.79216
0.49412 0.62353 0.78824
0.49412 0.62353 0.78431
0.49412 0.62745 0.78039
0.49412 0.62745 0.77647
0.49412 0.62745 0.77647
0.49804 0.63137 0.78039
0.49804 0.63137 0.78431
0.49804 0.63137 0.78039
0.50196 0.63529 0.78824
0.49804 0.62745 0.78824
0.50196 0.63137 0.79216
0.49412 0.62353 0.78431
0.49412 0.62353 0.78431
0.49412 0.62353 0.78431
0.49804 0.63137 0.78824
0.4902 0.62745 0.78431
0.49412 0.63137 0.78824
0.49412 0.63137 0.78431
0.4902 0.61961 0.78039
0.49412 0.62353 0.78431
0.49412 0.62353 0.78431
0.49412 0.62745 0.78824
0.48627 0.62353 0.78039
0.4902 0.62745 0.78431
0.4902 0.62745 0.78039
0.49412 0.62353 0.78431
0.49412 0.62353 0.78431
0.4902 0.61961 0.78039
0.4902 0.62353 0.78039
0.4902 0.62745 0.78431
0.49412 0.63137 0.78824
0.49804 0.62745 0.78824
0.49412 0.62353 0.78431
0.4902 0.61961 0.78039
0.4902 0.62353 0.78039
0.49412 0.62353 0.78431
0.4902 0.61961 0.78039
0.49412 0.62353 0.78431
0.49412 0.62745 0.78824
0.4902 0.62353 0.78039
0.49804 0.62745 0.78824
0.49804 0.62745 0.78824
0.49412 0.62353 0.78431
0.49804 0.62745 0.78824
0.49804 0.62745 0.78824
0.49804 0.62745 0.78824
0.49412 0.62353 0.78431
