0.2 0.33725 0.50196
0.18824 0.36863 0.54902
0.15294 0.34118 0.52941
0.2 0.30196 0.44706
0.18039 0.31765 0.47843
0.18039 0.36471 0.54902
0.14902 0.34118 0.53333
0.13333 0.32549 0.51765
0.17255 0.27843 0.43137
0.19216 0.2902 0.44314
0.19608 0.2902 0.43922
0.19608 0.29412 0.44314
0.18431 0.28627 0.43137
0.18824 0.2902 0.43529
0.18431 0.31765 0.46275
0.18431 0.37255 0.5451
0.14118 0.34902 0.54118
0.12941 0.33333 0.52157
0.11765 0.32157 0.5098
0.1098 0.31373 0.50196
0.18431 0.28235 0.43922
0.18431 0.28235 0.43922
0.18431 0.28235 0.43922
0.18039 0.2902 0.44314
0.18431 0.28627 0.43922
0.18431 0.28235 0.42745
0.18431 0.28235 0.42745
0.18431 0.28627 0.43137
0.18039 0.28235 0.42745
0.18039 0.29412 0.44314
0.20784 0.38039 0.5451
0.15294 0.36078 0.54118
0.13725 0.33725 0.52549
0.12157 0.32549 0.51373
0.10588 0.3098 0.49804
0.19216 0.2902 0.43529
0.19216 0.2902 0.44314
0.18039 0.28627 0.43529
0.17647 0.28627 0.43529
0.18824 0.29412 0.43922
0.19608 0.29804 0.44706
0.18431 0.28627 0.43137
0.17647 0.27059 0.41176
0.18824 0.27843 0.43529
0.17647 0.28235 0.44314
0.20392 0.36471 0.52941
0.18431 0.39216 0.56863
0.12549 0.3451 0.52157
0.12549 0.33333 0.51373
0.13725 0.33725 0.52157
0.11373 0.32157 0.5098
0.18824 0.28235 0.43137
0.18039 0.28235 0.42745
0.18824 0.29412 0.43922
0.18431 0.29412 0.43922
0.18431 0.28627 0.43137
0.18431 0.28627 0.43137
0.17255 0.27451 0.41961
0.16863 0.26667 0.41961
0.19608 0.27843 0.42745
0.20392 0.34118 0.50196
0.19608 0.41176 0.59608
0.14902 0.37255 0.56078
0.12549 0.33725 0.52941
0.12549 0.32941 0.52549
0.11765 0.33333 0.52157
0.10588 0.32941 0.51765
0.18039 0.28235 0.42745
0.18824 0.28627 0.43137
0.18824 0.27843 0.42745
0.19608 0.29804 0.44314
0.19216 0.29804 0.44314
0.18431 0.28627 0.43137
0.17647 0.27843 0.42353
0.17255 0.27451 0.41961
0.17255 0.26275 0.41961
0.18431 0.30196 0.45882
0.22353 0.41961 0.59216
0.16863 0.40784 0.6
0.14118 0.36863 0.55294
0.12549 0.35686 0.54118
0.12941 0.35294 0.54118
0.12549 0.3451 0.5451
0.11765 0.3451 0.53333
0.17647 0.28235 0.43137
0.17647 0.27843 0.43137
0.18824 0.28627 0.43922
0.19608 0.29412 0.43922
0.19608 0.29804 0.43922
0.19608 0.29412 0.43529
0.19608 0.29804 0.43529
0.17255 0.27843 0.41961
0.17255 0.27843 0.41961
0.19216 0.28235 0.43137
0.22353 0.38431 0.55686
0.19216 0.42353 0.61176
0.1451 0.38039 0.57647
0.13333 0.36471 0.55686
0.12549 0.36078 0.55294
0.11765 0.35294 0.54902
0.16471 0.28235 0.42745
0.16863 0.27843 0.43137
0.18431 0.28235 0.43922
0.18431 0.28627 0.43922
0.19608 0.29804 0.44706
0.20392 0.30588 0.44706
0.19216 0.29412 0.43137
0.18824 0.2902 0.42745
0.18039 0.28235 0.41961
0.17255 0.27451 0.42353
0.20392 0.33725 0.49804
0.22745 0.43529 0.61176
0.1451 0.39608 0.58824
0.12941 0.37647 0.57647
0.12941 0.37255 0.57255
0.12549 0.36078 0.56863
0.12157 0.35686 0.56078
0.10588 0.34902 0.54902
0.17255 0.28235 0.43529
0.17647 0.27843 0.43137
0.18824 0.28627 0.44314
0.19216 0.29412 0.43922
0.19608 0.29804 0.43922
0.18824 0.2902 0.42745
0.18824 0.2902 0.42745
0.18039 0.27843 0.41176
0.17255 0.30196 0.45098
0.21961 0.41176 0.59216
0.12549 0.38431 0.57647
0.12941 0.38431 0.57647
0.12549 0.37255 0.57255
0.12549 0.36471 0.56471
0.11373 0.35686 0.55686
0.18824 0.2902 0.43922
0.18824 0.28627 0.43922
0.19608 0.29804 0.43922
0.19608 0.29804 0.43922
0.18824 0.2902 0.43137
0.18824 0.28627 0.42353
0.17255 0.27843 0.41961
0.21176 0.39216 0.54902
0.11373 0.35686 0.55686
0.098039 0.3451 0.5451
0.18824 0.28235 0.43137
0.20392 0.30588 0.44314
0.19216 0.29412 0.43529
0.18824 0.2902 0.43529
0.18039 0.28235 0.42745
0.20392 0.32941 0.48627
0.19216 0.29412 0.43137
0.19608 0.29804 0.43922
0.2 0.30196 0.44706
0.17255 0.28235 0.43529
0.23529 0.41961 0.58431
0.19608 0.29412 0.43529
0.18431 0.28627 0.43137
0.2 0.34902 0.50588
0.17255 0.29804 0.44314
0.19608 0.36863 0.53725
