0.60392 0.66667 0.74902
0.60392 0.67059 0.74902
0.6 0.66667 0.7451
0.6 0.66667 0.7451
0.59216 0.66275 0.74118
0.58824 0.65882 0.74118
0.60392 0.67059 0.74902
0.6 0.67059 0.74902
0.6 0.66667 0.7451
0.58824 0.6549 0.74118
0.58824 0.6549 0.74118
0.59608 0.66667 0.74902
0.59608 0.66275 0.75294
0.58824 0.65882 0.7451
0.58039 0.65882 0.74118
0.57255 0.6549 0.73725
0.59608 0.66667 0.74902
0.59608 0.66667 0.75294
0.59216 0.66275 0.74902
0.58039 0.65882 0.7451
0.57647 0.65882 0.7451
0.59608 0.66667 0.74902
0.59608 0.66667 0.75294
0.59216 0.66275 0.74902
0.58431 0.66275 0.7451
0.57255 0.65882 0.74118
0.59608 0.66667 0.75294
0.59608 0.66667 0.75294
