0.64314 0.59608 0.5451
0.64314 0.6 0.54902
0.64706 0.60392 0.55294
0.63922 0.6 0.55294
0.64314 0.6 0.54902
0.65098 0.60392 0.5451
0.64314 0.60392 0.55294
0.64314 0.6 0.54902
0.64706 0.6 0.54902
0.65098 0.60392 0.54902
0.65098 0.60392 0.54902
0.64706 0.6 0.55294
0.64706 0.6 0.5451
0.65098 0.60392 0.54902
0.64706 0.6 0.5451
0.64706 0.6 0.5451
0.64314 0.59216 0.54118
0.64706 0.6 0.5451
0.65098 0.60392 0.5451
0.64314 0.59608 0.54118
0.64706 0.6 0.5451
0.64314 0.59608 0.5451
0.64706 0.6 0.54902
0.64706 0.6 0.5451
