0.59216 0.66667 0.74118
0.58039 0.66275 0.73725
0.58039 0.66667 0.74118
0.60392 0.67451 0.75294
0.58431 0.66667 0.74118
0.58431 0.66667 0.74118
0.58431 0.66667 0.74118
0.58431 0.66667 0.74118
0.58431 0.66667 0.74118
0.58039 0.66275 0.7451
0.57255 0.6549 0.73725
0.60784 0.67843 0.75686
0.61176 0.68235 0.76078
0.60784 0.67843 0.75686
0.6 0.67059 0.75294
0.58431 0.66667 0.74118
0.58824 0.67059 0.7451
0.58824 0.67059 0.7451
0.58431 0.66667 0.74118
0.58431 0.66667 0.7451
0.58039 0.66275 0.7451
0.58039 0.66275 0.7451
0.57647 0.65882 0.74118
0.58039 0.66275 0.7451
0.60784 0.67843 0.75686
0.60784 0.67843 0.75686
0.61176 0.68235 0.75686
0.60784 0.68235 0.75294
0.60784 0.68235 0.75294
0.61176 0.68235 0.75294
0.60392 0.67451 0.75294
0.59608 0.66667 0.7451
0.59608 0.66667 0.75294
0.59608 0.66667 0.75294
0.59216 0.66275 0.74902
0.58824 0.67059 0.7451
0.58039 0.66275 0.74118
0.58431 0.66667 0.74118
0.58039 0.66275 0.73725
0.58039 0.66275 0.74118
0.58431 0.66667 0.7451
0.58431 0.66667 0.74902
0.58039 0.66275 0.7451
0.58039 0.66275 0.7451
0.6 0.68235 0.76471
0.6 0.68235 0.76471
0.61176 0.68235 0.76863
0.60784 0.67843 0.76078
0.61176 0.68235 0.76078
0.60784 0.67843 0.75686
0.60392 0.67451 0.75294
0.60784 0.67843 0.75686
0.60392 0.67451 0.75294
0.59608 0.67059 0.74902
0.58824 0.67059 0.75294
0.58824 0.67059 0.74902
0.59216 0.67451 0.7451
0.58431 0.66667 0.74118
0.58431 0.66667 0.74118
0.58431 0.66667 0.74902
0.58431 0.66667 0.74902
0.58039 0.66275 0.7451
0.58039 0.66275 0.73725
0.58431 0.66667 0.74118
0.57647 0.65882 0.73333
0.58039 0.66275 0.73725
0.58039 0.66275 0.74118
0.60784 0.67843 0.76471
0.60392 0.68235 0.76471
0.60392 0.68235 0.76471
0.60784 0.68235 0.76471
0.61176 0.68235 0.76863
0.61176 0.68235 0.76471
0.61569 0.68627 0.76078
0.60392 0.67451 0.75294
0.6 0.67059 0.74902
0.60392 0.67451 0.75294
0.60392 0.67451 0.75294
0.6 0.67059 0.75294
0.59216 0.67843 0.76078
0.59216 0.67451 0.75294
0.58824 0.67059 0.7451
0.58431 0.66667 0.74118
0.58824 0.67059 0.7451
0.58824 0.66667 0.75294
0.58824 0.66275 0.74902
0.58824 0.66667 0.74902
0.59216 0.67059 0.7451
0.59216 0.66667 0.7451
0.58431 0.65882 0.73725
0.58039 0.66275 0.73725
0.57647 0.65882 0.73725
0.60784 0.67843 0.76471
0.61176 0.67843 0.76863
0.61176 0.68235 0.76863
0.60784 0.67843 0.76471
0.60784 0.67843 0.76863
0.60784 0.67843 0.76078
0.61176 0.68235 0.76078
0.60784 0.67843 0.75686
0.6 0.67059 0.74902
0.60392 0.67451 0.75294
0.60392 0.67451 0.75294
0.6 0.67059 0.75294
0.59216 0.67451 0.75686
0.59216 0.67059 0.74902
0.58824 0.67059 0.7451
0.58824 0.67059 0.7451
0.59216 0.67059 0.74902
0.59216 0.66275 0.74902
0.59216 0.66275 0.74902
0.59216 0.66275 0.7451
0.59608 0.66667 0.7451
0.59608 0.66667 0.7451
0.58824 0.6549 0.73333
0.58431 0.66275 0.73725
0.57647 0.65882 0.73333
0.57647 0.65882 0.74118
0.57255 0.65882 0.74118
0.59216 0.67843 0.76863
0.60392 0.68235 0.77647
0.60784 0.68235 0.76863
0.61176 0.68235 0.76863
0.61961 0.68235 0.77255
0.61176 0.67843 0.76863
0.60784 0.67843 0.76471
0.60784 0.67843 0.76863
0.60784 0.67843 0.76471
0.60784 0.67843 0.76078
0.60392 0.67451 0.75294
0.60392 0.67451 0.75294
0.60784 0.67843 0.75686
0.60392 0.67451 0.75294
0.6 0.67059 0.75294
0.6 0.67059 0.75686
0.59608 0.67451 0.75686
0.58824 0.67059 0.75294
0.58824 0.67059 0.75294
0.59216 0.67059 0.75686
0.59608 0.66667 0.75686
0.59216 0.66275 0.74902
0.59216 0.66275 0.74118
0.59608 0.66667 0.7451
0.59608 0.66667 0.7451
0.59216 0.66275 0.74118
0.58824 0.65882 0.73725
0.58431 0.6549 0.73333
0.58039 0.6549 0.73333
0.58039 0.65882 0.73725
0.57647 0.65882 0.74118
0.58824 0.67451 0.76863
0.6 0.67843 0.77255
0.60784 0.68235 0.76863
0.61569 0.68235 0.77255
0.61961 0.68235 0.77255
0.61176 0.67843 0.76471
0.60784 0.67843 0.76863
0.60784 0.67843 0.77255
0.60784 0.67843 0.76863
0.60784 0.67843 0.75686
0.60392 0.67451 0.75294
0.60392 0.67451 0.75294
0.61176 0.68235 0.76078
0.60392 0.67451 0.75294
0.60392 0.67451 0.75294
0.60392 0.67059 0.75686
0.59608 0.67451 0.75686
0.58824 0.67059 0.75294
0.58824 0.67059 0.75294
0.58824 0.66667 0.75294
0.59608 0.66667 0.76078
0.59608 0.66667 0.75294
0.59216 0.66275 0.7451
0.59216 0.66275 0.74118
0.59608 0.66667 0.7451
0.59216 0.66275 0.74118
0.58431 0.6549 0.73333
0.58431 0.6549 0.73333
0.58431 0.6549 0.73333
0.58039 0.65882 0.73333
0.57255 0.6549 0.73725
0.58431 0.67451 0.76863
0.59216 0.67843 0.76863
0.6 0.68235 0.77255
0.60784 0.68235 0.76863
0.61961 0.68627 0.77255
0.61961 0.68235 0.77255
0.61569 0.68235 0.77255
0.60784 0.67843 0.76863
0.60784 0.67843 0.77255
0.61176 0.68235 0.76863
0.61176 0.68235 0.76078
0.60784 0.67843 0.75686
0.60392 0.67451 0.75294
0.60784 0.67843 0.75686
0.60784 0.67843 0.75686
0.6 0.67059 0.74902
0.60392 0.67451 0.76078
0.58824 0.66667 0.75294
0.59216 0.67451 0.75686
0.59216 0.67451 0.75686
0.58824 0.66667 0.75294
0.58824 0.65882 0.75294
0.59608 0.66667 0.75294
0.59216 0.66275 0.7451
0.59216 0.66275 0.74118
0.59216 0.66275 0.74118
0.59216 0.66275 0.74118
0.58431 0.6549 0.73333
0.58431 0.6549 0.73333
0.58431 0.6549 0.73333
0.57647 0.6549 0.72941
0.59216 0.67843 0.77255
0.59216 0.67451 0.76863
0.6 0.68235 0.77255
0.61176 0.68235 0.76863
0.61569 0.68235 0.76471
0.61961 0.68235 0.77255
0.61569 0.68235 0.77255
0.61176 0.67843 0.76863
0.61569 0.68627 0.78039
0.61176 0.68235 0.76863
0.60784 0.67843 0.76078
0.60784 0.67843 0.75686
0.60784 0.67843 0.75686
0.60392 0.67451 0.75294
0.60784 0.67843 0.75686
0.60784 0.67843 0.75686
0.6 0.67059 0.74902
0.59216 0.67059 0.74902
0.58824 0.67059 0.74902
0.59216 0.67451 0.75294
0.58824 0.67059 0.75294
0.58824 0.66275 0.74902
0.6 0.66667 0.75686
0.59608 0.66275 0.74902
0.58824 0.65882 0.73725
0.58824 0.65882 0.73725
0.59216 0.66275 0.74118
0.58431 0.65882 0.73725
0.58039 0.65882 0.73333
0.57647 0.6549 0.73333
0.58039 0.65882 0.73333
0.58824 0.67451 0.76863
0.59608 0.67843 0.77647
0.6 0.67451 0.77255
0.61176 0.68235 0.76863
0.61176 0.67843 0.76471
0.61961 0.68627 0.77255
0.61961 0.68235 0.77255
0.61176 0.67451 0.76863
0.60784 0.67843 0.77255
0.60784 0.67843 0.76863
0.61176 0.68235 0.76078
0.60784 0.67843 0.75686
0.60784 0.67843 0.75686
0.60784 0.67843 0.75686
0.60392 0.67451 0.75294
0.60392 0.67451 0.75294
0.6 0.67059 0.74902
0.59608 0.67451 0.74902
0.59216 0.67059 0.7451
0.58824 0.67059 0.75294
0.58824 0.67059 0.75294
0.58824 0.66667 0.74902
0.59216 0.66275 0.74902
0.59608 0.65882 0.74902
0.59216 0.66275 0.74118
0.59608 0.66667 0.7451
0.59608 0.66667 0.7451
0.58431 0.66275 0.73725
0.58039 0.66275 0.73725
0.57647 0.65882 0.73333
0.57647 0.65882 0.73333
0.59216 0.67843 0.77255
0.59608 0.67843 0.77647
0.59608 0.67451 0.77255
0.60784 0.67843 0.77255
0.61176 0.68235 0.77255
0.61176 0.68235 0.76863
0.61569 0.68627 0.77255
0.61176 0.68235 0.77255
0.61176 0.68235 0.77647
0.60784 0.67843 0.76471
0.61176 0.68235 0.76078
0.60784 0.67843 0.75686
0.60392 0.67451 0.75294
0.60392 0.67451 0.75294
0.61176 0.67843 0.75686
0.60784 0.67451 0.75294
0.60392 0.67059 0.74902
0.60784 0.67451 0.75294
0.6 0.67059 0.74902
0.59608 0.66667 0.75294
0.59608 0.67451 0.75686
0.59216 0.66667 0.7451
0.59216 0.65882 0.73725
0.59608 0.66275 0.74118
0.59216 0.66275 0.74118
0.59608 0.66667 0.7451
0.59608 0.66667 0.74118
0.58431 0.66667 0.74118
0.58039 0.66275 0.73725
0.58039 0.66275 0.73725
0.59216 0.67843 0.77255
0.59608 0.67843 0.77647
0.59608 0.67843 0.77647
0.6 0.67451 0.77255
0.60784 0.68235 0.77255
0.60784 0.68627 0.76863
0.61569 0.68627 0.77255
0.60784 0.67843 0.76863
0.60784 0.67843 0.76863
0.60784 0.67843 0.76471
0.61176 0.68235 0.76471
0.60784 0.67843 0.75686
0.60784 0.67843 0.75686
0.61176 0.68235 0.76078
0.61176 0.67843 0.75686
0.60784 0.67451 0.74902
0.60784 0.67451 0.74902
0.60784 0.67451 0.75294
0.6 0.67059 0.75294
0.59216 0.66667 0.74902
0.59216 0.67059 0.74902
0.59608 0.67451 0.74902
0.58824 0.66275 0.74118
0.59216 0.66667 0.7451
0.59216 0.67059 0.7451
0.58824 0.66667 0.74118
0.59216 0.66667 0.7451
0.58824 0.67059 0.7451
0.58039 0.66275 0.73725
0.57647 0.65882 0.73333
0.58824 0.67451 0.76863
0.59608 0.68235 0.77647
0.59608 0.68235 0.77647
0.59216 0.67059 0.76863
0.59608 0.67843 0.76863
0.60392 0.68627 0.76863
0.61176 0.68627 0.77255
0.61176 0.67843 0.76471
0.60784 0.67843 0.76471
0.61176 0.68235 0.76863
0.61176 0.68235 0.76863
0.61176 0.68235 0.76078
0.61176 0.68235 0.76078
0.61176 0.68235 0.76078
0.61176 0.67843 0.75294
0.61176 0.67843 0.74902
0.60784 0.67451 0.7451
0.60784 0.67451 0.75294
0.6 0.67059 0.74902
0.58824 0.67059 0.7451
0.58824 0.67059 0.7451
0.59216 0.67451 0.74902
0.58431 0.67059 0.7451
0.58431 0.66667 0.74118
0.58824 0.67059 0.7451
0.58824 0.67059 0.7451
0.58431 0.66667 0.74118
0.58039 0.66275 0.73725
0.58039 0.66275 0.73725
0.59608 0.68235 0.77647
0.59608 0.68235 0.77647
0.59608 0.68235 0.77647
0.60392 0.67843 0.77647
0.6 0.68235 0.77255
0.60392 0.6902 0.76863
0.61569 0.6902 0.77647
0.61569 0.68235 0.76863
0.60784 0.67843 0.75686
0.60392 0.67451 0.75686
0.61176 0.68235 0.76078
0.60784 0.67843 0.75686
0.60784 0.67843 0.75686
0.60784 0.67843 0.75686
0.61176 0.68235 0.76078
0.61569 0.68235 0.75686
0.61176 0.67843 0.75686
0.60392 0.67451 0.75294
0.6 0.67059 0.74902
0.58824 0.67059 0.7451
0.58431 0.66667 0.74118
0.58824 0.67059 0.7451
0.58431 0.66667 0.74118
0.58431 0.66667 0.74118
0.59216 0.66667 0.7451
0.58824 0.65882 0.73725
0.58824 0.66275 0.74118
0.58824 0.65882 0.73725
0.59216 0.66667 0.74118
0.59216 0.67843 0.77255
0.6 0.68235 0.78039
0.6 0.68235 0.77647
0.6 0.67843 0.77255
0.60392 0.68235 0.76863
0.60784 0.6902 0.77255
0.61176 0.68627 0.77255
0.60784 0.67843 0.76471
0.61176 0.68235 0.76078
0.61569 0.68627 0.76471
0.60784 0.67843 0.75686
0.60392 0.67451 0.75294
0.60392 0.67451 0.75294
0.60392 0.67451 0.75294
0.60784 0.67451 0.75686
0.61176 0.67843 0.75686
0.61176 0.67843 0.75686
0.60392 0.67451 0.75294
0.60392 0.67451 0.75686
0.59608 0.67451 0.75294
0.58824 0.67059 0.7451
0.58824 0.67059 0.7451
0.59216 0.67059 0.7451
0.59608 0.67059 0.74902
0.6 0.67059 0.74902
0.59608 0.66667 0.7451
0.59608 0.66667 0.7451
0.59216 0.66275 0.74118
0.60392 0.68235 0.78039
0.60392 0.68235 0.78039
0.6 0.67843 0.77255
0.60392 0.68627 0.76863
0.60784 0.6902 0.77255
0.60784 0.6902 0.77255
0.61176 0.6902 0.77255
0.61961 0.6902 0.76863
0.61176 0.68235 0.76078
0.60784 0.67843 0.75294
0.60784 0.67843 0.75686
0.60784 0.67843 0.75686
0.61176 0.68235 0.76078
0.60784 0.67451 0.75294
0.61176 0.67843 0.75686
0.61176 0.67843 0.75686
0.60392 0.67451 0.75686
0.60392 0.67451 0.76078
0.6 0.67059 0.75686
0.59608 0.67059 0.75294
0.58824 0.67059 0.7451
0.6 0.67059 0.74902
0.6 0.66667 0.74902
0.59216 0.66275 0.74902
0.59608 0.66667 0.75294
0.59216 0.66275 0.74902
0.58824 0.65882 0.73725
0.60392 0.68627 0.78039
0.60392 0.68235 0.78039
0.60392 0.68235 0.77647
0.6 0.68235 0.76471
0.60392 0.68627 0.76863
0.60784 0.6902 0.77255
0.61176 0.69412 0.77647
0.61176 0.68235 0.76863
0.60784 0.67843 0.76078
0.61176 0.68235 0.76471
0.61569 0.68627 0.76863
0.60784 0.67843 0.75686
0.61176 0.68235 0.76078
0.61569 0.68235 0.76078
0.61176 0.67843 0.75686
0.60784 0.67451 0.75294
0.6 0.67451 0.75686
0.59608 0.67451 0.75686
0.59608 0.67451 0.75686
0.59216 0.67451 0.75294
0.58824 0.67451 0.7451
0.6 0.67451 0.74902
0.6 0.67059 0.75294
0.59608 0.66667 0.75294
0.59216 0.66275 0.74902
0.58824 0.65882 0.7451
0.59216 0.66275 0.74118
0.59608 0.66667 0.7451
0.6 0.68627 0.78039
0.60784 0.68627 0.78039
0.60784 0.68627 0.77647
0.60784 0.6902 0.77255
0.60784 0.6902 0.77255
0.60392 0.68627 0.76863
0.60392 0.68627 0.76863
0.61176 0.68235 0.76863
0.60784 0.67843 0.76471
0.61176 0.68235 0.76863
0.61176 0.68235 0.76078
0.60784 0.67843 0.75686
0.60784 0.67843 0.75686
0.61569 0.68235 0.76078
0.61569 0.68235 0.76078
0.60784 0.67451 0.75294
0.6 0.67451 0.75294
0.58824 0.67059 0.75686
0.59608 0.67843 0.76078
0.58824 0.67059 0.75294
0.59216 0.67451 0.74902
0.60392 0.67843 0.75294
0.6 0.67059 0.74902
0.6 0.67059 0.75294
0.59216 0.66275 0.74902
0.58824 0.65882 0.7451
0.59216 0.66667 0.7451
0.59216 0.66667 0.7451
0.60392 0.68627 0.78039
0.6 0.68627 0.77647
0.6 0.67843 0.76863
0.60392 0.68627 0.76863
0.60784 0.6902 0.77255
0.60784 0.68235 0.76863
0.61176 0.68235 0.76863
0.61176 0.68235 0.76863
0.60784 0.67843 0.76078
0.61176 0.68235 0.76078
0.61176 0.68235 0.76078
0.60784 0.67843 0.75686
0.60784 0.67843 0.75686
0.61176 0.68235 0.76078
0.61569 0.68627 0.76471
0.60784 0.67843 0.75294
0.60392 0.67451 0.75686
0.59608 0.67059 0.75686
0.59216 0.67451 0.75686
0.58824 0.67451 0.75294
0.59216 0.67451 0.74902
0.6 0.67059 0.74902
0.6 0.67059 0.74902
0.6 0.67059 0.74902
0.59216 0.66275 0.7451
0.59608 0.66667 0.7451
0.58431 0.66667 0.74118
0.58039 0.66667 0.73725
0.59608 0.68235 0.77255
0.59608 0.68235 0.77647
0.59608 0.67451 0.76863
0.6 0.68235 0.76471
0.60784 0.6902 0.77255
0.61176 0.68627 0.77255
0.61569 0.68627 0.77255
0.61176 0.68235 0.76863
0.61176 0.68235 0.76471
0.61176 0.68235 0.76078
0.61176 0.68235 0.76078
0.60784 0.67843 0.75686
0.60784 0.67843 0.75686
0.60784 0.67843 0.76078
0.60784 0.67843 0.76078
0.61176 0.68235 0.76471
0.60392 0.67451 0.75686
0.6 0.67451 0.75686
0.59216 0.67843 0.75686
0.58824 0.67451 0.74902
0.59608 0.67843 0.75294
0.6 0.67451 0.74902
0.6 0.67059 0.74902
0.59608 0.66667 0.7451
0.6 0.67059 0.74902
0.59608 0.66667 0.7451
0.58824 0.66667 0.7451
0.58824 0.66667 0.7451
0.59608 0.67843 0.76863
0.6 0.68235 0.76471
0.60784 0.6902 0.77255
0.61569 0.68627 0.77255
0.61569 0.68627 0.77255
0.61176 0.68235 0.76863
0.61569 0.68627 0.76863
0.61569 0.68627 0.76471
0.60784 0.68235 0.76078
0.60392 0.67451 0.75686
0.60784 0.67843 0.75686
0.60784 0.67843 0.76471
0.60392 0.67451 0.76471
0.60392 0.67451 0.76078
0.60392 0.67451 0.75294
0.60392 0.67843 0.75294
0.59216 0.67451 0.74902
0.58824 0.67843 0.74902
0.59216 0.67451 0.74902
0.59608 0.67059 0.74902
0.6 0.67059 0.74902
0.59608 0.66667 0.7451
0.6 0.67059 0.74902
0.6 0.67059 0.74902
0.59608 0.66667 0.74902
0.60784 0.68627 0.78039
0.6 0.68235 0.76863
0.6 0.68235 0.76471
0.60784 0.6902 0.77255
0.61569 0.68627 0.77255
0.61961 0.68627 0.77255
0.61176 0.68235 0.76863
0.61176 0.68235 0.76863
0.61569 0.68627 0.77255
0.6 0.68235 0.76471
0.6 0.68235 0.76471
0.60784 0.68235 0.76471
0.60784 0.67843 0.76078
0.60784 0.67843 0.75686
0.60392 0.67451 0.75294
0.60392 0.67451 0.75294
0.60784 0.67843 0.75686
0.6 0.67451 0.74902
0.59608 0.67059 0.74902
0.60392 0.67843 0.75686
0.6 0.67059 0.74902
0.60392 0.67451 0.75294
0.6 0.67059 0.74902
0.6 0.67059 0.74902
0.59608 0.66667 0.7451
0.59216 0.66667 0.75294
0.59216 0.66667 0.74902
0.60784 0.68627 0.78039
0.60392 0.68235 0.76863
0.60784 0.6902 0.77255
0.60784 0.6902 0.77255
0.61176 0.68627 0.77255
0.61569 0.68627 0.77255
0.61569 0.68627 0.77255
0.61176 0.68235 0.76863
0.61176 0.68627 0.77255
0.60392 0.68627 0.77255
0.6 0.68235 0.76471
0.61176 0.68627 0.77255
0.61176 0.68235 0.76471
0.61176 0.68235 0.76078
0.60784 0.67843 0.75686
0.60784 0.67843 0.75686
0.60784 0.67843 0.75686
0.60784 0.67451 0.75294
0.60392 0.67451 0.75294
0.60392 0.67451 0.75294
0.59608 0.66667 0.7451
0.6 0.67059 0.74902
0.6 0.67059 0.74902
0.6 0.67059 0.74902
0.59608 0.66667 0.74902
0.6 0.66667 0.75686
0.59608 0.66667 0.75294
0.60784 0.68627 0.78039
0.60784 0.6902 0.77255
0.60784 0.6902 0.77255
0.60392 0.68627 0.76863
0.61569 0.6902 0.77255
0.61961 0.6902 0.77647
0.61569 0.68627 0.77255
0.61176 0.68235 0.76863
0.61176 0.68235 0.76863
0.60392 0.68627 0.76863
0.6 0.68235 0.76471
0.61176 0.68627 0.76863
0.61176 0.68235 0.76471
0.61176 0.68235 0.76078
0.61176 0.68235 0.76078
0.60784 0.67451 0.75294
0.60392 0.67451 0.75294
0.60784 0.67843 0.75686
0.60392 0.67451 0.75294
0.6 0.67059 0.74902
0.6 0.67059 0.74902
0.6 0.67059 0.74902
0.6 0.67059 0.74902
0.59608 0.66667 0.7451
0.59608 0.66667 0.7451
0.60392 0.66275 0.75686
0.61176 0.68627 0.78039
0.61176 0.68627 0.78039
0.61176 0.68627 0.76863
0.61176 0.68627 0.77255
0.61176 0.68627 0.77255
0.61961 0.6902 0.77647
0.61961 0.6902 0.77647
0.61176 0.68235 0.77647
0.61569 0.68627 0.77647
0.61176 0.68235 0.77255
0.60392 0.67843 0.76471
0.60392 0.67843 0.76471
0.61176 0.68235 0.76863
0.60784 0.67843 0.76078
0.60784 0.68235 0.76078
0.6 0.68235 0.75686
0.59608 0.67843 0.75294
0.59608 0.67451 0.75294
0.6 0.67843 0.75294
0.59608 0.67451 0.75294
0.59608 0.67451 0.74902
0.59216 0.67451 0.74902
0.6 0.67451 0.74902
0.60392 0.67451 0.75294
0.6 0.67059 0.74902
0.6 0.67059 0.74902
0.59608 0.66275 0.7451
0.59608 0.66667 0.74902
0.61569 0.68627 0.78039
0.61569 0.68627 0.77255
0.61569 0.68627 0.77255
0.61569 0.68627 0.77255
0.61961 0.6902 0.77647
0.61961 0.6902 0.78039
0.61569 0.68627 0.78039
0.61569 0.68627 0.78039
0.61569 0.68627 0.78039
0.61176 0.68235 0.76863
0.60784 0.67843 0.76471
0.60784 0.67843 0.76471
0.61176 0.68235 0.76471
0.60392 0.68235 0.75686
0.6 0.68235 0.75686
0.59608 0.68235 0.75294
0.59608 0.67843 0.75294
0.59216 0.67843 0.75294
0.6 0.68235 0.75686
0.59608 0.67843 0.75294
0.58824 0.67451 0.74902
0.59216 0.67451 0.74902
0.6 0.67059 0.74902
0.6 0.67059 0.74902
0.60392 0.67451 0.75294
0.59608 0.66667 0.7451
0.59608 0.66667 0.74118
0.61961 0.6902 0.78431
0.61961 0.6902 0.77647
0.61569 0.68627 0.77255
0.61961 0.6902 0.77647
0.61961 0.6902 0.77647
0.61961 0.6902 0.77647
0.61569 0.68627 0.78039
0.61176 0.68235 0.77647
0.61961 0.6902 0.78431
0.61176 0.68235 0.76863
0.60784 0.67843 0.76471
0.61176 0.68235 0.76863
0.61176 0.68235 0.76471
0.60392 0.68235 0.75686
0.6 0.68627 0.75686
0.6 0.68627 0.75686
0.6 0.68235 0.75686
0.6 0.68235 0.75686
0.6 0.68235 0.75686
0.59216 0.67451 0.74902
0.59216 0.67451 0.74902
0.59608 0.67451 0.74902
0.60392 0.67451 0.75294
0.6 0.67059 0.74902
0.60392 0.67451 0.75294
0.59608 0.66667 0.7451
0.6 0.67059 0.74902
0.6 0.67059 0.74902
0.59608 0.66667 0.7451
0.61961 0.6902 0.77647
0.61961 0.6902 0.77647
0.61961 0.6902 0.77647
0.61569 0.68627 0.77255
0.61961 0.6902 0.77255
0.61569 0.68627 0.77255
0.61961 0.6902 0.77647
0.61569 0.68627 0.77255
0.61176 0.68235 0.76471
0.61176 0.68235 0.76471
0.61569 0.68627 0.76863
0.61176 0.68235 0.76078
0.60784 0.67843 0.75686
0.60392 0.68235 0.75686
0.6 0.68235 0.75686
0.59608 0.68235 0.75686
0.6 0.68235 0.75686
0.59608 0.67843 0.75294
0.59216 0.67451 0.74902
0.6 0.67843 0.75294
0.60392 0.67843 0.75686
0.60392 0.67451 0.75686
0.60392 0.67451 0.75686
0.6 0.67059 0.75294
0.59608 0.66667 0.7451
0.6 0.67059 0.74902
0.59608 0.67059 0.7451
0.61961 0.6902 0.77647
0.61961 0.6902 0.77647
0.61961 0.6902 0.77647
0.61961 0.6902 0.76863
0.61961 0.6902 0.76863
0.61961 0.6902 0.76863
0.61961 0.6902 0.76863
0.61569 0.68627 0.76471
0.61569 0.68627 0.76078
0.61569 0.68627 0.76471
0.61569 0.68627 0.76471
0.61569 0.68627 0.76471
0.61176 0.68235 0.76078
0.60392 0.67451 0.75294
0.60392 0.68235 0.75686
0.6 0.68235 0.75686
0.59608 0.67843 0.75294
0.59608 0.67843 0.75294
0.59608 0.67843 0.75294
0.6 0.67451 0.74902
0.6 0.67059 0.74902
0.6 0.67059 0.75294
0.60392 0.67451 0.75686
0.6 0.67059 0.75294
0.59608 0.66667 0.7451
0.6 0.67059 0.7451
0.59216 0.66667 0.73333
0.59216 0.66667 0.7451
0.61569 0.68627 0.77647
0.61961 0.6902 0.77647
0.61961 0.6902 0.77647
0.61961 0.6902 0.76863
0.61961 0.6902 0.76863
0.61961 0.6902 0.76863
0.61569 0.68627 0.76471
0.61569 0.68627 0.76471
0.61569 0.68627 0.76471
0.61569 0.68627 0.76471
0.61176 0.68235 0.76078
0.60784 0.67843 0.75686
0.60392 0.67843 0.75686
0.60392 0.68627 0.76078
0.59608 0.67843 0.75294
0.59608 0.67843 0.75294
0.59608 0.67843 0.75294
0.6 0.67451 0.74902
0.60392 0.67451 0.75294
0.60392 0.67451 0.74902
0.60392 0.67451 0.75294
0.60392 0.67451 0.74902
0.59608 0.66667 0.7451
0.59608 0.67059 0.7451
0.61961 0.6902 0.76863
0.61961 0.6902 0.76863
0.61569 0.68627 0.76471
0.61569 0.68627 0.76471
0.61569 0.68627 0.76471
0.61569 0.68627 0.76471
0.61961 0.6902 0.76863
0.61569 0.68627 0.76471
0.60784 0.67843 0.75686
0.6 0.67843 0.75294
0.6 0.68235 0.75686
0.6 0.68235 0.76078
0.6 0.68235 0.75686
0.59608 0.68235 0.75294
0.6 0.67451 0.75294
0.60784 0.67843 0.75294
0.6 0.67451 0.7451
0.6 0.67451 0.74118
0.61569 0.68627 0.76471
0.61961 0.68627 0.76471
0.61961 0.68627 0.76471
0.61569 0.68235 0.76078
0.61569 0.67843 0.75686
0.61569 0.68627 0.76471
0.60784 0.68235 0.76078
0.6 0.67843 0.75294
0.60784 0.67843 0.75686
0.6 0.68235 0.75686
0.59216 0.68235 0.75294
0.59608 0.68235 0.75686
0.6 0.67843 0.75294
0.60784 0.67843 0.75294
0.61961 0.68627 0.76471
0.61176 0.68235 0.76078
0.60784 0.68235 0.76078
0.60784 0.68235 0.75686
0.61176 0.68627 0.76078
0.6 0.68627 0.75686
0.59216 0.67843 0.75294
0.6 0.67451 0.75294
0.60784 0.67843 0.75686
0.60784 0.68235 0.76078
0.60392 0.67843 0.75686
0.60784 0.68235 0.76078
0.6 0.68235 0.75686
0.60392 0.68235 0.76078
0.60392 0.67451 0.75294
0.60392 0.67451 0.76078
0.60392 0.67843 0.76471
0.60784 0.68235 0.76471
0.6 0.68235 0.76471
0.6 0.68235 0.76471
