0.23922 0.32941 0.49412
0.23137 0.32549 0.49412
0.23529 0.32157 0.48627
0.23529 0.32549 0.49804
0.24314 0.32549 0.48627
0.24314 0.32941 0.49804
0.23529 0.32549 0.49412
0.23922 0.32157 0.48235
0.24314 0.32941 0.4902
0.23137 0.32549 0.4902
0.24706 0.33333 0.49412
0.23137 0.32157 0.48627
0.22353 0.31373 0.48627
0.24314 0.33333 0.49412
0.23137 0.32157 0.4902
0.23529 0.32549 0.49412
0.22353 0.31373 0.48627
0.22353 0.31765 0.48627
0.23529 0.32549 0.49804
0.23922 0.32941 0.50196
0.23922 0.32941 0.49804
0.23922 0.32941 0.50588
