0.46667 0.57647 0.7451
0.47059 0.58431 0.74902
0.46667 0.58039 0.74902
0.46667 0.58039 0.7451
0.46667 0.58039 0.7451
0.47059 0.58431 0.7451
0.46667 0.58039 0.73725
0.46667 0.58039 0.73725
0.46667 0.58039 0.73333
0.47843 0.58824 0.74118
0.48235 0.59216 0.7451
0.46275 0.57647 0.74902
0.46275 0.57647 0.7451
0.46275 0.57647 0.74118
0.46667 0.58039 0.7451
0.47059 0.58431 0.7451
0.46667 0.58431 0.73725
0.46667 0.58431 0.73725
0.47059 0.58431 0.74118
0.47843 0.58824 0.74118
0.47843 0.58824 0.74118
0.47843 0.58824 0.74118
0.47451 0.58431 0.74118
0.46275 0.57647 0.74902
0.45882 0.57255 0.7451
0.45882 0.57255 0.74118
0.46275 0.57647 0.7451
0.47059 0.58431 0.74902
0.47451 0.58431 0.7451
0.47059 0.58431 0.74118
0.47059 0.58431 0.7451
0.47451 0.58824 0.7451
0.47451 0.58431 0.74118
0.47451 0.58431 0.74118
0.47451 0.58431 0.74118
0.47059 0.58039 0.73725
0.47451 0.58431 0.73725
0.47059 0.57647 0.75294
0.46275 0.57647 0.74902
0.45882 0.57255 0.7451
0.45882 0.57255 0.7451
0.46275 0.58039 0.75294
0.47059 0.58039 0.74902
0.47451 0.58039 0.7451
0.47059 0.58431 0.7451
0.47059 0.58431 0.74902
0.46667 0.58039 0.7451
0.46667 0.58039 0.74118
0.47843 0.58824 0.7451
0.47843 0.58824 0.74902
0.47451 0.58431 0.74118
0.47843 0.58824 0.74118
0.47451 0.58431 0.73725
0.46275 0.57647 0.74902
0.46667 0.57647 0.74902
0.46667 0.57255 0.74902
0.46667 0.58039 0.75294
0.46275 0.57647 0.74902
0.46275 0.57647 0.74902
0.46667 0.58039 0.75294
0.47059 0.58039 0.74902
0.47059 0.58039 0.74118
0.47451 0.58039 0.7451
0.47451 0.58039 0.74902
0.47059 0.58039 0.74902
0.47059 0.58039 0.74118
0.47843 0.58824 0.7451
0.48235 0.59216 0.74902
0.47843 0.58824 0.7451
0.48235 0.59216 0.7451
0.46275 0.57647 0.74902
0.47059 0.57647 0.74902
0.46275 0.57255 0.74902
0.45882 0.57255 0.7451
0.46275 0.57255 0.7451
0.46667 0.57647 0.75294
0.46275 0.57647 0.74902
0.47059 0.58431 0.75294
0.47059 0.58039 0.74118
0.47451 0.58431 0.7451
0.47451 0.58039 0.7451
0.47059 0.57647 0.7451
0.47451 0.58431 0.7451
0.48235 0.59216 0.74902
0.48627 0.59608 0.75294
0.48235 0.58824 0.7451
0.47843 0.58824 0.74118
0.4549 0.56863 0.73333
0.45098 0.54902 0.7098
0.47059 0.57255 0.74118
0.46667 0.57255 0.74902
0.46667 0.57255 0.74902
0.46667 0.57255 0.74902
0.46275 0.57647 0.73725
0.46667 0.58431 0.73725
0.4549 0.58039 0.73333
0.46667 0.58431 0.74118
0.47059 0.58431 0.74118
0.47451 0.58431 0.74118
0.47451 0.58431 0.74118
0.47843 0.58824 0.7451
0.48235 0.58431 0.7451
0.4902 0.58824 0.7451
0.48627 0.58431 0.74118
0.48627 0.58431 0.74118
0.48235 0.58039 0.73725
0.4 0.52157 0.67451
0.30196 0.40392 0.55686
0.41961 0.51373 0.68235
0.47843 0.58431 0.76078
0.47451 0.58039 0.75686
0.46667 0.57255 0.74902
0.47451 0.58431 0.7451
0.46667 0.58431 0.74118
0.45882 0.58431 0.73725
0.46667 0.58824 0.74118
0.47451 0.58824 0.74118
0.47843 0.58824 0.7451
0.47451 0.58431 0.74118
0.47451 0.58431 0.74118
0.48235 0.58431 0.7451
0.48627 0.58431 0.7451
0.49412 0.59216 0.74902
0.48627 0.58431 0.74118
0.4902 0.58824 0.7451
0.46275 0.57255 0.74118
0.46275 0.56078 0.72549
0.45098 0.55686 0.72549
0.46667 0.57255 0.74902
0.47451 0.58039 0.75686
0.46667 0.57255 0.74902
0.46667 0.58039 0.74118
0.46667 0.58431 0.73725
0.45882 0.58039 0.73725
0.46667 0.58431 0.74118
0.47059 0.58431 0.74118
0.47843 0.58824 0.7451
0.47843 0.58824 0.7451
0.47451 0.58431 0.74118
0.48235 0.58431 0.7451
0.4902 0.58824 0.7451
0.4902 0.58824 0.7451
0.46667 0.57647 0.74902
0.47059 0.58039 0.75686
0.46275 0.57647 0.74902
0.46275 0.57647 0.7451
0.47059 0.58431 0.7451
0.47059 0.58039 0.74118
0.47059 0.58039 0.73725
0.47059 0.58039 0.73725
0.46667 0.58039 0.73725
0.47059 0.58039 0.7451
0.47451 0.58039 0.74902
0.47843 0.58431 0.75294
0.48235 0.58824 0.75686
0.47843 0.58431 0.74902
0.48235 0.58431 0.74118
0.48627 0.58431 0.74118
0.45882 0.57255 0.7451
0.46275 0.57647 0.74902
0.47059 0.58431 0.74902
0.47451 0.58824 0.74902
0.46667 0.58039 0.73725
0.47451 0.58431 0.74118
0.47843 0.58824 0.7451
0.47843 0.58824 0.74118
0.47451 0.58431 0.7451
0.47843 0.58431 0.75686
0.47451 0.58039 0.74902
0.47059 0.57647 0.74902
0.48235 0.58824 0.75294
0.4902 0.59216 0.74902
0.4902 0.58824 0.74118
0.46667 0.58039 0.74902
0.46667 0.58039 0.7451
0.46667 0.58039 0.7451
0.47059 0.58431 0.74118
0.47059 0.58431 0.74118
0.47843 0.58824 0.7451
0.47451 0.58431 0.74118
0.47843 0.58431 0.74902
0.47451 0.58039 0.74902
0.47059 0.57647 0.7451
0.47059 0.57647 0.7451
0.47843 0.58431 0.74902
0.4902 0.59216 0.75294
0.4902 0.58824 0.74118
0.46275 0.57647 0.74902
0.46667 0.58039 0.74902
0.47451 0.58824 0.74902
0.47059 0.58431 0.74118
0.47843 0.59216 0.74902
0.47843 0.58824 0.7451
0.48235 0.59216 0.75294
0.48235 0.58824 0.74902
0.47451 0.58039 0.7451
0.47451 0.58039 0.74902
0.48235 0.58824 0.75686
0.4902 0.58824 0.74902
0.46275 0.57255 0.7451
0.46667 0.58039 0.74902
0.47451 0.58824 0.74902
0.47843 0.58824 0.7451
0.47843 0.58824 0.7451
0.47451 0.58431 0.74118
0.48235 0.59216 0.74902
0.47843 0.58824 0.7451
0.47451 0.58039 0.74902
0.47059 0.57647 0.7451
0.47843 0.58431 0.75294
0.48235 0.58431 0.7451
0.46667 0.58039 0.75294
0.46275 0.57647 0.7451
0.47451 0.58431 0.74902
0.47843 0.58431 0.75294
0.47843 0.58431 0.75294
