0.47451 0.58431 0.74118
0.47451 0.58431 0.74118
0.47451 0.58431 0.74118
0.47059 0.58039 0.73725
0.47451 0.58431 0.73725
0.46667 0.58039 0.74118
0.47843 0.58824 0.7451
0.47843 0.58824 0.74902
0.47451 0.58431 0.74118
0.47059 0.58039 0.74118
0.47843 0.58824 0.7451
0.48235 0.59216 0.74902
0.47843 0.58824 0.7451
0.47451 0.58431 0.7451
0.48235 0.59216 0.74902
0.48627 0.59608 0.75294
0.48235 0.58824 0.7451
0.47059 0.58431 0.74118
0.47451 0.58431 0.74118
0.47451 0.58431 0.74118
0.47843 0.58824 0.7451
0.47451 0.58824 0.74118
0.47843 0.58824 0.7451
0.47451 0.58431 0.74118
0.47451 0.58431 0.74118
0.47059 0.58431 0.74118
0.47843 0.58824 0.7451
0.47843 0.58824 0.7451
0.47451 0.58431 0.74118
