0.16863 0.24706 0.35294
0.16863 0.25098 0.35294
0.16863 0.25098 0.35686
0.16078 0.24314 0.34902
0.16863 0.2549 0.35294
0.16471 0.24706 0.35294
0.17255 0.2549 0.35686
0.16471 0.2549 0.3451
0.15294 0.23529 0.32941
0.17255 0.25098 0.35686
0.17255 0.25098 0.35686
0.16863 0.24706 0.35294
0.17255 0.25098 0.34902
0.17255 0.25098 0.35686
0.16471 0.23922 0.34902
0.16863 0.24706 0.34902
0.18039 0.25882 0.35686
0.16863 0.24706 0.35294
0.16471 0.24314 0.34902
0.15686 0.23529 0.33725
0.18039 0.25882 0.35686
0.16863 0.24706 0.35294
0.17255 0.25098 0.34902
