0.55686 0.64314 0.75686
0.54902 0.64314 0.75294
0.54902 0.63922 0.75294
0.56471 0.64314 0.75686
0.55686 0.64706 0.75686
0.55294 0.64706 0.75686
0.54902 0.64314 0.75294
0.54902 0.64314 0.75294
0.55294 0.64314 0.75686
0.55294 0.64706 0.75686
0.54902 0.64314 0.75294
0.54902 0.64314 0.74902
0.54902 0.64314 0.75294
0.55294 0.64706 0.75686
0.55294 0.64706 0.75686
0.54902 0.64314 0.75294
0.5451 0.63922 0.74902
0.54902 0.64314 0.75294
0.54902 0.64314 0.75294
0.54902 0.64314 0.75294
0.55294 0.64706 0.75686
