0.91373 0.86275 0.79216
0.91373 0.86667 0.79608
0.91765 0.87059 0.79608
0.91373 0.86667 0.79608
0.9098 0.86667 0.79608
0.91373 0.87059 0.8
0.91373 0.87059 0.8
0.91373 0.87059 0.8
0.91373 0.87059 0.79608
0.91373 0.87059 0.8
0.91373 0.87059 0.8
0.9098 0.86667 0.79608
0.91765 0.87451 0.80392
0.91765 0.87451 0.79608
0.9098 0.86667 0.79608
0.91765 0.87451 0.80392
0.91765 0.87451 0.8
0.91765 0.87451 0.8
0.91765 0.87451 0.79608
0.92157 0.87843 0.8
0.91373 0.87059 0.79216
0.91373 0.87059 0.79216
0.91765 0.87451 0.79608
0.91765 0.87451 0.79608
0.92157 0.87843 0.8
0.92157 0.87843 0.80392
0.91765 0.87451 0.79608
0.91373 0.87059 0.79216
0.92157 0.87843 0.8
0.92157 0.87843 0.8
0.92157 0.87843 0.8
0.91765 0.87451 0.79608
0.91765 0.87451 0.79608
