0.16471 0.43137 0.63529
0.1451 0.41569 0.61961
0.15294 0.42353 0.62745
0.1451 0.41961 0.62745
0.16078 0.42353 0.63137
0.15294 0.42745 0.63137
0.13333 0.41176 0.61961
0.16078 0.42745 0.63529
0.15294 0.42745 0.63529
0.15294 0.42745 0.62745
0.15686 0.43137 0.63529
0.1451 0.42353 0.63137
0.15294 0.43137 0.63922
0.14118 0.42745 0.63529
0.13725 0.42353 0.63529
0.12549 0.40784 0.62745
0.16863 0.44706 0.65882
0.14902 0.43922 0.64706
0.12941 0.42745 0.63137
0.13333 0.43529 0.64314
0.12549 0.41961 0.63137
0.1098 0.4 0.60784
0.12549 0.41569 0.63137
0.12941 0.41569 0.62353
