0.2902 0.35294 0.48235
0.28235 0.3451 0.46667
0.26667 0.3451 0.47451
0.27451 0.34902 0.47451
0.29804 0.36471 0.48627
0.28235 0.34902 0.46275
0.27059 0.3451 0.47451
0.27451 0.34902 0.46667
0.28627 0.36078 0.47451
0.27059 0.3451 0.46275
0.29412 0.36471 0.48235
0.28235 0.35294 0.48235
0.27059 0.3451 0.46275
0.29412 0.36863 0.48235
0.27451 0.34902 0.47059
0.27843 0.34902 0.46667
0.29412 0.36078 0.49412
0.27451 0.34902 0.47059
0.27843 0.35294 0.46667
0.27843 0.35294 0.47451
0.27843 0.3451 0.46275
0.28627 0.34902 0.48235
0.27451 0.34118 0.47059
0.27451 0.34902 0.47451
0.27059 0.3451 0.47059
0.27843 0.34902 0.46667
0.28627 0.34902 0.48235
0.27059 0.33725 0.47059
0.27843 0.35294 0.48235
0.28235 0.35686 0.48235
0.26667 0.34118 0.46667
0.27843 0.35294 0.47059
0.27843 0.35294 0.48235
0.27843 0.35294 0.48235
0.28627 0.35294 0.48627
