0.83922 0.81176 0.75294
0.84314 0.81176 0.75686
0.84314 0.81176 0.76078
0.84706 0.81569 0.76471
0.85098 0.82353 0.76863
0.83922 0.81569 0.76078
0.84314 0.81961 0.76471
0.85098 0.82353 0.77255
0.85098 0.82745 0.77647
0.85098 0.82745 0.77647
0.85098 0.82745 0.77647
0.83137 0.80784 0.75686
0.83922 0.81569 0.76078
0.83922 0.81569 0.76078
0.85098 0.82745 0.77255
0.85098 0.82745 0.78039
0.8549 0.83137 0.78431
0.8549 0.83137 0.78431
0.8549 0.83137 0.78431
0.83529 0.81176 0.76078
0.84314 0.81961 0.76471
0.84314 0.81961 0.76078
0.84706 0.82353 0.76863
0.8549 0.83137 0.78431
0.85098 0.82745 0.78039
0.85098 0.82745 0.78039
0.83137 0.81176 0.75686
0.84314 0.81961 0.76471
0.83922 0.81961 0.76078
0.84314 0.81961 0.76471
0.84314 0.81961 0.76863
0.8549 0.82745 0.77647
0.84706 0.82353 0.76863
0.84706 0.81961 0.76471
0.84706 0.82353 0.76863
0.85098 0.82745 0.77255
0.85098 0.82353 0.77255
0.8549 0.82353 0.77255
