0.49412 0.62353 0.76471
0.4902 0.61961 0.75686
0.49804 0.62745 0.76471
0.49804 0.62745 0.76471
0.49412 0.62353 0.76471
0.49412 0.62353 0.76078
0.49412 0.62353 0.76078
0.49804 0.62745 0.76471
0.49804 0.62745 0.76471
0.49804 0.62745 0.76471
0.49804 0.62745 0.76471
0.49804 0.62745 0.76471
0.49412 0.62353 0.76078
0.49804 0.62745 0.76471
0.49412 0.62745 0.76078
0.50196 0.63137 0.76863
0.49804 0.62745 0.76471
0.49804 0.62745 0.76471
0.49804 0.62745 0.76471
0.49412 0.62353 0.76471
0.49412 0.62353 0.76471
0.49412 0.61961 0.76078
0.49804 0.62353 0.76078
0.49804 0.62353 0.76471
0.50196 0.62353 0.76471
