0.15294 0.24314 0.37647
0.14118 0.23137 0.36078
0.14902 0.23922 0.37255
0.13333 0.22745 0.36078
0.14118 0.23529 0.36863
0.15686 0.25098 0.38431
0.1451 0.23529 0.36863
0.12157 0.21569 0.34902
0.13725 0.23137 0.36471
0.14902 0.23137 0.36863
0.11765 0.21176 0.3451
0.12941 0.22353 0.35686
0.1451 0.23922 0.37647
0.15294 0.23922 0.37255
0.13725 0.22745 0.36078
0.12157 0.21569 0.34902
0.13333 0.22745 0.36078
0.14118 0.23529 0.36863
0.14118 0.23137 0.36471
0.14118 0.23137 0.36471
0.1451 0.23529 0.36863
0.14118 0.23137 0.36471
