0.9451 0.87451 0.75294
0.95294 0.88235 0.76078
0.9451 0.87451 0.75686
0.94902 0.87451 0.75294
0.94118 0.85882 0.73725
0.9451 0.86667 0.74118
0.94118 0.85882 0.73333
0.94118 0.87843 0.75686
0.92941 0.86667 0.7451
0.92549 0.85882 0.7451
0.93725 0.87059 0.75294
0.9451 0.87843 0.76471
0.9451 0.87843 0.76471
0.94902 0.88235 0.76471
0.95686 0.88235 0.76471
0.9451 0.86667 0.7451
0.95294 0.87059 0.74902
0.95294 0.87059 0.74902
0.9451 0.86275 0.74118
0.93725 0.88627 0.76471
0.9451 0.88627 0.77255
0.9451 0.88627 0.77255
0.9451 0.88627 0.76863
0.94902 0.88627 0.77255
0.95294 0.88627 0.77255
0.94902 0.88235 0.77255
0.95294 0.88627 0.77647
0.94902 0.87843 0.76078
0.9451 0.87059 0.7451
0.93725 0.86275 0.73725
0.92941 0.84706 0.72549
0.91765 0.83922 0.7098
0.93725 0.88627 0.77255
0.9451 0.8902 0.78039
0.95686 0.90196 0.78824
0.94902 0.8902 0.78039
0.95294 0.8902 0.78039
0.94902 0.88235 0.77647
0.95294 0.88627 0.78039
0.95686 0.8902 0.78039
0.94902 0.88235 0.76863
0.94902 0.87843 0.75686
0.93333 0.85882 0.73333
0.93333 0.85098 0.72941
0.9098 0.83137 0.70196
0.93333 0.88235 0.77255
0.94118 0.88627 0.78039
0.94902 0.89412 0.78824
0.94902 0.89412 0.78824
0.95294 0.8902 0.78431
0.94902 0.88235 0.78039
0.95686 0.8902 0.78824
0.96078 0.89412 0.78824
0.95686 0.8902 0.78431
0.95294 0.87843 0.76471
0.94118 0.86275 0.7451
0.9451 0.86275 0.74118
0.92941 0.85098 0.72157
0.94118 0.86275 0.72941
0.91373 0.85882 0.75686
0.94902 0.88627 0.78039
0.94902 0.8902 0.78824
0.94902 0.89804 0.78824
0.94902 0.88627 0.78824
0.95686 0.88627 0.79216
0.95686 0.88627 0.79216
0.95686 0.8902 0.79216
0.95686 0.89412 0.78431
0.95294 0.88627 0.76863
0.94902 0.87843 0.76078
0.95294 0.87451 0.75294
0.93725 0.86275 0.73333
0.94118 0.86667 0.73333
0.94118 0.86667 0.73725
0.91765 0.87059 0.77647
0.94902 0.8902 0.76863
0.94902 0.8902 0.78039
0.94118 0.88627 0.78824
0.94118 0.88627 0.78824
0.95294 0.89412 0.79608
0.94902 0.8902 0.79216
0.94902 0.8902 0.78824
0.95686 0.89412 0.79216
0.94902 0.88235 0.77255
0.92941 0.86275 0.7451
0.93333 0.85882 0.74118
0.9451 0.87059 0.74902
0.95686 0.88235 0.75294
0.96078 0.88627 0.76078
0.90588 0.86275 0.78824
0.94118 0.8902 0.77647
0.9451 0.8902 0.78039
0.9451 0.88235 0.78431
0.9451 0.88627 0.78824
0.95294 0.89804 0.79608
0.95294 0.90196 0.8
0.95294 0.89412 0.79216
0.95294 0.8902 0.79216
0.95686 0.8902 0.78431
0.94118 0.87059 0.76078
0.94118 0.86667 0.75686
0.95686 0.88235 0.76078
0.94118 0.86667 0.7451
0.96471 0.88627 0.77255
0.95294 0.87843 0.76471
0.87059 0.81961 0.75294
0.9451 0.8902 0.78431
0.93333 0.87451 0.77255
0.94118 0.87451 0.77255
0.94902 0.88235 0.78431
0.94902 0.88627 0.78824
0.95686 0.89804 0.8
0.96078 0.90196 0.80392
0.95686 0.89412 0.79608
0.96078 0.89804 0.79608
0.94902 0.88235 0.77255
0.95294 0.87843 0.77255
0.95686 0.87843 0.76471
0.95294 0.87451 0.75686
0.95294 0.88235 0.77255
0.96078 0.89412 0.78431
0.81176 0.76471 0.70196
0.9451 0.8902 0.78431
0.93725 0.87451 0.77255
0.9451 0.87843 0.77647
0.94118 0.87843 0.78039
0.94118 0.87843 0.78039
0.9451 0.8902 0.78824
0.96078 0.90588 0.80392
0.95686 0.89804 0.79608
0.95686 0.89412 0.79216
0.95294 0.88627 0.77647
0.94902 0.87843 0.76471
0.95294 0.87451 0.75686
0.94902 0.86667 0.7451
0.95294 0.88627 0.77647
0.95294 0.8902 0.77647
0.96078 0.90196 0.78824
0.7451 0.7098 0.64706
0.94902 0.89804 0.78824
0.94118 0.87843 0.77647
0.93725 0.87059 0.76863
0.9451 0.88235 0.78431
0.94902 0.88627 0.78824
0.94902 0.89412 0.79216
0.96078 0.90588 0.80392
0.96471 0.90588 0.80392
0.95686 0.89412 0.79216
0.94118 0.87451 0.76471
0.91765 0.84706 0.72941
0.94902 0.87059 0.7451
0.94118 0.85882 0.73333
0.9451 0.87843 0.76471
0.9451 0.88235 0.77255
0.65882 0.63137 0.58039
0.94902 0.89804 0.79216
0.95294 0.8902 0.78431
0.9451 0.88235 0.77647
0.9451 0.88627 0.78431
0.9451 0.88627 0.78824
0.95294 0.89804 0.79608
0.95686 0.90196 0.8
0.96078 0.90196 0.80392
0.95294 0.8902 0.78824
0.92941 0.86275 0.74902
0.92157 0.85098 0.72941
0.93725 0.86275 0.73333
0.9451 0.86667 0.74118
0.94118 0.87451 0.75686
0.95686 0.8902 0.77647
0.94902 0.8902 0.8
0.95294 0.8902 0.79216
0.9451 0.88235 0.78431
0.9451 0.88627 0.78431
0.94902 0.89412 0.79216
0.95294 0.89804 0.79608
0.96078 0.90588 0.80392
0.96078 0.90196 0.8
0.93333 0.86667 0.76471
0.92941 0.86275 0.74902
0.94118 0.86667 0.74118
0.92549 0.85098 0.72549
0.93333 0.85882 0.73725
0.94902 0.88235 0.76078
0.92941 0.87059 0.79608
0.94902 0.8902 0.80392
0.94902 0.8902 0.8
0.9451 0.88627 0.78824
0.9451 0.8902 0.78824
0.95294 0.89804 0.79608
0.95686 0.90196 0.8
0.94902 0.8902 0.78824
0.93725 0.87451 0.77255
0.94118 0.87059 0.75686
0.93333 0.85882 0.74118
0.91765 0.84314 0.72549
0.94902 0.87451 0.75686
0.9098 0.86275 0.78431
0.94118 0.88627 0.79216
0.95294 0.89804 0.8
0.94118 0.8902 0.78824
0.93725 0.88235 0.78039
0.9451 0.8902 0.78824
0.95686 0.89804 0.79608
0.9451 0.88235 0.78431
0.91765 0.8549 0.74902
0.93725 0.87059 0.76078
0.94902 0.87843 0.76078
0.93333 0.85882 0.74118
0.9451 0.87059 0.75294
0.87843 0.84706 0.77255
0.95294 0.89804 0.80392
0.94118 0.8902 0.79608
0.94118 0.8902 0.79216
0.94118 0.88627 0.78431
0.94902 0.89412 0.79216
0.95686 0.89804 0.79608
0.96078 0.89804 0.8
0.95294 0.8902 0.79216
0.94118 0.87843 0.77647
0.93725 0.87059 0.76078
0.93725 0.86667 0.74902
0.83922 0.81176 0.7451
0.95294 0.90196 0.81176
0.94902 0.8902 0.79216
0.93333 0.87843 0.78039
0.94118 0.87843 0.78039
0.9451 0.88627 0.78431
0.95294 0.89412 0.79608
0.96078 0.89804 0.8
0.96471 0.90196 0.8
0.95294 0.8902 0.78824
0.93725 0.87451 0.76863
0.76863 0.7451 0.68627
0.96471 0.91765 0.82745
0.95686 0.8902 0.79216
0.93725 0.87843 0.77647
0.9451 0.88235 0.78431
0.95686 0.8902 0.79608
0.95686 0.89412 0.79608
0.95294 0.8902 0.79216
0.96078 0.89804 0.79608
0.71765 0.6902 0.66275
0.96863 0.90588 0.81961
0.94902 0.89412 0.8
0.95686 0.89804 0.80392
0.96078 0.89804 0.80784
0.95686 0.8902 0.79608
0.95294 0.88627 0.78824
0.94118 0.88627 0.79608
0.95294 0.89412 0.8
