0.90196 0.78824 0.67451
0.90196 0.78824 0.66667
0.91373 0.8 0.67451
0.92549 0.81176 0.68627
0.9098 0.79608 0.67843
0.90588 0.79216 0.67451
0.89804 0.78431 0.66667
0.90588 0.79216 0.67059
0.92157 0.80784 0.67843
0.92157 0.80784 0.68235
0.9098 0.79608 0.67843
0.9098 0.79608 0.67843
0.91373 0.8 0.67843
0.92157 0.80784 0.68235
0.91765 0.80392 0.67843
0.91765 0.80784 0.68235
0.92549 0.81569 0.6902
0.91765 0.80392 0.67451
0.91765 0.80392 0.68627
0.91765 0.80392 0.68627
0.92549 0.81176 0.69412
0.91765 0.80392 0.68627
0.91373 0.8 0.67843
0.92157 0.80392 0.68235
0.92549 0.80784 0.68235
0.9098 0.79216 0.67059
0.91765 0.8 0.67451
0.91765 0.80392 0.67451
0.91765 0.80392 0.67059
0.92549 0.80784 0.67451
0.91373 0.8 0.68235
0.91765 0.80392 0.68627
0.91373 0.8 0.68235
0.91765 0.80392 0.68627
0.91765 0.80392 0.68627
0.92157 0.80784 0.6902
0.92941 0.80784 0.68627
0.92157 0.8 0.67843
0.9098 0.78824 0.66667
0.91765 0.79608 0.67451
0.92157 0.80392 0.67843
0.92157 0.80392 0.67059
0.93725 0.81961 0.68627
0.9098 0.79608 0.67843
0.9098 0.79608 0.67843
0.9098 0.79608 0.67843
0.90588 0.79216 0.67451
0.9098 0.79608 0.67843
0.9098 0.79608 0.67451
0.92941 0.81569 0.68627
0.92549 0.80784 0.68627
0.91373 0.79608 0.67451
0.9098 0.78824 0.66667
0.91765 0.79216 0.67059
0.91765 0.78824 0.66275
0.92941 0.80392 0.67059
0.91765 0.8 0.66667
0.91765 0.8 0.67059
0.91373 0.8 0.67843
0.90588 0.79216 0.67451
0.90588 0.79216 0.67059
0.89804 0.78431 0.66275
0.91373 0.8 0.68235
0.92157 0.80784 0.68235
0.92549 0.81176 0.68235
0.92157 0.80784 0.68235
0.91765 0.79608 0.67451
0.91765 0.79608 0.67451
0.92157 0.8 0.67843
0.91765 0.79216 0.66667
0.92549 0.80784 0.67451
0.92549 0.80784 0.67451
0.92549 0.80784 0.67451
0.92941 0.80784 0.68627
0.93333 0.81176 0.68627
0.91373 0.8 0.67451
0.91765 0.80392 0.67843
0.89804 0.78431 0.65882
0.90588 0.79216 0.67059
0.92941 0.81569 0.69804
0.92157 0.80784 0.68235
0.91765 0.80392 0.67451
0.9098 0.79608 0.67059
0.92157 0.80392 0.67843
0.92549 0.8 0.68235
0.92157 0.8 0.67843
0.92157 0.80392 0.67843
0.92549 0.81176 0.67843
0.93725 0.81961 0.68627
0.93333 0.81569 0.68235
0.92549 0.80392 0.68627
0.93333 0.81569 0.68627
0.94118 0.82353 0.6902
0.93725 0.81961 0.68627
0.92157 0.80784 0.67843
0.91373 0.8 0.67451
0.90588 0.79216 0.66667
0.9098 0.79608 0.67451
0.92157 0.80784 0.68235
0.91765 0.80392 0.67843
0.91765 0.80392 0.67451
0.91765 0.80392 0.67843
0.92157 0.80784 0.68235
0.92549 0.81176 0.68627
0.92549 0.81176 0.67843
0.91373 0.8 0.66667
0.92157 0.80784 0.67451
0.92549 0.81176 0.67843
0.93725 0.81569 0.68627
0.93725 0.81569 0.68627
0.92157 0.80784 0.67451
0.92941 0.81569 0.68235
0.93725 0.81961 0.68627
0.93333 0.81569 0.68235
0.9098 0.79608 0.66667
0.91373 0.8 0.67451
0.91765 0.80392 0.67843
0.91373 0.8 0.67451
0.9098 0.79608 0.66667
0.91373 0.8 0.67451
0.91765 0.80392 0.67843
0.91373 0.8 0.67451
0.92157 0.80784 0.68235
0.92549 0.81176 0.68627
0.92941 0.81569 0.68235
0.92941 0.81569 0.68235
0.92549 0.81176 0.67843
0.93725 0.81961 0.68627
0.93333 0.81569 0.68235
0.93333 0.81569 0.68235
0.92549 0.80784 0.67451
0.92549 0.81176 0.67843
0.92549 0.80784 0.67451
0.92549 0.80784 0.67451
0.94118 0.82353 0.6902
0.94118 0.82353 0.6902
0.91373 0.8 0.67451
0.91765 0.80392 0.67843
0.93333 0.81961 0.69412
0.92157 0.80784 0.68235
0.91373 0.8 0.67451
0.92157 0.80784 0.68235
0.92157 0.80784 0.68235
0.92941 0.81569 0.6902
0.92941 0.81569 0.6902
0.92941 0.81569 0.6902
0.92941 0.81569 0.68627
0.92941 0.81569 0.68235
0.92549 0.81176 0.67843
0.92941 0.81176 0.67843
0.92941 0.81176 0.67843
0.92549 0.80784 0.67451
0.91765 0.80392 0.67059
0.91765 0.80392 0.67059
0.93725 0.81961 0.68627
0.93725 0.81961 0.68627
0.92549 0.80784 0.67451
0.92549 0.80784 0.67451
0.93725 0.81961 0.68627
0.91373 0.8 0.67451
0.92157 0.80784 0.68235
0.92157 0.80784 0.68235
0.92157 0.80784 0.68235
0.91765 0.80392 0.67843
0.91765 0.80392 0.67843
0.92549 0.81176 0.68627
0.93725 0.82353 0.69412
0.93333 0.81961 0.6902
0.93333 0.81961 0.6902
0.92941 0.81569 0.68235
0.92941 0.81569 0.68235
0.92549 0.81176 0.67843
0.92941 0.81176 0.67843
0.92549 0.80784 0.67451
0.93333 0.81569 0.68235
0.92157 0.80392 0.67059
0.91765 0.8 0.66667
0.92549 0.80784 0.67451
0.92549 0.80784 0.67451
0.92549 0.80784 0.67451
0.93725 0.81961 0.68627
0.94118 0.82353 0.6902
0.94118 0.82353 0.6902
0.93725 0.81961 0.68627
0.91765 0.80392 0.67843
0.91373 0.8 0.67451
0.91373 0.8 0.67451
0.91765 0.80392 0.67843
0.91765 0.80392 0.67843
0.91765 0.80392 0.67843
0.92549 0.81176 0.68235
0.92941 0.81569 0.68235
0.92549 0.81176 0.67843
0.92157 0.80784 0.67451
0.92549 0.81176 0.67843
0.93333 0.81961 0.68627
0.93333 0.81961 0.68627
0.92549 0.80784 0.67451
0.92549 0.80784 0.67451
0.92157 0.80392 0.67059
0.93333 0.81569 0.68235
0.94118 0.82353 0.6902
0.93725 0.81961 0.68627
0.92549 0.80784 0.67451
0.92941 0.81176 0.67843
0.93725 0.81961 0.68627
0.94118 0.82353 0.6902
0.93333 0.81569 0.68235
0.9451 0.82745 0.69412
0.94118 0.82353 0.6902
0.92157 0.80392 0.68627
0.91765 0.80392 0.68235
0.91765 0.80392 0.68235
0.91765 0.80392 0.68235
0.92549 0.81176 0.68627
0.92549 0.81176 0.68627
0.92549 0.81176 0.68627
0.92941 0.81569 0.67843
0.91373 0.8 0.66667
0.91373 0.8 0.66667
0.92941 0.81569 0.68235
0.93333 0.81961 0.68627
0.92549 0.81176 0.67843
0.92157 0.80784 0.67451
0.92157 0.80784 0.67451
0.92549 0.81176 0.67843
0.93333 0.81569 0.68235
0.92549 0.80784 0.67451
0.92157 0.80392 0.67059
0.92941 0.81176 0.67843
0.92941 0.81176 0.67059
0.93725 0.81961 0.67843
0.94118 0.82353 0.68235
0.92157 0.80392 0.67059
0.91765 0.8 0.66667
0.92941 0.81176 0.67843
0.93725 0.81961 0.68627
0.9451 0.82745 0.69412
0.93725 0.81961 0.68627
0.91765 0.8 0.67843
0.91765 0.80392 0.68627
0.91765 0.80392 0.68627
0.92549 0.81176 0.6902
0.92157 0.80784 0.68235
0.93333 0.81961 0.69412
0.93725 0.82353 0.69412
0.92941 0.81569 0.68235
0.93725 0.82353 0.6902
0.92941 0.81569 0.68235
0.92549 0.81176 0.67843
0.93725 0.82353 0.6902
0.92941 0.81569 0.68235
0.92549 0.81176 0.67843
0.92549 0.81176 0.67843
0.92157 0.80784 0.67451
0.91373 0.79608 0.66275
0.93333 0.81569 0.68235
0.92941 0.81176 0.67843
0.92941 0.81176 0.67059
0.92549 0.80784 0.66667
0.92941 0.81176 0.67059
0.94118 0.82353 0.68235
0.94118 0.82353 0.6902
0.93333 0.81569 0.68235
0.93725 0.81961 0.68235
0.92549 0.80784 0.67451
0.92157 0.80392 0.67059
0.93333 0.81569 0.68235
0.93333 0.81569 0.68235
0.93725 0.81961 0.68627
0.91765 0.80392 0.67843
0.91373 0.8 0.67451
0.91373 0.8 0.67451
0.92157 0.80784 0.68235
0.92941 0.81569 0.6902
0.93725 0.82353 0.69804
0.93725 0.82353 0.69804
0.92157 0.80784 0.68235
0.92941 0.81569 0.68235
0.92941 0.81961 0.67843
0.93333 0.81961 0.68627
0.93725 0.82353 0.6902
0.93725 0.82353 0.6902
0.93333 0.81961 0.68627
0.93725 0.82353 0.6902
0.94118 0.82353 0.6902
0.92941 0.81176 0.67451
0.92941 0.81176 0.67059
0.94118 0.82353 0.68235
0.93333 0.81569 0.67451
0.94118 0.82353 0.68235
0.93333 0.81569 0.67451
0.93725 0.81961 0.67843
0.9451 0.82745 0.68627
0.94902 0.83137 0.6902
0.94902 0.83137 0.6902
0.9451 0.82745 0.68627
0.94118 0.82353 0.68627
0.94118 0.82353 0.6902
0.94902 0.83137 0.69804
0.94118 0.82353 0.6902
0.91765 0.8 0.66667
0.9098 0.79608 0.67059
0.91765 0.80392 0.67843
0.92549 0.81176 0.68627
0.92941 0.81569 0.6902
0.92941 0.81569 0.6902
0.92941 0.81569 0.6902
0.92941 0.81569 0.6902
0.92941 0.81569 0.68627
0.92157 0.80784 0.67451
0.93333 0.82353 0.67843
0.93333 0.81961 0.68235
0.93333 0.81961 0.68627
0.93333 0.81961 0.68627
0.92941 0.81569 0.68235
0.93333 0.81961 0.68627
0.91765 0.8 0.66667
0.90588 0.78824 0.65098
0.90588 0.78824 0.64706
0.91373 0.79608 0.6549
0.91765 0.8 0.65882
0.92549 0.80784 0.66667
0.92549 0.80784 0.66667
0.93333 0.81569 0.67451
0.93725 0.81961 0.67843
0.93725 0.81961 0.67843
0.93725 0.81961 0.67843
0.94902 0.83137 0.6902
0.94118 0.82353 0.68627
0.93333 0.81569 0.68235
0.93333 0.81569 0.68235
0.94118 0.82353 0.6902
0.94118 0.82353 0.6902
0.93725 0.81961 0.68235
0.92941 0.81176 0.67451
0.93333 0.81569 0.67843
0.93333 0.81569 0.67843
0.93725 0.81961 0.68235
0.92941 0.81176 0.67059
0.92157 0.80784 0.68235
0.92157 0.80784 0.68235
0.92549 0.81176 0.68627
0.92549 0.81176 0.68627
0.92549 0.81176 0.68627
0.92549 0.81176 0.68627
0.91765 0.80392 0.67843
0.92549 0.81176 0.68235
0.92157 0.80784 0.67451
0.92549 0.81569 0.67451
0.92157 0.81176 0.67451
0.92941 0.81569 0.68627
0.92941 0.81569 0.68235
0.93725 0.82353 0.6902
0.93333 0.81961 0.68627
0.92549 0.80392 0.67059
0.9098 0.79216 0.6549
0.91765 0.8 0.65882
0.89412 0.77647 0.63529
0.92941 0.81176 0.67059
0.93333 0.81569 0.67451
0.93725 0.81961 0.67843
0.9451 0.82745 0.68627
0.94118 0.82353 0.68235
0.93333 0.81569 0.67451
0.92549 0.80784 0.66667
0.93725 0.81961 0.67843
0.94118 0.82353 0.68627
0.93333 0.81569 0.67843
0.93333 0.81569 0.68235
0.93333 0.81569 0.68235
0.9451 0.82745 0.69412
0.93333 0.81569 0.67843
0.92941 0.81176 0.67059
0.92941 0.81176 0.67451
0.93333 0.81569 0.67451
0.93333 0.81569 0.67451
0.93725 0.81961 0.67843
0.9451 0.82745 0.68627
0.9451 0.82745 0.6902
0.93725 0.81961 0.68235
0.91765 0.80392 0.67843
0.92157 0.80784 0.68235
0.92941 0.81569 0.68235
0.92549 0.81176 0.67843
0.92157 0.80784 0.67451
0.92941 0.81569 0.68235
0.92157 0.80784 0.67843
0.92549 0.81176 0.67843
0.92941 0.81569 0.68235
0.92941 0.81569 0.68235
0.93333 0.81961 0.68627
0.93333 0.81961 0.68627
0.92157 0.80784 0.67451
0.93333 0.81961 0.68627
0.91373 0.79608 0.65882
0.91765 0.78824 0.6549
0.92157 0.8 0.65882
0.92941 0.81176 0.67059
0.91765 0.8 0.65882
0.89804 0.78039 0.63922
0.93333 0.81569 0.67451
0.93725 0.81961 0.67843
0.92549 0.80784 0.66667
0.91373 0.79608 0.6549
0.94118 0.82353 0.68235
0.94902 0.83137 0.6902
0.93725 0.81961 0.67843
0.94118 0.82353 0.68235
0.92941 0.81176 0.67059
0.93333 0.81569 0.68235
0.93333 0.81569 0.6902
0.94118 0.81961 0.70196
0.92157 0.80392 0.67451
0.92157 0.80392 0.67059
0.93333 0.81961 0.68235
0.92549 0.80784 0.67843
0.92549 0.80784 0.67451
0.93725 0.81961 0.67843
0.9451 0.82745 0.68235
0.9451 0.82745 0.68627
0.94118 0.82353 0.68627
0.92941 0.81569 0.6902
0.92941 0.81569 0.6902
0.92941 0.81569 0.68235
0.92549 0.81176 0.67843
0.92549 0.81176 0.67843
0.92941 0.81569 0.68235
0.92157 0.80784 0.67451
0.92941 0.81569 0.68235
0.93333 0.81961 0.68627
0.93333 0.81961 0.68627
0.93333 0.81961 0.68627
0.92941 0.81569 0.68235
0.91765 0.80392 0.67059
0.93333 0.81961 0.68627
0.93725 0.81961 0.68627
0.92941 0.80392 0.66275
0.94118 0.81961 0.67843
0.94118 0.82353 0.68235
0.93333 0.81569 0.67451
0.92157 0.80392 0.66275
0.93725 0.81961 0.67843
0.93725 0.81961 0.67843
0.93725 0.81961 0.67843
0.94118 0.82353 0.68235
0.94118 0.82353 0.68235
0.94118 0.82353 0.68235
0.92941 0.81176 0.67059
0.92941 0.81176 0.67059
0.93725 0.81961 0.67843
0.92941 0.81176 0.67451
0.90196 0.78431 0.64706
0.9098 0.79216 0.66667
0.93725 0.81569 0.6902
0.92157 0.80392 0.67059
0.9098 0.79216 0.65882
0.94902 0.83137 0.69412
0.93725 0.81961 0.68627
0.93725 0.81961 0.68235
0.93725 0.81961 0.67843
0.92941 0.81176 0.67059
0.93725 0.81961 0.67843
0.92549 0.81176 0.68627
0.92549 0.81176 0.68627
0.92941 0.81569 0.68235
0.92549 0.81176 0.67843
0.92941 0.81569 0.68235
0.93333 0.81961 0.68627
0.93725 0.82353 0.6902
0.93333 0.81961 0.68627
0.93333 0.81961 0.68627
0.93333 0.81961 0.68627
0.92549 0.81176 0.67843
0.93725 0.82353 0.6902
0.93725 0.82353 0.6902
0.92549 0.81176 0.67843
0.93333 0.81569 0.68235
0.9451 0.81569 0.67843
0.93333 0.81176 0.67059
0.92941 0.81176 0.67059
0.93725 0.81961 0.67843
0.94118 0.82353 0.68235
0.94902 0.83137 0.6902
0.94118 0.82353 0.68235
0.94118 0.82353 0.68235
0.93333 0.81569 0.67451
0.92549 0.80784 0.66667
0.94118 0.82353 0.68235
0.94902 0.83137 0.6902
0.92549 0.80784 0.66667
0.91765 0.8 0.65882
0.91765 0.8 0.65882
0.92941 0.81176 0.67059
0.91373 0.79608 0.66275
0.8902 0.77255 0.64314
0.93725 0.81961 0.68627
0.92157 0.80392 0.67059
0.93725 0.81961 0.68235
0.93725 0.81961 0.67451
0.87843 0.76078 0.63137
0.94118 0.82353 0.6902
0.94118 0.82353 0.68235
0.92941 0.81176 0.67059
0.92549 0.80784 0.68235
0.92941 0.81569 0.6902
0.92549 0.81176 0.68627
0.92941 0.81569 0.68627
0.92941 0.81569 0.67843
0.92157 0.80784 0.67451
0.93333 0.81961 0.68627
0.93725 0.82353 0.6902
0.92941 0.81569 0.68235
0.92549 0.81176 0.67843
0.92941 0.81569 0.68235
0.93333 0.81961 0.68627
0.93333 0.81961 0.68627
0.92941 0.81569 0.68235
0.92157 0.80392 0.67059
0.9451 0.82745 0.68627
0.93725 0.81961 0.67843
0.92157 0.80784 0.66667
0.93725 0.81961 0.67843
0.94118 0.82353 0.68235
0.94118 0.82353 0.68235
0.92941 0.81176 0.66275
0.92941 0.81176 0.66275
0.9451 0.82745 0.67843
0.94902 0.83137 0.68235
0.93725 0.81961 0.67059
0.91765 0.8 0.6549
0.91373 0.79608 0.65098
0.93333 0.81569 0.67451
0.94118 0.82353 0.68235
0.93725 0.81961 0.67843
0.93725 0.81961 0.67843
0.93725 0.81569 0.67843
0.91373 0.78431 0.65098
0.91765 0.78824 0.6549
0.9451 0.82353 0.68235
0.9451 0.82745 0.68627
0.92549 0.80784 0.66667
0.93725 0.81961 0.67843
0.93333 0.81569 0.67451
0.93725 0.81961 0.67451
0.92549 0.80784 0.68235
0.92157 0.80784 0.68235
0.92549 0.81176 0.68627
0.93333 0.81961 0.6902
0.92941 0.81569 0.68235
0.91765 0.80392 0.67059
0.91765 0.80392 0.67059
0.92549 0.81176 0.67843
0.93725 0.82353 0.6902
0.94118 0.82745 0.69412
0.93725 0.82353 0.6902
0.92941 0.81569 0.68235
0.93333 0.81961 0.68627
0.92941 0.81176 0.67843
0.93725 0.81961 0.68235
0.9451 0.82745 0.68627
0.94118 0.82353 0.68235
0.92549 0.80784 0.66667
0.93725 0.81961 0.67843
0.94118 0.82353 0.68235
0.9451 0.82745 0.68627
0.9451 0.82745 0.68235
0.94118 0.82353 0.67451
0.93725 0.81961 0.67059
0.93333 0.81569 0.66667
0.93333 0.81569 0.66667
0.9451 0.82745 0.67843
0.95686 0.83922 0.69412
0.95294 0.83529 0.69412
0.93725 0.81961 0.67843
0.94118 0.82353 0.68235
0.9451 0.82745 0.68627
0.93725 0.81176 0.67059
0.92157 0.79216 0.6549
0.91765 0.78824 0.65098
0.9451 0.81961 0.68235
0.94118 0.82353 0.68235
0.9451 0.82745 0.68627
0.92941 0.81176 0.67059
0.93333 0.81569 0.67451
0.92941 0.81569 0.68235
0.93333 0.81961 0.68627
0.92549 0.81176 0.67843
0.92549 0.81176 0.67843
0.93333 0.81961 0.68627
0.93725 0.82353 0.6902
0.93333 0.81961 0.68627
0.93725 0.82353 0.6902
0.93725 0.82353 0.6902
0.92941 0.81176 0.67843
0.92941 0.81176 0.67451
0.93333 0.81569 0.67451
0.93725 0.81961 0.67843
0.94118 0.82353 0.68235
0.9451 0.82745 0.68627
0.95294 0.83529 0.69412
0.94902 0.83137 0.6902
0.94118 0.82353 0.67451
0.94118 0.82353 0.67451
0.94118 0.82353 0.67451
0.94118 0.82353 0.67451
0.91765 0.8 0.65098
0.91765 0.8 0.65098
0.92549 0.80784 0.65882
0.94118 0.82353 0.68235
0.92549 0.80784 0.66667
0.93725 0.81961 0.67843
0.9451 0.82745 0.68627
0.91765 0.79216 0.6549
0.92157 0.79216 0.6549
0.91765 0.78824 0.65098
0.9451 0.82353 0.68235
0.94118 0.82353 0.68235
0.94902 0.83137 0.6902
0.9451 0.82745 0.68627
0.93725 0.81961 0.67843
0.93333 0.81961 0.68627
0.92941 0.81569 0.68235
0.92941 0.81569 0.68235
0.93333 0.81961 0.68627
0.93333 0.81961 0.68627
0.93333 0.81961 0.68627
0.92549 0.81176 0.67843
0.93333 0.81569 0.68235
0.93725 0.81569 0.68235
0.92157 0.79608 0.66275
0.91765 0.79608 0.65882
0.92941 0.80784 0.67059
0.92157 0.80392 0.66275
0.91765 0.8 0.65882
0.92941 0.81176 0.67059
0.92941 0.81176 0.67059
0.9451 0.82745 0.68627
0.9451 0.82745 0.68235
0.9451 0.82745 0.67843
0.92157 0.80392 0.6549
0.9098 0.79216 0.64314
0.93725 0.81961 0.67451
0.93333 0.81569 0.67059
0.93725 0.81961 0.67843
0.93333 0.81569 0.67451
0.92941 0.81176 0.67059
0.9451 0.82745 0.68627
0.95294 0.83529 0.69412
0.9451 0.81961 0.68235
0.9451 0.81961 0.68235
0.95294 0.83137 0.6902
0.93725 0.81961 0.67451
0.94902 0.83137 0.68627
0.92157 0.80784 0.67451
0.92941 0.81569 0.68235
0.92941 0.81569 0.68235
0.92941 0.81569 0.68235
0.93333 0.81961 0.68627
0.92941 0.81569 0.68235
0.93333 0.81961 0.68627
0.92941 0.81176 0.67843
0.93333 0.80392 0.67451
0.9451 0.81569 0.68627
0.93725 0.80392 0.67843
0.93725 0.81569 0.67843
0.93333 0.81961 0.67451
0.93725 0.81961 0.67843
0.92157 0.80392 0.66275
0.91373 0.79608 0.6549
0.93725 0.81961 0.67843
0.94118 0.82353 0.68235
0.94118 0.82353 0.67451
0.92157 0.80392 0.6549
0.94118 0.82353 0.67451
0.94902 0.83137 0.6902
0.9451 0.82745 0.68627
0.93333 0.81569 0.67451
0.94118 0.82353 0.67843
0.9451 0.82745 0.68627
0.95686 0.83922 0.69804
0.93333 0.81961 0.67451
0.9451 0.83137 0.6902
0.94902 0.83137 0.6902
0.93725 0.81961 0.67451
0.92941 0.81569 0.68235
0.92549 0.81176 0.67843
0.92941 0.81569 0.68235
0.92941 0.81569 0.68235
0.93333 0.81961 0.68627
0.93725 0.82353 0.6902
0.94118 0.82353 0.6902
0.94118 0.81176 0.68235
0.94902 0.81569 0.68627
0.9451 0.81569 0.68627
0.92941 0.80784 0.67059
0.92157 0.80392 0.66275
0.92941 0.81176 0.67059
0.93725 0.81961 0.67843
0.95294 0.83529 0.6902
0.94118 0.82353 0.68235
0.93725 0.81961 0.67843
0.91765 0.8 0.65882
0.9451 0.82745 0.68627
0.91373 0.79608 0.6549
0.93725 0.81961 0.67843
0.94118 0.82353 0.68235
0.9451 0.82745 0.68627
0.9451 0.82745 0.68235
0.94902 0.83137 0.68235
0.93333 0.81569 0.66667
0.92941 0.81176 0.66667
0.92941 0.81176 0.67451
0.9451 0.82745 0.68627
0.92157 0.80784 0.67451
0.9098 0.79608 0.66275
0.92549 0.81176 0.67843
0.92941 0.81176 0.67843
0.93333 0.81569 0.68235
0.94118 0.82353 0.6902
0.94118 0.81961 0.68627
0.94118 0.81569 0.68627
0.94118 0.81569 0.68627
0.95294 0.83137 0.69412
0.94902 0.83137 0.6902
0.93725 0.81961 0.67843
0.95294 0.83529 0.69412
0.9451 0.82745 0.68627
0.9451 0.82745 0.6902
0.94902 0.83137 0.6902
0.94118 0.82353 0.68235
0.94902 0.83137 0.6902
0.93725 0.81961 0.67843
0.92941 0.81176 0.67059
0.93725 0.81961 0.67843
0.9451 0.82745 0.68627
0.95686 0.83922 0.6902
0.95294 0.83529 0.68627
0.94902 0.83137 0.68235
0.91765 0.8 0.6549
0.93333 0.81569 0.67059
0.92549 0.81176 0.67843
0.93725 0.81961 0.68627
0.94118 0.82353 0.6902
0.9451 0.82745 0.69412
0.94118 0.82353 0.6902
0.93725 0.81961 0.68627
0.93725 0.81961 0.68627
0.94118 0.82353 0.6902
0.93725 0.81961 0.68235
0.92157 0.80392 0.66275
0.94118 0.82353 0.68235
0.94118 0.82353 0.68627
0.92941 0.81176 0.67843
0.94118 0.82353 0.6902
0.9451 0.82745 0.6902
0.93725 0.81961 0.67843
0.93725 0.81961 0.67843
0.94118 0.82353 0.68235
0.94118 0.82353 0.68235
0.95294 0.83529 0.69412
0.95294 0.83529 0.69412
0.92941 0.81569 0.68235
0.93725 0.81961 0.6902
0.94118 0.82353 0.6902
0.93725 0.81961 0.68627
0.9451 0.82745 0.69412
0.93725 0.81961 0.68627
0.92941 0.81176 0.68235
0.92941 0.81176 0.67451
0.92549 0.80784 0.66667
0.9451 0.82745 0.68627
0.9451 0.82745 0.68627
0.9451 0.82745 0.6902
0.93333 0.81569 0.67843
0.9451 0.82745 0.6902
0.95294 0.83529 0.69412
0.94118 0.82353 0.68235
0.95294 0.83529 0.69412
0.95686 0.83922 0.6902
0.95294 0.83529 0.6902
0.9451 0.82745 0.67843
0.9451 0.82745 0.69412
0.9451 0.82745 0.69412
0.93725 0.81961 0.68627
0.9451 0.82745 0.6902
0.93333 0.81569 0.68235
0.94118 0.82353 0.68627
0.9451 0.82745 0.6902
0.94902 0.83137 0.68627
0.93333 0.81569 0.67451
0.92549 0.80784 0.66667
0.93725 0.81961 0.67843
0.95294 0.83529 0.69412
0.93725 0.81961 0.67843
0.93725 0.81961 0.67843
0.95294 0.83529 0.69412
0.92941 0.81176 0.67059
0.94118 0.82353 0.67451
0.94902 0.83137 0.6902
0.94902 0.83137 0.6902
0.93333 0.81569 0.68235
0.92941 0.81176 0.67843
0.94902 0.83137 0.6902
0.94902 0.83137 0.6902
0.94902 0.83137 0.6902
0.94902 0.83137 0.6902
0.92941 0.81176 0.67059
0.94118 0.82353 0.68235
0.9451 0.82745 0.68627
0.95294 0.83529 0.69804
0.95294 0.83529 0.69412
0.9451 0.82745 0.68627
0.94118 0.82353 0.68235
0.93725 0.81961 0.67843
0.94118 0.82353 0.68235
0.93725 0.81961 0.68235
0.93333 0.81569 0.68235
0.9451 0.82745 0.68627
0.93725 0.81961 0.67451
0.93333 0.81569 0.67059
0.94118 0.82353 0.67843
0.92549 0.80784 0.65882
0.92941 0.81176 0.66667
0.94118 0.82353 0.67843
0.94902 0.83137 0.6902
0.9451 0.82745 0.6902
0.94118 0.82353 0.6902
0.9451 0.82745 0.68627
0.93725 0.81961 0.67451
0.94902 0.83137 0.68235
0.94902 0.83137 0.68235
0.94902 0.83137 0.67843
0.93725 0.81961 0.67843
0.93725 0.81961 0.67451
0.93725 0.81961 0.67059
0.94902 0.83137 0.68235
0.9451 0.82745 0.67843
0.93333 0.81569 0.66667
0.93725 0.81961 0.67059
0.94118 0.82353 0.67451
