0.66275 0.61569 0.57255
0.67059 0.62353 0.57647
0.66667 0.61961 0.57647
0.66275 0.61569 0.56863
0.66667 0.61961 0.56863
0.67059 0.62353 0.57255
0.66667 0.61961 0.57255
0.66667 0.61961 0.56863
0.66275 0.61569 0.56863
0.66667 0.61961 0.56863
0.66275 0.61569 0.56863
0.67059 0.62353 0.56863
0.67059 0.62353 0.57647
0.66275 0.61569 0.56863
0.66667 0.61961 0.56863
0.67059 0.62353 0.57647
0.67059 0.62353 0.57647
0.66275 0.61569 0.56863
0.66667 0.61961 0.56471
0.66275 0.61569 0.56863
0.66275 0.61569 0.56863
0.66275 0.61569 0.56078
0.66275 0.61569 0.56863
0.66275 0.61569 0.56863
0.66275 0.61569 0.56471
