0.6902 0.63922 0.57647
0.67843 0.62745 0.57647
0.67059 0.62745 0.58039
0.64706 0.60784 0.57255
0.64706 0.60784 0.57255
0.65098 0.60392 0.56471
0.6549 0.60392 0.56078
0.68235 0.62745 0.57647
0.70196 0.65098 0.58824
0.6902 0.63922 0.57647
0.67451 0.62745 0.57647
0.66275 0.61961 0.57647
0.6549 0.61961 0.58039
0.64314 0.60392 0.58039
0.64314 0.60784 0.56863
0.65098 0.61176 0.57255
0.65098 0.60392 0.56471
0.66275 0.61176 0.56471
0.67843 0.62353 0.57647
0.70588 0.6549 0.59216
0.70196 0.65098 0.58824
0.68235 0.63529 0.58431
0.67059 0.62353 0.57647
0.66275 0.61961 0.58039
0.65882 0.61961 0.58039
0.62745 0.60392 0.59216
0.64314 0.60392 0.56471
0.64706 0.61176 0.57647
0.6549 0.60784 0.56863
0.65882 0.61176 0.56078
0.66667 0.61961 0.56863
0.70196 0.65882 0.59216
0.69804 0.65098 0.58824
0.6902 0.64314 0.58824
0.67451 0.62745 0.58039
0.67059 0.61961 0.58431
0.66275 0.61961 0.58039
0.6549 0.61569 0.57647
0.60392 0.6 0.59608
0.64706 0.60784 0.57255
0.65098 0.61176 0.57647
0.65882 0.61176 0.58039
0.65882 0.60784 0.56863
0.67059 0.61569 0.56863
0.70196 0.65098 0.58824
0.69804 0.64706 0.58824
0.68627 0.63922 0.58431
0.67843 0.63137 0.58431
0.67059 0.61961 0.58039
0.66667 0.61569 0.58039
0.66275 0.61569 0.57647
0.6549 0.60392 0.56863
0.59216 0.59216 0.6
0.64706 0.61176 0.58039
0.65098 0.61176 0.58039
0.65882 0.61176 0.58039
0.65882 0.60784 0.58039
0.66667 0.61176 0.56863
0.69804 0.64706 0.58431
0.70588 0.65098 0.59216
0.68627 0.63529 0.58431
0.67843 0.63137 0.58431
0.67451 0.62353 0.58824
0.67059 0.61961 0.58431
0.66667 0.61176 0.57647
0.65882 0.60784 0.57255
0.65882 0.60784 0.57255
0.55686 0.57255 0.59608
0.65098 0.61176 0.58039
0.6549 0.61176 0.58824
0.66275 0.61176 0.58431
0.66275 0.60784 0.58039
0.66667 0.61176 0.57647
0.69804 0.64314 0.58824
0.7098 0.65882 0.59608
0.6902 0.64314 0.58824
0.67843 0.63137 0.58431
0.67843 0.63137 0.59216
0.67451 0.62745 0.58431
0.67059 0.62353 0.58431
0.67059 0.61961 0.58824
0.65882 0.60784 0.58039
0.50196 0.55686 0.60392
0.65098 0.61176 0.58824
0.65098 0.61176 0.58824
0.6549 0.61569 0.58431
0.6549 0.60784 0.57647
0.66667 0.61176 0.57647
0.6902 0.63922 0.58039
0.7098 0.65882 0.6
0.69804 0.65098 0.59608
0.68235 0.63529 0.58824
0.68235 0.63137 0.59608
0.67451 0.62745 0.58431
0.67451 0.62353 0.58824
0.66667 0.61569 0.58431
0.66667 0.61569 0.58431
0.66275 0.61176 0.58039
0.43529 0.52549 0.59216
0.64706 0.61176 0.59216
0.64706 0.61176 0.58431
0.65098 0.61569 0.58039
0.65882 0.61569 0.58039
0.66275 0.61176 0.57647
0.68235 0.63137 0.57647
0.71765 0.66667 0.60392
0.69804 0.65098 0.59608
0.68627 0.63922 0.59216
0.68235 0.63137 0.59216
0.67843 0.63137 0.58824
0.67451 0.62353 0.58431
0.67059 0.61961 0.58824
0.66667 0.61569 0.58431
0.65882 0.61176 0.58039
0.37647 0.51765 0.59608
0.62745 0.60784 0.58039
0.64706 0.60784 0.57255
0.65882 0.61569 0.58039
0.66667 0.61569 0.58431
0.66275 0.61176 0.57647
0.67059 0.61961 0.57255
0.71765 0.66275 0.60392
0.7098 0.65882 0.59608
0.69412 0.63922 0.58824
0.6902 0.63529 0.59216
0.68627 0.63137 0.59216
0.67843 0.62353 0.59216
0.67059 0.62353 0.59216
0.66275 0.62353 0.59216
0.65098 0.61176 0.57647
0.60784 0.60392 0.59216
0.64314 0.60392 0.56863
0.6549 0.61176 0.57647
0.66275 0.61176 0.58039
0.66667 0.61176 0.57255
0.67843 0.61569 0.56863
0.71765 0.65098 0.59608
0.71765 0.65882 0.6
0.70196 0.64314 0.59216
0.69412 0.63137 0.59216
0.6902 0.63137 0.59216
0.68235 0.62745 0.59216
0.67059 0.62353 0.59216
0.66275 0.62353 0.58824
0.6549 0.61569 0.58039
0.64706 0.60784 0.57255
0.58431 0.59216 0.6
0.65098 0.61176 0.57255
0.6549 0.61176 0.58039
0.66275 0.61176 0.58039
0.66275 0.61569 0.57647
0.67451 0.61961 0.57255
0.70588 0.64706 0.58824
0.71373 0.65098 0.59216
0.70588 0.64314 0.59216
0.69412 0.62745 0.58824
0.68627 0.62745 0.58431
0.67843 0.62745 0.58431
0.67451 0.62745 0.58824
0.66275 0.62353 0.58824
0.6549 0.61569 0.58039
0.6549 0.61569 0.58039
0.56863 0.59608 0.6
0.65098 0.61569 0.58039
0.65098 0.61961 0.58431
0.65882 0.61176 0.57647
0.66275 0.61569 0.57647
0.66275 0.61176 0.56863
0.70196 0.64314 0.59216
0.72157 0.65882 0.6
0.70588 0.64314 0.58824
0.69412 0.62745 0.58431
0.68235 0.62353 0.58039
0.67451 0.62353 0.58039
0.67059 0.62745 0.58039
0.66275 0.62353 0.58039
0.64706 0.60784 0.56863
0.54118 0.58824 0.60392
0.6549 0.61569 0.58431
0.64706 0.61176 0.57647
0.66275 0.61961 0.58039
0.65882 0.61569 0.57647
0.65882 0.60784 0.56471
0.68627 0.63137 0.58039
0.72549 0.66275 0.60392
0.7098 0.65098 0.58824
0.69804 0.63922 0.58431
0.68627 0.63137 0.58431
0.67843 0.62745 0.58431
0.67451 0.63137 0.58431
0.66275 0.62353 0.57647
0.65882 0.61961 0.58039
0.48235 0.56471 0.6
0.65098 0.61569 0.58431
0.6549 0.60784 0.57647
0.65882 0.62353 0.58039
0.65882 0.62353 0.58431
0.65882 0.61961 0.57255
0.67843 0.62745 0.57647
0.71765 0.66667 0.6
0.7098 0.65882 0.59216
0.69412 0.64706 0.58431
0.68627 0.63137 0.58431
0.68235 0.63137 0.58824
0.67843 0.63529 0.58824
0.66275 0.62353 0.58039
0.65098 0.61176 0.58824
0.66275 0.61176 0.58039
0.65882 0.61961 0.58039
0.6549 0.62353 0.58039
0.65882 0.61569 0.57647
0.67451 0.62745 0.57647
0.72549 0.66667 0.60392
0.72157 0.66275 0.6
0.7098 0.65098 0.58824
0.69412 0.63529 0.58824
0.68627 0.63529 0.58824
0.68235 0.63922 0.59608
0.62353 0.60784 0.58824
0.65098 0.61961 0.58039
0.64706 0.61961 0.57647
0.65098 0.61961 0.57255
0.65098 0.61176 0.57255
0.66275 0.61569 0.56471
0.71765 0.65882 0.59608
0.72157 0.65882 0.6
0.7098 0.64706 0.58824
0.6902 0.63529 0.58039
0.68235 0.63137 0.58824
0.60784 0.61176 0.6
0.65098 0.61961 0.57255
0.64314 0.61961 0.57647
0.65098 0.61961 0.57255
0.6549 0.61176 0.57647
0.65882 0.61176 0.56078
0.71373 0.6549 0.59216
0.72549 0.66275 0.6
0.71373 0.65098 0.59216
0.69412 0.63529 0.58039
0.57647 0.60392 0.6
0.6549 0.61569 0.57647
0.65098 0.61569 0.58039
0.6549 0.61961 0.57647
0.6549 0.61569 0.57647
0.66275 0.61569 0.56471
0.70196 0.64706 0.58431
0.72941 0.67059 0.60784
0.54902 0.6 0.61569
0.6549 0.61569 0.58039
0.65098 0.61961 0.58431
0.65098 0.61569 0.58039
0.65098 0.61176 0.57255
0.6549 0.60784 0.56471
0.64706 0.60784 0.57255
