0.59216 0.69412 0.79216
0.59216 0.69804 0.79216
0.58824 0.69804 0.79216
0.58039 0.6902 0.78431
0.58431 0.69412 0.78824
0.58431 0.69412 0.78824
0.58431 0.69412 0.78824
0.58431 0.69412 0.78824
0.58824 0.69412 0.79216
0.58824 0.69804 0.79216
0.58824 0.69804 0.79216
0.58824 0.69804 0.79216
0.58824 0.69804 0.79216
0.58431 0.69412 0.78824
0.58824 0.69804 0.79216
0.58824 0.69412 0.79216
0.58824 0.69804 0.79216
0.58431 0.69412 0.78824
0.58824 0.69804 0.79216
0.58824 0.69804 0.79216
0.59216 0.70196 0.79608
0.58824 0.69804 0.79216
