0.64314 0.59608 0.55686
0.64706 0.59608 0.55686
0.64314 0.59608 0.56078
0.62745 0.58824 0.55294
0.6549 0.6 0.54902
0.64314 0.59216 0.55294
0.63922 0.58824 0.55686
0.62745 0.58431 0.54902
0.65098 0.6 0.54902
0.64314 0.59608 0.55294
0.64314 0.59216 0.55686
0.63529 0.58431 0.54902
0.62745 0.58431 0.54902
0.63922 0.58824 0.54902
0.63922 0.58824 0.55294
0.63137 0.58039 0.5451
0.63922 0.59216 0.54902
0.63922 0.58824 0.55686
0.63137 0.58431 0.5451
0.63922 0.59216 0.5451
0.64314 0.59216 0.54902
0.63529 0.58431 0.5451
0.64314 0.59608 0.54902
0.63922 0.59216 0.5451
