0.94902 0.83529 0.67843
0.94902 0.83529 0.67843
0.96078 0.84314 0.6902
0.96078 0.84706 0.6902
0.94902 0.83529 0.67843
0.95686 0.83922 0.68627
0.95294 0.83529 0.67843
0.95686 0.84314 0.68627
0.95294 0.83922 0.68235
0.96078 0.84706 0.6902
0.96471 0.85098 0.69412
0.96078 0.84706 0.6902
0.96471 0.84314 0.6902
0.95294 0.83922 0.68235
0.95686 0.84314 0.68627
0.96078 0.84706 0.6902
0.96471 0.84314 0.6902
0.96078 0.84706 0.6902
0.95686 0.84314 0.68627
0.95686 0.83529 0.68235
0.95294 0.83922 0.68235
0.95294 0.83922 0.68235
0.96078 0.84706 0.6902
0.94902 0.83529 0.67843
0.96078 0.84706 0.6902
0.96078 0.84706 0.6902
0.95294 0.83922 0.68235
0.94902 0.83529 0.67843
0.96078 0.84706 0.6902
0.95686 0.84314 0.68627
0.93333 0.81961 0.66667
0.96078 0.84706 0.6902
0.95686 0.84706 0.68627
0.94902 0.83529 0.67843
0.96078 0.84706 0.6902
0.96078 0.84706 0.6902
0.93333 0.81961 0.66667
0.95686 0.84314 0.68627
0.96471 0.85098 0.69412
0.95686 0.84314 0.68627
0.96078 0.84706 0.6902
0.96078 0.84706 0.6902
0.95686 0.83922 0.6902
0.9451 0.82353 0.67059
