0.50196 0.63922 0.78824
0.50588 0.64314 0.79216
0.50588 0.64314 0.79216
0.50588 0.64314 0.79216
0.50588 0.63922 0.78824
0.50588 0.63922 0.78824
0.50588 0.63922 0.78824
0.50588 0.64314 0.79216
0.50196 0.63922 0.78824
0.50196 0.63922 0.78824
0.5098 0.64314 0.79216
0.50588 0.63922 0.78824
0.50196 0.63922 0.78824
0.50588 0.64314 0.79216
0.50588 0.64314 0.79216
0.5098 0.64314 0.79216
0.50588 0.63922 0.78824
0.50588 0.64314 0.79216
0.5098 0.64706 0.79608
0.5098 0.64706 0.79608
0.5098 0.64314 0.79216
0.5098 0.64314 0.79216
