0.90588 0.78431 0.67059
0.90588 0.78039 0.67059
0.9098 0.78824 0.67451
0.9098 0.78824 0.67451
0.90588 0.78431 0.67059
0.90196 0.78039 0.66667
0.9098 0.78824 0.67451
0.90588 0.78431 0.67059
0.89804 0.78039 0.66275
0.9098 0.78824 0.67059
0.90588 0.78431 0.67059
0.91765 0.79608 0.68235
0.90196 0.78431 0.67059
0.9098 0.78431 0.67059
0.90588 0.78431 0.67059
0.90588 0.78431 0.67059
0.89804 0.78039 0.66667
0.90196 0.78039 0.66667
0.90588 0.77647 0.66667
0.90196 0.78039 0.66667
0.90196 0.78039 0.66667
0.90588 0.78039 0.66667
0.90196 0.76863 0.65882
0.90196 0.78039 0.66667
0.9098 0.78824 0.67451
