0.14118 0.22745 0.35686
0.13333 0.22353 0.34902
0.14118 0.22745 0.35294
0.13333 0.22353 0.34902
0.14902 0.22745 0.35686
0.13725 0.21961 0.3451
0.14118 0.21961 0.34902
0.14118 0.22353 0.34902
0.12941 0.21569 0.34118
0.14118 0.21961 0.34902
0.13725 0.21569 0.3451
0.14902 0.22745 0.35686
0.1451 0.22353 0.35294
0.1451 0.22353 0.35294
0.13725 0.21569 0.3451
0.14118 0.21961 0.34902
0.1451 0.22353 0.35294
0.1451 0.22353 0.35294
0.1451 0.22353 0.35294
0.14118 0.22353 0.35294
0.12941 0.21961 0.3451
0.14118 0.22745 0.35294
0.13333 0.21961 0.3451
0.14902 0.22745 0.35686
0.13725 0.22353 0.35294
0.13333 0.22745 0.34902
0.14118 0.22745 0.35686
0.14118 0.22353 0.35294
0.14118 0.22745 0.36078
0.13333 0.22745 0.34902
0.13333 0.21569 0.3451
