0.35686 0.42745 0.52941
0.41176 0.47451 0.57255
0.42353 0.48627 0.58431
0.33333 0.40392 0.51373
0.45882 0.52157 0.61961
0.34902 0.41961 0.52549
0.35686 0.42353 0.52549
0.32941 0.4 0.51373
0.30588 0.38824 0.50588
0.36078 0.43137 0.53333
0.31373 0.38039 0.49804
0.39608 0.47451 0.57647
0.29804 0.37255 0.48627
0.43922 0.51373 0.61569
0.33333 0.40392 0.51765
0.32549 0.39608 0.51373
0.31373 0.38431 0.5098
0.47451 0.54118 0.64314
0.33725 0.40392 0.51765
0.33725 0.40392 0.51765
0.33333 0.40392 0.52549
0.31373 0.38824 0.5098
0.52157 0.58824 0.6902
0.33725 0.40392 0.5098
0.33725 0.4 0.51373
0.33333 0.40392 0.51765
0.32549 0.4 0.51765
0.58039 0.65098 0.74118
0.37255 0.44314 0.54118
0.33725 0.40392 0.50588
0.33333 0.40392 0.5098
0.32157 0.39608 0.50588
0.61569 0.6902 0.75686
0.61569 0.6902 0.75686
0.61569 0.6902 0.75686
0.60392 0.67843 0.75294
0.41961 0.4902 0.58431
0.33333 0.40392 0.50196
0.33725 0.40392 0.50588
0.33333 0.4 0.5098
0.61961 0.69412 0.76078
0.61961 0.69412 0.76078
0.61569 0.6902 0.75686
0.61961 0.69412 0.76078
0.60784 0.67451 0.75686
0.41961 0.48235 0.58039
0.35294 0.41569 0.51373
0.3451 0.40784 0.5098
0.33333 0.4 0.5098
0.62353 0.69804 0.76471
0.61569 0.6902 0.75686
0.61569 0.6902 0.76078
0.61569 0.6902 0.75686
0.61176 0.67843 0.76078
0.41961 0.48235 0.58039
0.37255 0.43529 0.53725
0.35294 0.41569 0.52157
0.32549 0.39216 0.50196
0.62745 0.69412 0.76863
0.63137 0.69804 0.76863
0.62353 0.6902 0.76471
0.61961 0.6902 0.76078
0.61961 0.6902 0.76471
0.61569 0.68627 0.77255
0.58824 0.6549 0.7451
0.38824 0.45098 0.5451
0.37255 0.43529 0.53725
0.36471 0.42745 0.52941
0.33333 0.40392 0.51373
0.62745 0.69412 0.77255
0.62745 0.69412 0.77255
0.61961 0.68627 0.76471
0.61961 0.6902 0.76078
0.61961 0.6902 0.76471
0.61961 0.68627 0.77255
0.58824 0.6549 0.74118
0.37255 0.43922 0.53333
0.3451 0.41176 0.51373
0.36078 0.42353 0.52549
0.3451 0.41176 0.51765
0.3098 0.38824 0.49804
0.31373 0.39216 0.5098
0.62745 0.69412 0.76863
0.62353 0.6902 0.76471
0.61961 0.68627 0.76078
0.62353 0.6902 0.76078
0.62353 0.6902 0.76863
0.62745 0.6902 0.77647
0.59216 0.65882 0.7451
0.37647 0.44706 0.53725
0.32941 0.4 0.49804
0.35294 0.42353 0.52157
0.3451 0.41176 0.51373
0.31373 0.39216 0.49412
0.30196 0.38039 0.48627
0.32157 0.39216 0.50588
0.62745 0.69412 0.76863
0.62353 0.6902 0.76863
0.62745 0.69412 0.77255
0.62353 0.6902 0.76078
0.62353 0.6902 0.76471
0.62745 0.6902 0.76863
0.6 0.66667 0.75294
0.38039 0.45098 0.5451
0.32549 0.39216 0.49412
0.34118 0.41176 0.51373
0.3451 0.42353 0.52941
0.31373 0.39216 0.49804
0.30196 0.37647 0.48627
0.31765 0.38824 0.49804
0.31373 0.38431 0.4902
0.62745 0.69412 0.77255
0.62353 0.6902 0.76863
0.62745 0.69412 0.77255
0.62353 0.6902 0.76471
0.62353 0.6902 0.76078
0.62353 0.6902 0.76471
0.61176 0.67843 0.76471
0.38039 0.45098 0.5451
0.33333 0.4 0.50196
0.33333 0.40392 0.5098
0.33725 0.41569 0.52549
0.30588 0.38431 0.4902
0.30588 0.38039 0.4902
0.32941 0.39608 0.5098
0.32157 0.38824 0.50196
0.62745 0.69412 0.77255
0.62745 0.69412 0.77255
0.62745 0.69412 0.77255
0.62353 0.6902 0.76078
0.61961 0.68627 0.75686
0.62353 0.6902 0.76471
0.61961 0.68627 0.77647
0.41569 0.48627 0.58039
0.32941 0.39608 0.49804
0.33333 0.4 0.5098
0.32549 0.4 0.51765
0.31765 0.38431 0.50196
0.62353 0.69412 0.76471
0.62353 0.69412 0.76471
0.62745 0.6902 0.76471
0.62353 0.68627 0.76078
0.61961 0.68627 0.76471
0.61569 0.6902 0.77255
0.43529 0.5098 0.60784
0.32157 0.4 0.50196
0.32941 0.40392 0.51765
0.31765 0.39216 0.51373
0.62353 0.69804 0.76471
0.62353 0.69804 0.76471
0.62353 0.69412 0.76471
0.61569 0.68627 0.75686
0.61176 0.68627 0.76471
0.61569 0.69412 0.77647
0.45098 0.52941 0.62745
0.32157 0.4 0.50588
0.32941 0.40392 0.51765
0.31373 0.38824 0.5098
0.62745 0.69412 0.76471
0.62353 0.69412 0.76471
0.61961 0.69412 0.76471
0.61176 0.69412 0.76863
0.61569 0.70196 0.78039
0.46667 0.54118 0.63922
0.31765 0.39608 0.49804
0.32549 0.4 0.51765
0.3098 0.38824 0.5098
0.62353 0.69412 0.76471
0.61961 0.69412 0.76078
0.61176 0.68627 0.76471
0.61961 0.69804 0.78039
0.4902 0.56863 0.66275
0.31765 0.39608 0.49804
0.32941 0.40392 0.52157
0.3098 0.38824 0.5098
0.61961 0.68627 0.75686
0.62353 0.68627 0.76471
0.62353 0.69412 0.77647
0.5098 0.58039 0.67843
0.34118 0.41176 0.51373
0.34118 0.41176 0.52941
0.31765 0.39216 0.51765
0.51765 0.58431 0.68235
0.33333 0.4 0.50588
0.3451 0.40784 0.52941
0.51373 0.57647 0.67843
0.34118 0.40392 0.5098
0.3451 0.40392 0.52549
0.50196 0.56471 0.66667
0.32941 0.4 0.50588
0.3451 0.41176 0.52549
0.4902 0.55294 0.6549
0.33725 0.40392 0.5098
0.3451 0.40784 0.52549
0.34118 0.40784 0.51373
0.33725 0.40392 0.52157
0.46667 0.53333 0.62353
0.34902 0.41569 0.52549
0.45882 0.52549 0.61176
0.45098 0.51765 0.60392
0.45098 0.51373 0.60392
0.42745 0.4902 0.58824
