0.66667 0.73725 0.81569
0.66667 0.73725 0.81569
0.66275 0.73725 0.81961
0.66667 0.73725 0.81961
0.66667 0.73333 0.81961
0.66667 0.73333 0.81961
0.66667 0.73333 0.81569
0.66275 0.73333 0.81569
0.66275 0.7451 0.81961
0.67059 0.73725 0.81961
0.67059 0.73333 0.82353
0.67059 0.73333 0.82353
0.66667 0.72941 0.81961
0.66275 0.72549 0.81961
0.67059 0.73333 0.81961
0.66667 0.7451 0.81961
0.67059 0.74118 0.82353
0.67451 0.73725 0.82745
0.67059 0.73333 0.82353
0.67059 0.73333 0.82353
0.66667 0.72941 0.81961
0.66667 0.72941 0.81569
