0.82745 0.7451 0.64314
0.83137 0.75686 0.65098
0.81569 0.74118 0.63137
0.81961 0.74118 0.63529
0.83922 0.75686 0.6549
0.82745 0.74902 0.64314
0.82745 0.75294 0.63529
0.82745 0.7451 0.63529
0.81569 0.73725 0.63137
0.83922 0.76471 0.64706
0.82745 0.74902 0.63137
0.83529 0.74902 0.63922
0.84314 0.76471 0.66275
0.83529 0.75686 0.65098
0.83529 0.76078 0.64706
0.82745 0.74902 0.63922
0.84314 0.75686 0.65098
0.83529 0.74118 0.63529
0.8549 0.76471 0.66667
0.84314 0.76471 0.66667
0.84314 0.76471 0.66275
0.83137 0.75686 0.64314
0.83529 0.75294 0.65098
0.85098 0.76471 0.65882
0.85098 0.76078 0.64706
0.85882 0.77255 0.67451
0.84314 0.76471 0.66667
0.84706 0.76863 0.66667
0.83529 0.75686 0.65098
0.82353 0.74118 0.63529
0.83922 0.75686 0.64706
0.84314 0.76471 0.65882
0.83137 0.74902 0.64314
0.83529 0.75294 0.64314
0.84314 0.76471 0.65882
