0.97255 0.9098 0.79608
0.98039 0.9098 0.79216
0.98824 0.92157 0.80392
0.98824 0.92157 0.80784
0.97647 0.9098 0.79608
0.97647 0.90588 0.78824
0.98431 0.91373 0.79608
0.99216 0.92157 0.80784
0.98039 0.90588 0.78824
0.98431 0.91765 0.8
0.98431 0.91765 0.8
0.98039 0.91373 0.79608
0.98039 0.90588 0.78824
0.98039 0.90588 0.78824
0.98824 0.91373 0.79608
0.97255 0.90196 0.78824
0.96863 0.89804 0.78039
0.97255 0.90588 0.78824
0.97647 0.9098 0.79216
0.98039 0.91765 0.8
0.98824 0.91373 0.79608
0.97255 0.89804 0.78039
0.97255 0.89804 0.77647
0.97647 0.90588 0.78824
0.97255 0.90196 0.78431
0.97647 0.90196 0.78431
0.98431 0.9098 0.79216
0.97647 0.90196 0.78039
0.98039 0.90588 0.78824
0.97255 0.89804 0.78039
0.98431 0.9098 0.79216
0.97255 0.89412 0.78431
0.97647 0.90196 0.78431
0.97647 0.90196 0.79608
