0.22745 0.32941 0.45882
0.21176 0.31373 0.44706
0.21961 0.32157 0.4549
0.21961 0.32157 0.4549
0.20784 0.31373 0.45098
0.23137 0.32941 0.47059
0.22353 0.32549 0.46275
0.22353 0.31765 0.4549
0.21569 0.31373 0.45098
0.21569 0.32157 0.4549
0.21176 0.31373 0.44706
0.21176 0.30588 0.43922
0.22745 0.32157 0.4549
0.22353 0.32157 0.4549
0.22745 0.32941 0.46275
0.21569 0.31765 0.44706
0.21176 0.3098 0.44706
0.21176 0.30588 0.43922
0.21961 0.31373 0.44706
0.22353 0.32157 0.45098
0.22745 0.32157 0.4549
0.23529 0.33333 0.46275
