0.8549 0.82353 0.77255
0.8549 0.82353 0.76863
0.8549 0.82353 0.76471
0.85882 0.83137 0.76863
0.86275 0.83529 0.77255
0.85098 0.82353 0.76078
0.8549 0.81961 0.76078
0.85882 0.82353 0.76471
0.85882 0.81961 0.76471
0.85098 0.81569 0.76078
0.85882 0.82745 0.76863
0.86275 0.83529 0.76863
0.86275 0.83529 0.77255
0.8549 0.82745 0.76471
0.85098 0.81961 0.76078
0.85882 0.81961 0.76078
0.84706 0.8 0.71765
0.86275 0.83137 0.76863
0.86275 0.83529 0.77255
0.86275 0.83529 0.77255
0.8549 0.83137 0.76471
0.8549 0.82353 0.76863
0.86275 0.81961 0.76078
0.85882 0.82745 0.76863
0.8549 0.82745 0.76471
0.85882 0.83137 0.76863
0.85882 0.83137 0.76863
0.8549 0.82745 0.76863
0.8549 0.81569 0.73725
0.85882 0.83137 0.76863
0.85882 0.83529 0.76863
0.85882 0.81961 0.73725
