0.18431 0.28627 0.42745
0.19216 0.2902 0.43922
0.19216 0.29412 0.45098
0.18039 0.27843 0.42745
0.17255 0.27843 0.41176
0.18039 0.28235 0.42353
0.18431 0.28627 0.43529
0.18039 0.27451 0.43529
0.17647 0.27451 0.41961
0.17255 0.27843 0.41569
0.18431 0.28627 0.42745
0.19216 0.2902 0.43922
0.16863 0.27059 0.42745
0.16471 0.27451 0.41569
0.17255 0.27059 0.42353
0.18039 0.28627 0.43529
0.18431 0.2902 0.43922
0.17647 0.32157 0.48235
0.16471 0.27059 0.41961
0.16471 0.27451 0.42745
0.16471 0.26667 0.42353
