0.49804 0.56078 0.68235
0.49804 0.56471 0.68235
0.4902 0.55686 0.67451
0.4902 0.55686 0.67059
0.48627 0.55294 0.67059
0.48627 0.54902 0.67059
0.4902 0.55294 0.67451
0.49412 0.56078 0.67843
0.4902 0.55686 0.67451
0.49412 0.56078 0.67843
0.4902 0.55686 0.67451
0.48235 0.54902 0.66667
0.49412 0.56078 0.67843
0.49804 0.56078 0.67843
0.4902 0.55686 0.67451
0.4902 0.55686 0.67451
0.48235 0.56078 0.67451
0.47843 0.55294 0.67059
0.48235 0.55686 0.67059
0.49412 0.55686 0.67843
0.4902 0.55686 0.67451
0.4902 0.56078 0.67843
0.4902 0.55686 0.67451
0.4902 0.55294 0.66275
0.49412 0.55686 0.67451
0.49412 0.56471 0.68235
0.48627 0.55686 0.67451
0.4902 0.55686 0.67451
0.49804 0.55686 0.67451
0.49804 0.55686 0.66667
0.48627 0.55294 0.67059
0.48627 0.56078 0.67843
0.48235 0.55686 0.67451
0.48235 0.55686 0.67451
0.4902 0.55686 0.67451
0.49412 0.56078 0.67059
0.47451 0.53725 0.6549
0.49412 0.56078 0.67843
0.4902 0.55686 0.67451
0.4902 0.55686 0.67451
0.4902 0.55294 0.67059
0.49412 0.56078 0.67843
