0.56078 0.63137 0.71765
0.56078 0.63137 0.71765
0.56471 0.63529 0.72157
0.56471 0.63529 0.72157
0.56471 0.63529 0.72157
0.56471 0.63529 0.71765
0.56471 0.63529 0.72157
0.56078 0.63137 0.71765
0.55686 0.62745 0.71765
0.56078 0.63137 0.71765
0.56471 0.63529 0.72157
0.55686 0.62745 0.71373
0.55294 0.62745 0.71373
0.56078 0.63137 0.71765
0.56078 0.63137 0.71765
0.56471 0.63529 0.72157
0.56078 0.63137 0.71765
0.55686 0.62745 0.71765
0.56471 0.63529 0.72157
0.56471 0.63529 0.72157
0.56078 0.63137 0.71765
0.56471 0.62745 0.72157
0.56078 0.63137 0.72157
0.56078 0.63137 0.71765
