0.54902 0.67843 0.82745
0.55294 0.67843 0.82745
0.55294 0.67843 0.82353
0.54118 0.67843 0.82745
0.54118 0.67843 0.82745
0.5451 0.67843 0.82745
0.5451 0.67059 0.82353
0.54902 0.67843 0.81961
0.5451 0.67451 0.82745
0.54902 0.67843 0.82745
0.54902 0.67451 0.82353
0.55294 0.68235 0.82353
0.5451 0.67059 0.81961
0.54118 0.67059 0.81961
0.54118 0.67451 0.82353
0.5451 0.67059 0.82353
0.54902 0.67059 0.82353
0.54902 0.67843 0.83137
0.54902 0.67843 0.82745
0.54902 0.67451 0.82353
0.55294 0.68235 0.82353
0.5451 0.67059 0.81961
0.5451 0.67059 0.81961
0.54902 0.67451 0.82353
0.54902 0.67059 0.82353
0.5451 0.67059 0.82353
0.54902 0.67451 0.82745
0.54902 0.67451 0.82745
0.55686 0.68235 0.83137
0.55294 0.67843 0.82353
0.54118 0.66667 0.82353
0.5451 0.67059 0.81961
0.54118 0.66667 0.81569
0.5451 0.67059 0.81961
0.55294 0.67843 0.82353
0.5451 0.67059 0.81961
0.5451 0.67059 0.82353
0.54902 0.67451 0.82745
0.55294 0.67843 0.83137
0.55294 0.67843 0.82745
0.55686 0.68235 0.82745
0.53725 0.66275 0.82353
0.5451 0.67059 0.82745
0.54118 0.66667 0.81961
0.54902 0.67451 0.82353
0.5451 0.67059 0.81961
0.54902 0.67451 0.81961
0.54118 0.67059 0.81961
0.54118 0.67059 0.82353
0.54902 0.67451 0.82745
0.55294 0.67843 0.82745
0.55686 0.68235 0.83137
0.55686 0.68235 0.82353
0.53333 0.66275 0.82353
0.53333 0.66275 0.82353
0.53725 0.66667 0.82745
0.54118 0.66667 0.81961
0.5451 0.67059 0.82353
0.54902 0.67451 0.82745
0.5451 0.67059 0.81961
0.55294 0.67843 0.82745
0.5451 0.67451 0.81961
0.54118 0.67451 0.81961
0.54118 0.67451 0.81961
0.54118 0.67059 0.81961
0.54902 0.67843 0.82353
0.55686 0.68627 0.82353
0.56078 0.68627 0.82353
0.56471 0.68235 0.82353
0.53725 0.66275 0.82353
0.53725 0.66275 0.82353
0.53333 0.66275 0.82353
0.53725 0.66275 0.81961
0.54118 0.66667 0.81961
0.54118 0.66667 0.81961
0.54118 0.66667 0.81961
0.54902 0.67451 0.82353
0.54118 0.67451 0.82353
0.53725 0.67451 0.81961
0.54118 0.67843 0.81961
0.5451 0.67451 0.82353
0.55294 0.67843 0.82745
0.55294 0.67843 0.82353
0.56078 0.68235 0.82745
0.56471 0.68235 0.82745
0.56863 0.68627 0.83137
0.56471 0.68235 0.82745
0.56078 0.67843 0.82353
0.56863 0.68627 0.83137
0.5451 0.67059 0.83137
0.54118 0.66667 0.82745
0.53725 0.66275 0.82353
0.5451 0.67059 0.82353
0.54118 0.67059 0.81961
0.5451 0.67059 0.82353
0.54902 0.67451 0.82745
0.54902 0.67451 0.82745
0.54118 0.67451 0.82353
0.54118 0.67843 0.82353
0.5451 0.68235 0.82353
0.54902 0.67843 0.82745
0.55686 0.68235 0.83137
0.54902 0.67451 0.82745
0.55686 0.67843 0.82745
0.56078 0.67843 0.82745
0.55686 0.68235 0.83137
0.55294 0.68235 0.83137
0.55294 0.68235 0.83137
0.56471 0.68235 0.82745
0.5451 0.67059 0.82353
0.53725 0.66667 0.81961
0.53725 0.67059 0.82353
0.54118 0.67059 0.82353
0.53725 0.66667 0.81961
0.53725 0.67059 0.81961
0.5451 0.67059 0.82353
0.5451 0.66667 0.81961
0.54118 0.67059 0.81961
0.54902 0.67451 0.82353
0.54902 0.67843 0.82353
0.54902 0.67451 0.82353
0.55686 0.68235 0.83137
0.55686 0.68235 0.83137
0.55686 0.68235 0.83137
0.55686 0.68235 0.83137
0.55294 0.67843 0.82745
0.55294 0.68235 0.83137
0.56078 0.68627 0.83529
0.56078 0.68627 0.82745
0.54118 0.66667 0.81961
0.53725 0.66667 0.81569
0.53725 0.67059 0.81961
0.53725 0.67059 0.81961
0.53725 0.67059 0.81961
0.54118 0.67451 0.82353
0.54118 0.67059 0.82353
0.54118 0.66667 0.81961
0.54902 0.67451 0.82353
0.54902 0.67451 0.82353
0.54118 0.66667 0.81569
0.5451 0.67059 0.81961
0.55294 0.67843 0.82745
0.5451 0.67843 0.82353
0.54902 0.68235 0.82745
0.55294 0.68235 0.82745
0.55686 0.68235 0.82745
0.55686 0.68627 0.83137
0.56078 0.68627 0.83137
0.54118 0.66667 0.81961
0.54118 0.66667 0.81961
0.53725 0.67059 0.81961
0.53725 0.67059 0.81961
0.53333 0.66667 0.81569
0.54118 0.67451 0.82353
0.5451 0.67451 0.82353
0.54902 0.67059 0.82353
0.5451 0.67059 0.81961
0.5451 0.67059 0.81961
0.5451 0.67059 0.81961
0.54902 0.67451 0.82353
0.54902 0.67843 0.82353
0.54118 0.67843 0.81961
0.54118 0.68235 0.82353
0.54902 0.68627 0.83137
0.55294 0.68235 0.81961
0.53725 0.67059 0.81961
0.53725 0.67059 0.81569
0.53725 0.67059 0.81569
0.54118 0.67451 0.81961
0.53333 0.66667 0.81569
0.53725 0.67059 0.81569
0.54118 0.67451 0.81961
0.5451 0.67843 0.82353
0.5451 0.67451 0.82353
0.54902 0.67843 0.82745
0.54902 0.67451 0.82353
0.5451 0.67059 0.81961
0.54902 0.67451 0.82353
0.54902 0.67843 0.82745
0.54902 0.67843 0.82745
0.55686 0.6902 0.83529
0.56471 0.68627 0.82745
0.56471 0.68627 0.82745
0.56471 0.68235 0.82353
0.56078 0.68627 0.83137
0.55686 0.68627 0.82353
0.54118 0.67059 0.82353
0.53725 0.67059 0.81961
0.54118 0.67451 0.81961
0.54902 0.67843 0.82745
0.54118 0.67451 0.81961
0.54118 0.67451 0.81961
0.54118 0.67451 0.81961
0.54118 0.67451 0.81961
0.54118 0.67451 0.81961
0.5451 0.67451 0.82353
0.55294 0.67451 0.82745
0.54902 0.67451 0.82353
0.55294 0.67843 0.82745
0.55686 0.67843 0.82745
0.55686 0.67843 0.83137
0.56471 0.68627 0.83529
0.56078 0.67843 0.82353
0.56471 0.68235 0.82353
0.56863 0.68627 0.82745
0.56078 0.68235 0.83137
0.55686 0.68627 0.82745
0.54118 0.66667 0.81961
0.5451 0.67059 0.81961
0.5451 0.67059 0.81961
0.54118 0.67451 0.81961
0.5451 0.67843 0.82353
0.5451 0.67843 0.82353
0.53725 0.66667 0.81569
0.5451 0.66667 0.82353
0.5451 0.67059 0.82353
0.54902 0.67451 0.82745
0.55294 0.67451 0.83137
0.54902 0.67451 0.82745
0.55294 0.67843 0.83137
0.55686 0.67843 0.83137
0.55686 0.68235 0.83137
0.55686 0.68235 0.83137
0.56471 0.68235 0.83137
0.56863 0.68235 0.83137
0.56471 0.68235 0.83137
0.56078 0.68627 0.83529
0.56078 0.68627 0.83137
0.54118 0.66667 0.82353
0.5451 0.67059 0.82745
0.54902 0.67451 0.81961
0.54118 0.67059 0.81961
0.5451 0.67451 0.82353
0.54118 0.67451 0.81961
0.5451 0.67059 0.82353
0.54118 0.66667 0.82353
0.5451 0.67451 0.82745
0.5451 0.67843 0.82745
0.54902 0.67843 0.82745
0.54902 0.67843 0.82745
0.55294 0.68235 0.83137
0.55294 0.68235 0.82745
0.55294 0.67843 0.82745
0.56078 0.68235 0.83137
0.56078 0.68235 0.83137
0.56078 0.68235 0.83137
0.56078 0.68235 0.83137
0.55686 0.68235 0.83137
0.55294 0.68235 0.82353
0.5451 0.67059 0.83137
0.5451 0.67059 0.82745
0.5451 0.67059 0.82353
0.5451 0.67059 0.82353
0.54902 0.67451 0.82745
0.54902 0.67451 0.82745
0.54902 0.67451 0.82745
0.5451 0.67451 0.82353
0.5451 0.67843 0.82745
0.53725 0.67059 0.81961
0.54902 0.68235 0.82745
0.54902 0.68235 0.82745
0.5451 0.67843 0.82353
0.54902 0.68627 0.82745
0.55686 0.68235 0.83137
0.56078 0.68627 0.83529
0.56078 0.68627 0.83529
0.56078 0.68627 0.83529
0.56078 0.68627 0.83529
0.55686 0.68235 0.83137
0.55294 0.67843 0.81961
0.54902 0.67451 0.83529
0.5451 0.67059 0.82353
0.5451 0.67059 0.81961
0.54902 0.67451 0.82745
0.54902 0.67451 0.82745
0.54902 0.67451 0.82745
0.54902 0.67451 0.82353
0.55294 0.67843 0.82745
0.55294 0.68627 0.83137
0.55294 0.68627 0.83137
0.54902 0.68235 0.82745
0.5451 0.67843 0.82353
0.5451 0.67843 0.82353
0.54902 0.68235 0.82745
0.55294 0.67843 0.82745
0.55294 0.67843 0.82745
0.55686 0.68235 0.83137
0.54118 0.66667 0.82353
0.5451 0.67059 0.82353
0.54118 0.66667 0.81569
0.5451 0.67059 0.82353
0.5451 0.67451 0.82745
0.5451 0.67451 0.82353
0.54902 0.67451 0.82353
0.55686 0.68235 0.82745
0.55294 0.68627 0.83137
0.55294 0.68627 0.82745
0.54902 0.68235 0.82745
0.5451 0.67843 0.82353
0.54902 0.68235 0.82745
0.55294 0.68235 0.83137
0.55294 0.68235 0.83137
0.55294 0.67843 0.82745
0.5451 0.67059 0.82353
0.5451 0.67059 0.82353
0.54118 0.66667 0.81961
0.54902 0.67451 0.83529
0.54118 0.66667 0.82353
0.54118 0.67451 0.82353
0.54118 0.67451 0.81176
0.54902 0.67843 0.81569
0.55294 0.68235 0.81961
0.54902 0.68235 0.82353
0.54902 0.68235 0.82745
0.5451 0.67843 0.82353
0.54902 0.67843 0.82353
0.55686 0.68235 0.83137
0.55686 0.68235 0.83137
0.55686 0.68235 0.83137
0.54902 0.67451 0.82745
0.5451 0.67059 0.82353
0.5451 0.67059 0.82353
0.5451 0.67059 0.83137
0.54118 0.67059 0.82353
0.54118 0.67451 0.82353
0.5451 0.67451 0.81961
0.55686 0.68235 0.82745
0.54902 0.68235 0.82353
0.55294 0.68235 0.82745
0.54902 0.67451 0.82353
0.55294 0.68235 0.82745
0.56078 0.68627 0.83529
0.55294 0.67843 0.82745
0.55294 0.67843 0.82745
0.55686 0.68235 0.83137
0.54902 0.67451 0.82745
0.5451 0.67059 0.82353
0.5451 0.67059 0.82353
0.5451 0.67059 0.82745
0.5451 0.67059 0.82745
0.5451 0.67843 0.82745
0.5451 0.67451 0.81961
0.54902 0.67843 0.82745
0.5451 0.67843 0.82353
0.5451 0.67843 0.82353
0.55294 0.67451 0.82745
0.55294 0.67843 0.82745
0.55686 0.68235 0.83137
0.55294 0.67843 0.83137
0.55294 0.67843 0.82745
0.5451 0.67059 0.82353
0.54902 0.67451 0.82745
0.5451 0.67059 0.82353
0.5451 0.67059 0.82353
0.55294 0.67843 0.82745
0.54902 0.67451 0.82353
0.54118 0.67059 0.81961
0.5451 0.67843 0.82353
0.5451 0.67843 0.82353
0.5451 0.67451 0.82353
0.54902 0.67451 0.82353
0.55294 0.67843 0.82745
0.55294 0.67843 0.82745
0.54118 0.66667 0.81961
0.54902 0.67451 0.82745
0.54902 0.67451 0.82745
0.54902 0.67451 0.82745
0.54902 0.67451 0.82745
0.55294 0.67843 0.82745
0.5451 0.67843 0.82353
0.54902 0.67843 0.82353
0.55294 0.67843 0.82745
0.54118 0.66667 0.81961
0.5451 0.67059 0.82353
0.5451 0.67059 0.82353
0.54902 0.67451 0.82745
0.5451 0.67059 0.81961
0.55294 0.67843 0.82745
0.5451 0.67451 0.82353
0.54118 0.67059 0.82745
0.5451 0.67451 0.83137
0.53725 0.66667 0.82745
0.5451 0.67451 0.82745
0.5451 0.67843 0.82745
0.54118 0.67059 0.81961
0.5451 0.67451 0.82353
0.54118 0.67059 0.83137
0.5451 0.67451 0.83529
0.5451 0.67451 0.83922
0.5451 0.67843 0.83137
0.5451 0.67843 0.82745
0.54118 0.67451 0.82353
0.5451 0.67843 0.82745
0.54118 0.67451 0.82353
0.54118 0.67059 0.83137
0.5451 0.67451 0.83529
0.54902 0.67843 0.83922
0.54902 0.67843 0.83137
0.54902 0.67451 0.83137
0.54902 0.67843 0.83137
0.5451 0.67843 0.83137
0.54118 0.67451 0.82353
0.5451 0.67059 0.82353
0.54902 0.67451 0.82745
0.5451 0.67059 0.82353
0.5451 0.67451 0.82353
0.54118 0.67451 0.82353
0.54902 0.67451 0.83137
0.5451 0.67451 0.83137
0.54902 0.67451 0.83529
0.5451 0.67059 0.83137
0.54902 0.67451 0.83529
0.54118 0.67451 0.82745
