0.48627 0.56863 0.73725
0.48627 0.57255 0.73333
0.4902 0.57647 0.73725
0.48235 0.56863 0.72941
0.48235 0.56863 0.72941
0.49804 0.57647 0.71373
0.50588 0.57647 0.72157
0.48235 0.56863 0.73333
0.48235 0.56471 0.73333
0.47843 0.56863 0.72941
0.48235 0.56863 0.72941
0.47843 0.56471 0.72549
0.47451 0.56471 0.72549
0.48627 0.57647 0.73725
0.48627 0.57255 0.73725
0.4902 0.57255 0.72941
0.4902 0.56471 0.72157
0.49804 0.56863 0.72549
0.49804 0.57255 0.72549
0.50196 0.57647 0.72549
0.50588 0.57647 0.72549
0.50196 0.57255 0.72549
0.50196 0.57647 0.72941
0.50196 0.57255 0.71765
0.50588 0.58039 0.71765
0.50588 0.58431 0.72157
0.50196 0.58039 0.71765
0.50196 0.58039 0.71765
0.5098 0.58039 0.71765
0.48235 0.57255 0.72941
0.47451 0.56863 0.72549
0.48235 0.57255 0.73333
0.47451 0.56471 0.72549
0.47059 0.56078 0.72157
0.47451 0.56863 0.72549
0.47059 0.56471 0.72549
0.47451 0.56471 0.72549
0.48235 0.56863 0.72941
0.47843 0.56863 0.72941
0.47843 0.56863 0.72941
0.47843 0.56471 0.72549
0.48235 0.57255 0.72549
0.49412 0.56863 0.72549
0.50588 0.57647 0.73725
0.50196 0.57255 0.72941
0.50196 0.57255 0.73333
0.50196 0.57255 0.72941
0.50588 0.57647 0.73333
0.50196 0.58039 0.72549
0.50196 0.58039 0.72157
0.50196 0.58039 0.71765
0.49804 0.57647 0.71373
0.49804 0.57647 0.71373
0.50196 0.58039 0.71765
0.50196 0.57647 0.70588
0.50196 0.57647 0.7098
0.47843 0.56863 0.72941
0.47843 0.56863 0.72941
0.47843 0.56863 0.72941
0.47843 0.56863 0.72941
0.46667 0.55686 0.71765
0.46667 0.55686 0.71765
0.47059 0.56863 0.72549
0.47843 0.56863 0.72941
0.47843 0.56471 0.72549
0.47843 0.56863 0.72941
0.48235 0.56863 0.72941
0.48235 0.56863 0.72941
0.48235 0.56863 0.72549
0.4902 0.56471 0.72157
0.49804 0.57255 0.72941
0.50588 0.57647 0.73333
0.5098 0.58039 0.72941
0.50588 0.57647 0.72549
0.50196 0.57647 0.72549
0.50196 0.58039 0.72549
0.49804 0.57647 0.71765
0.50196 0.58039 0.71765
0.50588 0.58431 0.72157
0.50196 0.58039 0.71765
0.50588 0.58431 0.72157
0.5098 0.58431 0.72157
0.50588 0.57647 0.72157
0.47451 0.56471 0.72549
0.47451 0.56471 0.72549
0.47451 0.56471 0.72549
0.47451 0.56471 0.72549
0.47451 0.56471 0.72549
0.47059 0.56078 0.72157
0.47059 0.56471 0.72157
0.48235 0.57255 0.73333
0.48627 0.57255 0.72941
0.48235 0.56863 0.72941
0.48627 0.57255 0.73333
0.48235 0.57255 0.73333
0.47843 0.56471 0.72157
0.48235 0.56078 0.71765
0.49412 0.56863 0.72549
0.5098 0.58039 0.73333
0.50588 0.57647 0.72549
0.50588 0.57647 0.72549
0.50196 0.57255 0.72157
0.50196 0.58039 0.72549
0.50196 0.58039 0.72157
0.49804 0.58039 0.71765
0.50588 0.58431 0.72157
0.50588 0.58431 0.72157
0.50588 0.58431 0.72157
0.50588 0.58039 0.72157
0.50196 0.57647 0.72157
0.51765 0.57647 0.71765
0.48235 0.57255 0.73333
0.47451 0.56471 0.72549
0.47059 0.56078 0.72157
0.47451 0.56471 0.72549
0.47451 0.56471 0.72549
0.47451 0.56471 0.72549
0.47451 0.56863 0.71765
0.48235 0.57255 0.72157
0.48235 0.56863 0.72157
0.47843 0.56471 0.72549
0.48627 0.57255 0.73333
0.48627 0.57255 0.73333
0.4902 0.57255 0.72941
0.49412 0.57255 0.72941
0.49412 0.57647 0.72941
0.49804 0.57647 0.73333
0.50196 0.57647 0.73333
0.50588 0.57647 0.72549
0.50588 0.57647 0.71765
0.49804 0.57647 0.71373
0.49412 0.58039 0.71373
0.4902 0.58431 0.71373
0.49804 0.57647 0.71373
0.50588 0.58431 0.72157
0.50588 0.58431 0.72157
0.50196 0.58039 0.72549
0.49804 0.58039 0.71373
0.47451 0.56471 0.72549
0.48235 0.57255 0.73333
0.48627 0.57647 0.73725
0.48235 0.57255 0.73333
0.47843 0.56863 0.72941
0.48235 0.57255 0.73333
0.47843 0.56863 0.72941
0.48627 0.58039 0.72941
0.48627 0.57647 0.72549
0.48627 0.57255 0.72549
0.48235 0.57255 0.72549
0.48235 0.56863 0.72549
0.4902 0.56471 0.72549
0.49804 0.57255 0.72941
0.50196 0.57255 0.72941
0.49804 0.57255 0.72941
0.50196 0.57647 0.73333
0.49804 0.57255 0.72941
0.50588 0.57647 0.72549
0.50196 0.57255 0.71373
0.50588 0.58039 0.72157
0.50196 0.58039 0.71765
0.49412 0.58039 0.71373
0.49804 0.58039 0.71765
0.49804 0.57647 0.71373
0.49804 0.57647 0.71373
0.49804 0.58039 0.72157
0.50588 0.58431 0.72549
0.47843 0.56863 0.72941
0.47843 0.56863 0.72941
0.48235 0.57255 0.73333
0.47843 0.56863 0.72941
0.47451 0.56471 0.72549
0.47843 0.56863 0.72941
0.47843 0.56863 0.72941
0.48235 0.57647 0.72549
0.48627 0.58039 0.72941
0.4902 0.57647 0.72941
0.4902 0.58039 0.72941
0.4902 0.56863 0.72157
0.49412 0.56078 0.71765
0.49412 0.56863 0.72549
0.4902 0.57647 0.72941
0.48627 0.57255 0.72549
0.4902 0.56863 0.72549
0.50588 0.58039 0.73333
0.50588 0.58039 0.72549
0.50588 0.57647 0.71765
0.51765 0.58431 0.72549
0.50196 0.57647 0.71373
0.50196 0.58039 0.71765
0.50588 0.58431 0.72157
0.50196 0.58039 0.71765
0.49804 0.57647 0.71373
0.4902 0.57647 0.71373
0.50588 0.57647 0.72157
0.47059 0.56863 0.72941
0.47451 0.56863 0.72549
0.47451 0.56471 0.72549
0.48235 0.57255 0.73333
0.47451 0.56471 0.72549
0.47059 0.56078 0.72157
0.47451 0.56471 0.72549
0.47843 0.56863 0.72941
0.48235 0.57255 0.72941
0.4902 0.57647 0.73333
0.49804 0.58431 0.73333
0.49412 0.58039 0.72941
0.4902 0.57647 0.72941
0.4902 0.57255 0.72549
0.48627 0.57255 0.72549
0.48627 0.57255 0.72549
0.4902 0.57647 0.72941
0.48627 0.56863 0.72549
0.49804 0.57255 0.73333
0.50588 0.57647 0.72157
0.51373 0.58039 0.71765
0.51373 0.58431 0.72549
0.50588 0.58039 0.71765
0.50588 0.58039 0.71765
0.5098 0.58824 0.72549
0.5098 0.58824 0.72549
0.50196 0.58039 0.71765
0.49412 0.57255 0.71373
0.50196 0.58039 0.71373
0.47059 0.56863 0.72941
0.47451 0.56863 0.72941
0.47451 0.56471 0.72549
0.47451 0.56471 0.72549
0.47451 0.56471 0.72549
0.47843 0.56863 0.72941
0.47451 0.56471 0.72549
0.48235 0.56863 0.72941
0.48235 0.56863 0.72941
0.48235 0.56863 0.72157
0.49412 0.58039 0.72941
0.49412 0.58039 0.72549
0.4902 0.57255 0.72157
0.49412 0.57647 0.72549
0.4902 0.57647 0.72941
0.48627 0.57255 0.72549
0.48627 0.57255 0.72549
0.48235 0.56863 0.72157
0.50196 0.58039 0.73333
0.50588 0.58039 0.72549
0.50588 0.57647 0.71373
0.49804 0.57647 0.71373
0.49804 0.57647 0.71373
0.49804 0.57647 0.71373
0.5098 0.58431 0.72157
0.50588 0.58039 0.71765
0.50196 0.57647 0.71765
0.50588 0.58039 0.72157
0.50588 0.58431 0.71765
0.46667 0.56471 0.72549
0.47059 0.56471 0.72549
0.47843 0.56863 0.73333
0.48235 0.57255 0.73725
0.48235 0.56863 0.73333
0.4902 0.57647 0.73725
0.4902 0.57647 0.73725
0.48235 0.56863 0.72941
0.47843 0.56471 0.72549
0.48627 0.57255 0.72941
0.48627 0.57255 0.72157
0.49412 0.57255 0.71765
0.49412 0.57255 0.71765
0.49804 0.57647 0.72157
0.49804 0.58039 0.72941
0.4902 0.57647 0.72941
0.48627 0.57255 0.72941
0.48627 0.57255 0.72157
0.49804 0.58824 0.73333
0.50196 0.58431 0.72941
0.49412 0.57255 0.71373
0.49412 0.57647 0.71373
0.49804 0.58431 0.71765
0.49804 0.58039 0.71765
0.5098 0.58431 0.72157
0.5098 0.57647 0.72157
0.50588 0.57647 0.71765
0.50588 0.58039 0.72157
0.5098 0.58824 0.72157
0.47059 0.56863 0.72941
0.47059 0.56471 0.72549
0.47059 0.56078 0.72549
0.47451 0.56471 0.72941
0.47059 0.56078 0.72549
0.48235 0.57255 0.73725
0.48235 0.56863 0.72941
0.47843 0.56471 0.72157
0.48235 0.56863 0.72549
0.48627 0.57255 0.72941
0.49412 0.58039 0.73333
0.49412 0.57255 0.72157
0.49412 0.57255 0.71765
0.49412 0.57255 0.71765
0.49804 0.57647 0.72157
0.49804 0.58039 0.72549
0.49412 0.57647 0.72157
0.4902 0.57647 0.72157
0.49412 0.58039 0.72549
0.49412 0.57647 0.72157
0.49412 0.58039 0.72549
0.49412 0.58039 0.72157
0.50196 0.58431 0.72157
0.5098 0.58431 0.72157
0.50588 0.58431 0.72157
0.50196 0.57647 0.71373
0.50588 0.57647 0.71765
0.50196 0.57647 0.71765
0.5451 0.60784 0.71373
0.47059 0.56471 0.72941
0.47451 0.56078 0.72941
0.47451 0.56471 0.72941
0.47843 0.56471 0.73333
0.47451 0.56471 0.72941
0.47451 0.56078 0.72157
0.48235 0.56863 0.72549
0.48627 0.57255 0.72157
0.48235 0.56863 0.72157
0.4902 0.57647 0.72941
0.4902 0.57255 0.72157
0.49412 0.57255 0.71765
0.49804 0.57647 0.72157
0.4902 0.57255 0.71765
0.4902 0.57647 0.72157
0.49412 0.58039 0.72549
0.4902 0.57647 0.72157
0.4902 0.57647 0.72157
0.48627 0.57255 0.71765
0.4902 0.57647 0.72157
0.49804 0.58039 0.72549
0.50196 0.58039 0.72157
0.50588 0.57647 0.71765
0.50588 0.58431 0.72157
0.50588 0.58039 0.71765
0.51373 0.58431 0.72549
0.51373 0.57647 0.72549
0.47059 0.56471 0.72941
0.47843 0.56863 0.73333
0.48627 0.56471 0.73333
0.47843 0.56078 0.72941
0.47059 0.55686 0.72549
0.48235 0.57255 0.73725
0.48627 0.57255 0.73333
0.4902 0.57647 0.72941
0.48627 0.57255 0.72549
0.48235 0.56863 0.72157
0.48627 0.57255 0.72157
0.48235 0.56863 0.72157
0.4902 0.57647 0.72941
0.49412 0.57647 0.72941
0.48627 0.57255 0.72157
0.48627 0.57647 0.71765
0.48627 0.57647 0.71765
0.48627 0.57255 0.71765
0.4902 0.57647 0.72157
0.48627 0.57255 0.71765
0.48627 0.57255 0.71765
0.49412 0.58039 0.72549
0.50196 0.57647 0.71765
0.49804 0.57255 0.7098
0.50196 0.58039 0.71765
0.5098 0.58431 0.72549
0.50588 0.57647 0.72157
0.52157 0.58431 0.72549
0.47843 0.56471 0.72941
0.47843 0.56863 0.73333
0.48235 0.56863 0.73725
0.48627 0.56863 0.74118
0.48235 0.56471 0.73333
0.47843 0.56471 0.72941
0.47843 0.56471 0.73333
0.48235 0.56863 0.72941
0.48235 0.56863 0.72157
0.48627 0.57255 0.72549
0.4902 0.57647 0.73333
0.4902 0.57647 0.73333
0.48235 0.56863 0.72549
0.48627 0.57255 0.72549
0.4902 0.57647 0.72941
0.48235 0.57647 0.72549
0.48627 0.58039 0.72549
0.4902 0.58431 0.72549
0.48627 0.58039 0.72157
0.4902 0.58431 0.72941
0.48627 0.57647 0.71765
0.48235 0.57255 0.7098
0.49804 0.58039 0.72157
0.5098 0.58431 0.72549
0.5098 0.58039 0.72157
0.5098 0.58431 0.72157
0.51373 0.58431 0.72549
0.50588 0.57647 0.71765
0.5098 0.58039 0.7098
0.5451 0.59608 0.71765
0.47843 0.56863 0.73333
0.47451 0.56471 0.72941
0.47451 0.56078 0.72941
0.47843 0.56471 0.72941
0.48235 0.56863 0.72941
0.48627 0.56863 0.73725
0.47843 0.56471 0.72549
0.48627 0.57255 0.72549
0.48235 0.56863 0.72549
0.48627 0.57255 0.73333
0.48627 0.57647 0.73725
0.48627 0.57255 0.72549
0.4902 0.57647 0.72941
0.48627 0.57255 0.72549
0.48235 0.57255 0.72549
0.48235 0.57647 0.72549
0.48627 0.58039 0.72157
0.4902 0.58431 0.72941
0.4902 0.58431 0.73333
0.48235 0.57647 0.71765
0.47843 0.57255 0.70588
0.49412 0.58431 0.71765
0.50588 0.58431 0.72157
0.50588 0.58039 0.72157
0.50588 0.58039 0.72157
0.5098 0.58824 0.72549
0.5098 0.58824 0.72549
0.5098 0.58431 0.71765
0.52941 0.59216 0.71765
0.47451 0.56863 0.72941
0.48235 0.57255 0.73333
0.48627 0.56863 0.73725
0.48235 0.56863 0.72941
0.48235 0.56863 0.72157
0.47843 0.56863 0.72549
0.47451 0.56471 0.72549
0.47843 0.56863 0.72941
0.48627 0.57255 0.72549
0.48627 0.57255 0.72549
0.48235 0.56863 0.72157
0.48627 0.57255 0.72549
0.48627 0.57647 0.72941
0.4902 0.57647 0.72157
0.49412 0.58039 0.72941
0.4902 0.57647 0.72941
0.49412 0.58039 0.72549
0.4902 0.58039 0.71373
0.4902 0.58431 0.71765
0.49804 0.58431 0.72157
0.50588 0.58431 0.72157
0.49804 0.58039 0.71373
0.50196 0.58431 0.72157
0.5098 0.59216 0.72549
0.50588 0.58039 0.71373
0.53333 0.59216 0.71765
0.47451 0.56863 0.72941
0.47843 0.57255 0.72941
0.48235 0.56863 0.73333
0.47843 0.56471 0.72549
0.47451 0.56078 0.71765
0.48235 0.56863 0.73333
0.48235 0.57255 0.73333
0.48235 0.57255 0.73333
0.48627 0.57255 0.72941
0.4902 0.57647 0.72941
0.48627 0.57255 0.72941
0.49412 0.58039 0.73333
0.4902 0.57647 0.72941
0.48235 0.56863 0.71373
0.48235 0.56863 0.71765
0.48627 0.57647 0.72549
0.49412 0.58431 0.72549
0.4902 0.58039 0.71765
0.49412 0.58824 0.72157
0.49412 0.58824 0.72549
0.49412 0.58039 0.72157
0.49804 0.58431 0.72157
0.49804 0.58431 0.72157
0.50588 0.58824 0.72549
0.50588 0.58431 0.71765
0.53333 0.59608 0.72157
0.47451 0.56471 0.72549
0.47843 0.56863 0.72941
0.47843 0.56863 0.72941
0.47451 0.56471 0.72941
0.48235 0.57255 0.73725
0.48235 0.57255 0.73725
0.47451 0.56471 0.72549
0.47843 0.56471 0.72549
0.48627 0.57255 0.73725
0.4902 0.57647 0.73333
0.48627 0.57255 0.72549
0.4902 0.57255 0.72157
0.48627 0.57647 0.72157
0.49412 0.58824 0.72941
0.48627 0.58039 0.71765
0.4902 0.58431 0.71765
0.4902 0.58431 0.72157
0.49412 0.58431 0.72941
0.49804 0.58039 0.73333
0.49804 0.58039 0.72941
0.49804 0.57647 0.71765
0.51765 0.58431 0.72941
0.51373 0.58824 0.71765
0.52941 0.59608 0.71765
0.47059 0.56863 0.72549
0.47843 0.57647 0.73333
0.48235 0.57647 0.73725
0.47843 0.56863 0.73333
0.48235 0.57255 0.73725
0.48627 0.57647 0.74118
0.47843 0.56863 0.72941
0.48235 0.56863 0.72941
0.48627 0.57255 0.73333
0.48627 0.57255 0.72941
0.4902 0.57647 0.72941
0.4902 0.57647 0.72157
0.4902 0.57647 0.72157
0.4902 0.58039 0.72549
0.4902 0.58039 0.71373
0.49804 0.58824 0.72157
0.4902 0.58039 0.71765
0.49412 0.57647 0.72549
0.50196 0.57647 0.73333
0.49412 0.58039 0.72549
0.49804 0.57647 0.71765
0.50588 0.58039 0.71765
0.50588 0.58039 0.7098
0.51373 0.58039 0.70588
0.47843 0.57647 0.73333
0.47451 0.57255 0.72941
0.47843 0.57647 0.73333
0.47843 0.56863 0.73333
0.47843 0.56863 0.73333
0.47843 0.57255 0.73333
0.48235 0.57255 0.73333
0.47843 0.56863 0.72941
0.48627 0.57647 0.73333
0.4902 0.57647 0.73333
0.48627 0.57255 0.72549
0.48627 0.57255 0.71765
0.48627 0.57255 0.71765
0.49412 0.58039 0.72549
0.4902 0.57647 0.71373
0.49412 0.58431 0.71765
0.4902 0.57647 0.71765
0.49804 0.57647 0.72549
0.50196 0.57647 0.72941
0.49412 0.57647 0.72157
0.50196 0.58039 0.72157
0.51373 0.58431 0.72549
0.51373 0.58431 0.72941
0.51373 0.58039 0.71765
0.47059 0.56863 0.72549
0.47843 0.57647 0.73333
0.47451 0.57255 0.72941
0.47451 0.57647 0.73333
0.47843 0.57647 0.73333
0.47843 0.57647 0.73333
0.47843 0.56863 0.72941
0.48627 0.57647 0.72549
0.48627 0.57255 0.72941
0.49412 0.58039 0.73725
0.50196 0.57647 0.72941
0.49804 0.57647 0.72157
0.5098 0.58824 0.73333
0.49412 0.58039 0.72549
0.4902 0.57647 0.72157
0.49412 0.58039 0.72549
0.49412 0.58039 0.72549
0.49412 0.58039 0.72549
0.5098 0.58824 0.73333
0.5098 0.58824 0.73333
0.5098 0.58824 0.73333
0.50196 0.58039 0.72549
0.50196 0.57647 0.71765
0.48235 0.57255 0.73333
0.47843 0.57255 0.72941
0.47843 0.57255 0.72941
0.48235 0.57647 0.73333
0.47843 0.57647 0.73333
0.47451 0.56863 0.72549
0.48627 0.57255 0.72549
0.48627 0.57255 0.72549
0.48627 0.57255 0.72549
0.49412 0.57647 0.72157
0.49804 0.57647 0.71765
0.50588 0.58431 0.72941
0.49804 0.58039 0.72549
0.49412 0.58039 0.72549
0.49412 0.58039 0.72549
0.49412 0.58039 0.72549
0.49412 0.58039 0.72549
0.50588 0.58431 0.72941
0.50196 0.58039 0.72549
0.50196 0.58039 0.72549
0.49804 0.57647 0.72157
0.50588 0.58431 0.72549
