0.10196 0.18039 0.28627
0.11765 0.18824 0.29804
0.12941 0.19608 0.3098
0.12941 0.18039 0.28627
0.11765 0.18431 0.29412
0.1098 0.18431 0.29412
0.11765 0.18431 0.29412
0.12157 0.17255 0.27843
0.29412 0.3098 0.38431
0.12157 0.18824 0.29804
0.12941 0.18824 0.30196
0.13333 0.18431 0.2902
0.14902 0.17647 0.27059
0.58824 0.57255 0.60784
0.13333 0.2 0.30196
0.1451 0.19608 0.30588
0.14118 0.18824 0.2902
0.23137 0.24706 0.3098
0.12549 0.19216 0.29412
0.13333 0.18824 0.29412
0.13725 0.17255 0.28235
0.41176 0.40392 0.4549
0.13333 0.18824 0.29412
0.1451 0.17255 0.27059
0.66275 0.63922 0.64314
0.23137 0.2549 0.33725
0.4 0.40392 0.45882
0.62745 0.61961 0.63529
0.81569 0.78824 0.76471
