0.92157 0.83922 0.72549
0.90588 0.82353 0.71765
0.90588 0.82745 0.72157
0.8902 0.81176 0.70588
0.88627 0.81176 0.70588
0.90588 0.83529 0.71373
0.92157 0.84706 0.72549
0.90588 0.82745 0.72157
0.90196 0.82353 0.71765
0.88235 0.80392 0.69804
0.8902 0.82353 0.71373
0.88627 0.81176 0.70196
0.90196 0.82353 0.71373
0.92549 0.84706 0.73333
0.91373 0.83529 0.71765
0.90196 0.82353 0.7098
0.89412 0.82353 0.71373
0.89804 0.83137 0.72157
0.8902 0.81961 0.72157
0.89804 0.81961 0.71373
0.91373 0.83529 0.72941
0.92157 0.84314 0.73725
0.91765 0.83529 0.71765
0.90588 0.82745 0.71373
0.89412 0.82353 0.71373
0.88627 0.81961 0.71373
0.87843 0.80784 0.71765
0.90588 0.82745 0.72157
0.90196 0.82353 0.71765
0.91765 0.83922 0.73333
0.92157 0.83922 0.73333
0.91765 0.83529 0.72157
0.91373 0.83137 0.72549
0.89412 0.82353 0.72157
0.88627 0.81961 0.71765
0.8902 0.81961 0.73333
0.92157 0.84314 0.73725
0.90196 0.82745 0.72549
0.89412 0.82353 0.71765
0.91765 0.84314 0.73333
0.9098 0.83922 0.72941
0.9098 0.83529 0.72941
0.91765 0.83529 0.72941
0.9098 0.83137 0.72941
0.89412 0.82353 0.72157
0.8902 0.82353 0.72157
0.89804 0.83137 0.72941
0.89804 0.83137 0.72941
0.92157 0.8549 0.7451
0.9098 0.84314 0.73333
0.9098 0.84314 0.73333
0.92941 0.85098 0.7451
0.90588 0.83137 0.72941
0.8902 0.82353 0.72157
0.90196 0.82745 0.72157
0.9098 0.83137 0.72549
0.91765 0.84314 0.73725
0.91765 0.83922 0.73333
0.92549 0.84706 0.74118
0.9098 0.83529 0.73333
0.89412 0.82745 0.72549
0.89412 0.83137 0.72549
0.90196 0.82353 0.7098
0.90196 0.82353 0.71765
0.91373 0.83529 0.72941
0.9098 0.83137 0.72157
0.91765 0.83529 0.72941
0.91373 0.84314 0.73725
0.8902 0.82745 0.72549
0.89804 0.83529 0.72549
0.93725 0.85882 0.74902
0.89412 0.83137 0.72941
0.88627 0.81569 0.71765
0.78824 0.72941 0.66275
0.65882 0.60784 0.56863
0.49804 0.47059 0.47059
