0.37647 0.38824 0.41961
0.38824 0.39608 0.42745
0.40392 0.41569 0.43922
0.38431 0.4 0.41569
0.37255 0.39216 0.41961
0.39216 0.40784 0.43529
0.4 0.41176 0.43529
0.39216 0.40784 0.42745
0.37647 0.39216 0.42745
0.38039 0.39608 0.42745
0.38431 0.4 0.42745
0.40392 0.41176 0.43922
0.40784 0.41569 0.44314
0.38431 0.39608 0.43137
0.38431 0.4 0.43529
0.39608 0.40392 0.44314
0.40784 0.40392 0.43922
0.41961 0.41569 0.44314
0.39216 0.39608 0.43529
0.4 0.41176 0.44706
0.40784 0.40784 0.44706
0.40784 0.40392 0.43529
0.41569 0.41176 0.44706
0.43529 0.42745 0.43922
0.4 0.40784 0.44314
0.40392 0.4 0.44314
0.40784 0.40392 0.43529
0.41961 0.41176 0.45098
0.41569 0.40784 0.42745
0.40784 0.40784 0.44706
0.41176 0.41569 0.4549
0.41176 0.41176 0.45098
0.41176 0.41176 0.44314
0.42353 0.41961 0.44706
0.40784 0.40392 0.42745
0.42353 0.41961 0.45882
0.42745 0.42353 0.46275
0.42353 0.42353 0.4549
0.41176 0.41176 0.43922
0.4 0.4 0.42353
