0.51373 0.64314 0.78431
0.51765 0.63922 0.77647
0.52157 0.64314 0.78431
0.52549 0.64314 0.78431
0.52549 0.64314 0.78431
0.52941 0.64706 0.79216
0.53333 0.64706 0.78824
0.52941 0.64706 0.78431
0.52549 0.64314 0.78039
0.52549 0.64314 0.78431
0.52941 0.64706 0.78824
0.52941 0.64706 0.78824
0.52157 0.63922 0.78039
0.52549 0.64314 0.78824
0.52157 0.64314 0.78431
0.52941 0.64706 0.78824
0.52549 0.64314 0.78431
0.52549 0.64314 0.78431
0.52941 0.64706 0.78824
0.52941 0.64706 0.78824
0.51765 0.64706 0.78431
0.52549 0.64706 0.78824
0.52549 0.64314 0.78431
0.52549 0.64314 0.78431
0.52941 0.64314 0.78431
0.52549 0.64314 0.78431
0.52157 0.64706 0.78824
