0.96863 0.90588 0.81176
0.96863 0.9098 0.81176
0.96078 0.89804 0.8
0.96078 0.90196 0.8
0.95686 0.89804 0.79608
0.97255 0.9098 0.81569
0.96078 0.90588 0.80392
0.96863 0.91373 0.80784
0.96078 0.9098 0.80392
0.96471 0.9098 0.81176
0.96078 0.90588 0.80392
0.96078 0.90588 0.8
0.96078 0.90588 0.8
0.96471 0.9098 0.81176
0.95686 0.89804 0.80392
0.95294 0.89804 0.79608
0.95294 0.89804 0.79608
0.95294 0.89804 0.79608
0.96471 0.90588 0.80784
0.96471 0.90196 0.8
0.95686 0.89804 0.79608
0.95686 0.89804 0.80392
0.96863 0.9098 0.80784
0.96078 0.90588 0.80392
0.95294 0.89804 0.8
0.96863 0.91373 0.81176
0.96078 0.90588 0.80392
0.96078 0.90588 0.80784
