0.5098 0.57255 0.69804
0.51373 0.57255 0.70196
0.51373 0.56863 0.70196
0.50196 0.56078 0.6902
0.5098 0.57255 0.70196
0.50588 0.56863 0.69804
0.50588 0.56863 0.69804
0.50196 0.56471 0.69412
0.50588 0.56863 0.69804
0.50588 0.56863 0.69804
0.50588 0.56863 0.69804
0.50588 0.56863 0.69804
0.50588 0.56863 0.69804
0.50588 0.56863 0.69804
0.50588 0.56863 0.70196
0.50196 0.56471 0.69412
0.50196 0.56471 0.69412
0.50588 0.56863 0.69804
0.50588 0.56863 0.69804
0.50588 0.56863 0.69804
0.5098 0.57255 0.70196
0.50588 0.56471 0.69412
0.50588 0.56863 0.69804
0.5098 0.57255 0.70196
0.50588 0.56863 0.69804
0.50196 0.56471 0.69412
0.51373 0.57647 0.70588
0.50588 0.56863 0.69804
0.50196 0.56471 0.69412
0.50588 0.56863 0.69804
0.50588 0.56863 0.69804
0.50196 0.56863 0.69804
0.50196 0.56471 0.69412
