0.75686 0.69804 0.63922
0.75686 0.69412 0.63529
0.77647 0.71373 0.65098
0.75686 0.69412 0.63137
0.77647 0.71373 0.65098
0.77255 0.7098 0.64706
0.76471 0.69804 0.63922
0.77255 0.7098 0.64706
0.78039 0.71765 0.6549
0.79216 0.72941 0.66667
0.77647 0.71373 0.65098
0.76471 0.69804 0.63529
0.77647 0.7098 0.63922
0.76863 0.70588 0.64706
0.79216 0.72941 0.67059
0.77255 0.70588 0.64314
0.76863 0.70196 0.63529
0.77255 0.70588 0.63529
0.78431 0.71765 0.6549
0.77255 0.70588 0.64314
0.77647 0.7098 0.64314
0.78431 0.72157 0.65882
0.77255 0.70588 0.64706
0.76863 0.7098 0.64706
0.78039 0.72157 0.6549
0.78824 0.73333 0.66275
