0.92549 0.88235 0.80392
0.92549 0.88235 0.80392
0.92549 0.88235 0.80392
0.92549 0.88235 0.80784
0.92549 0.88235 0.80392
0.92549 0.88235 0.80392
0.92549 0.88235 0.81176
0.92549 0.88235 0.81176
0.92941 0.88627 0.80784
0.92549 0.87843 0.8
0.92549 0.88235 0.8
0.92549 0.88235 0.80392
0.92941 0.88627 0.81176
0.92941 0.88627 0.81176
0.92941 0.88627 0.80784
0.92549 0.87843 0.79608
0.92941 0.88627 0.80784
0.93333 0.8902 0.81176
0.92941 0.88627 0.80784
0.93333 0.8902 0.81176
0.93725 0.89412 0.81569
0.92549 0.88235 0.79608
0.92549 0.88235 0.80392
0.92549 0.88235 0.80392
0.92941 0.88627 0.80784
0.93333 0.8902 0.81176
0.93725 0.89412 0.81569
0.92549 0.87843 0.80392
0.92941 0.88627 0.80392
0.92549 0.88235 0.80392
0.92941 0.88627 0.80784
0.93333 0.8902 0.81176
0.93333 0.8902 0.81176
0.93725 0.89412 0.81569
0.92549 0.88235 0.80784
0.92549 0.88235 0.80392
0.92549 0.88235 0.80392
0.92941 0.88627 0.80784
0.94118 0.8902 0.81176
0.94118 0.8902 0.81569
0.92549 0.88235 0.80784
0.92549 0.88235 0.81176
