0.21961 0.34118 0.49412
0.22353 0.34118 0.4902
0.21961 0.3451 0.49804
0.21961 0.33725 0.48235
0.22353 0.34902 0.49804
0.22353 0.3451 0.4902
0.22353 0.34902 0.50196
0.21569 0.34118 0.49412
0.23137 0.35294 0.50588
0.22745 0.34118 0.4902
0.22353 0.34902 0.50196
0.22745 0.35686 0.50588
0.22353 0.34902 0.49412
0.23529 0.3451 0.49804
0.22745 0.35294 0.50588
0.22745 0.35294 0.50588
0.21569 0.34118 0.49412
0.21569 0.33725 0.4902
0.22745 0.35294 0.50588
0.21961 0.3451 0.49804
0.21176 0.33725 0.4902
0.20392 0.33333 0.48627
0.21176 0.34118 0.4902
