0.11765 0.25098 0.39216
0.14902 0.25882 0.37647
0.15686 0.2549 0.36471
0.12549 0.2549 0.38431
0.15686 0.26275 0.38039
0.14902 0.2549 0.37255
0.14902 0.25098 0.36863
0.15294 0.25882 0.37647
0.15294 0.25882 0.37647
0.15294 0.2549 0.37255
0.16078 0.2549 0.37647
0.14902 0.2549 0.37255
0.1451 0.25098 0.36863
0.15294 0.26667 0.39216
0.16863 0.27059 0.38431
0.13333 0.2549 0.38431
0.15294 0.25882 0.37647
0.14902 0.2549 0.37255
0.15294 0.25882 0.37255
0.16471 0.27059 0.38431
0.15686 0.25882 0.38039
0.13725 0.25098 0.39216
