0.31373 0.6902 0.88627
0.30588 0.67059 0.87843
0.31373 0.67451 0.88235
0.29804 0.67843 0.88627
0.3098 0.68235 0.8902
0.31765 0.68627 0.88627
0.3098 0.67843 0.87843
0.30196 0.67059 0.87451
0.30196 0.67059 0.87451
0.29804 0.66667 0.87059
0.30196 0.68235 0.8902
0.29804 0.67843 0.8902
0.30196 0.67451 0.88627
0.30588 0.67451 0.87843
0.30196 0.67059 0.87451
0.30196 0.67059 0.87451
0.2902 0.67059 0.87059
0.27843 0.6549 0.85882
0.2902 0.67843 0.87843
0.29804 0.67451 0.87843
0.30196 0.67843 0.87843
0.30588 0.67451 0.87843
0.30588 0.67451 0.87843
0.30196 0.67451 0.87843
0.2902 0.67059 0.86667
0.27843 0.65882 0.86667
0.29412 0.68235 0.88235
0.30196 0.67843 0.87843
0.29804 0.67451 0.87451
0.30588 0.67451 0.87843
0.30588 0.67451 0.87843
0.30588 0.67843 0.87843
0.29412 0.67059 0.87059
0.28235 0.66275 0.86667
0.30196 0.68627 0.88627
0.30588 0.68627 0.88627
0.30196 0.67843 0.87843
0.30588 0.67451 0.87843
0.30588 0.67451 0.87843
0.30196 0.67451 0.87451
0.29804 0.67451 0.87451
0.28627 0.66667 0.87059
0.31765 0.68235 0.89412
0.30196 0.6902 0.8902
0.3098 0.68235 0.88627
0.3098 0.67843 0.87843
0.30196 0.67843 0.87843
0.29804 0.67451 0.88235
0.2902 0.67059 0.87843
0.28235 0.67451 0.87843
0.27451 0.66667 0.87059
0.32941 0.66667 0.86667
0.32157 0.68235 0.8902
0.3098 0.67059 0.87843
0.30588 0.67059 0.87451
0.30196 0.67451 0.88235
0.29804 0.67451 0.88235
0.28627 0.67059 0.87843
0.28627 0.67843 0.88235
0.28627 0.67451 0.87843
0.20392 0.4 0.58824
0.32157 0.63922 0.84706
0.32157 0.68235 0.8902
0.29804 0.67059 0.87843
0.29804 0.66667 0.87843
0.29804 0.67059 0.88235
0.28627 0.67059 0.87451
0.28235 0.67451 0.87843
0.29412 0.67451 0.88235
0.16078 0.27451 0.43529
0.1451 0.34118 0.51765
0.29412 0.59216 0.8
0.32549 0.6902 0.9098
0.30196 0.67451 0.88235
0.29804 0.67059 0.87843
0.16863 0.28627 0.42745
0.14118 0.30196 0.46275
0.2549 0.50588 0.69804
0.34902 0.68235 0.8902
0.30588 0.67843 0.89412
0.2 0.40392 0.58039
0.33333 0.63529 0.83922
0.32941 0.68627 0.90588
0.28235 0.56863 0.76471
