0.92157 0.86275 0.76078
0.92941 0.86275 0.76078
0.93333 0.8549 0.75686
0.93333 0.8549 0.74902
0.92941 0.8549 0.74902
0.9098 0.85098 0.75686
0.92157 0.8549 0.75686
0.93333 0.85882 0.76078
0.93333 0.8549 0.75686
0.93333 0.8549 0.74902
0.92941 0.8549 0.7451
0.94902 0.88627 0.8
0.90588 0.84314 0.7451
0.92941 0.85882 0.76078
0.93333 0.85098 0.75294
0.92157 0.84314 0.7451
0.93725 0.8549 0.75294
0.93333 0.85882 0.75294
0.95686 0.88627 0.80392
0.90588 0.85098 0.75686
0.94118 0.86275 0.76863
0.93333 0.85882 0.76078
0.93725 0.85882 0.76078
0.94902 0.87059 0.76863
0.94118 0.86667 0.76471
0.90196 0.85098 0.78039
0.9098 0.85098 0.75686
0.93725 0.86275 0.76863
0.92941 0.85882 0.75686
0.93333 0.8549 0.75686
0.93725 0.85882 0.76078
0.78824 0.76078 0.71373
0.94118 0.86667 0.76863
0.92941 0.85098 0.75294
0.62353 0.61176 0.58824
0.42353 0.42745 0.43529
0.23137 0.25098 0.3098
0.1451 0.18039 0.26275
