0.24314 0.22745 0.094118
0.25098 0.2549 0.13725
0.32549 0.31765 0.22353
0.27059 0.26275 0.16471
0.19216 0.21569 0.078431
0.23137 0.25098 0.12157
0.21569 0.23137 0.12157
0.16078 0.17647 0.086275
0.19608 0.21176 0.12549
0.18039 0.19608 0.1098
0.35294 0.36863 0.26667
0.21176 0.2549 0.12941
0.20392 0.24314 0.12157
0.16863 0.20392 0.098039
0.12941 0.16471 0.070588
0.17255 0.20784 0.11373
0.18431 0.21569 0.12157
0.14118 0.16863 0.078431
0.14118 0.14902 0.078431
0.19608 0.2 0.1098
0.26275 0.28235 0.16471
0.19608 0.22745 0.11373
0.16471 0.20784 0.098039
0.14902 0.19608 0.086275
0.1451 0.18824 0.086275
0.16863 0.21176 0.11373
0.15294 0.18824 0.098039
0.13725 0.17647 0.066667
0.12941 0.15294 0.070588
0.16471 0.18431 0.1098
0.23529 0.25098 0.18039
0.25882 0.25882 0.21569
0.19608 0.20392 0.1451
0.23922 0.2549 0.14902
0.24314 0.26667 0.13725
0.21176 0.23922 0.11765
0.21569 0.24314 0.13333
0.22353 0.25098 0.13725
0.12941 0.16471 0.054902
0.10196 0.13725 0.039216
0.086275 0.12549 0.039216
0.18039 0.22353 0.1098
0.13725 0.16078 0.07451
0.14118 0.14902 0.086275
0.25882 0.25882 0.19216
0.2902 0.27451 0.22353
0.37647 0.36078 0.34118
0.10196 0.098039 0.066667
0.22745 0.24314 0.1451
0.25098 0.27843 0.14118
0.23529 0.25882 0.13333
0.21569 0.23529 0.13333
0.17255 0.18824 0.10196
0.13333 0.1451 0.066667
0.1098 0.12549 0.043137
0.10588 0.13725 0.054902
0.13333 0.16863 0.07451
0.13725 0.14902 0.078431
0.086275 0.094118 0.043137
0.19216 0.18824 0.094118
0.27059 0.27843 0.15294
0.26275 0.25882 0.16078
0.18824 0.18039 0.12549
0.18039 0.18039 0.11765
0.34902 0.32157 0.26275
0.45098 0.4 0.35294
0.28235 0.25098 0.21569
0.1451 0.12157 0.094118
0.2 0.19216 0.11373
0.22353 0.24314 0.11765
0.27843 0.3098 0.2
0.16471 0.2 0.094118
0.14118 0.17255 0.078431
0.1098 0.13333 0.047059
0.14118 0.16078 0.078431
0.12157 0.14902 0.078431
0.094118 0.12157 0.05098
0.1451 0.15686 0.094118
0.10588 0.11373 0.058824
0.078431 0.094118 0.043137
0.11373 0.10588 0.078431
0.12549 0.13725 0.090196
0.23137 0.24314 0.15294
0.22745 0.24314 0.14118
0.21176 0.21569 0.11765
0.51373 0.48627 0.41176
0.44314 0.39608 0.33725
0.38824 0.36863 0.27843
0.30196 0.29804 0.19608
0.22745 0.22353 0.12941
0.26275 0.2902 0.15686
0.19216 0.21176 0.11373
0.13725 0.17255 0.066667
0.094118 0.12941 0.031373
0.12157 0.15294 0.058824
0.26667 0.29804 0.20784
0.12941 0.15686 0.070588
0.11373 0.13725 0.05098
0.16863 0.2 0.10588
0.1451 0.16471 0.090196
0.098039 0.098039 0.05098
0.13333 0.14118 0.07451
0.31765 0.33725 0.24706
0.1098 0.10588 0.07451
0.094118 0.10196 0.07451
0.18039 0.18824 0.10588
0.32157 0.33333 0.18824
0.25882 0.26667 0.12941
0.4 0.38431 0.28627
0.33725 0.32157 0.21569
0.47059 0.45882 0.32941
0.51373 0.50588 0.37647
0.3451 0.33725 0.22353
0.18431 0.20392 0.094118
0.13725 0.15294 0.047059
0.12157 0.14902 0.047059
0.16078 0.19216 0.082353
0.21176 0.23922 0.13725
0.15294 0.17647 0.090196
0.12157 0.14118 0.058824
0.14118 0.16078 0.078431
0.13333 0.15294 0.07451
0.18431 0.20784 0.12549
0.12941 0.14902 0.07451
0.14118 0.15294 0.07451
0.16863 0.18039 0.098039
0.13333 0.12941 0.094118
0.12549 0.13333 0.10196
0.21569 0.22745 0.12549
0.29804 0.31373 0.18824
0.20392 0.22745 0.098039
0.23922 0.24314 0.13333
0.23922 0.24314 0.12941
0.2549 0.24706 0.12157
0.4 0.38824 0.27059
0.32549 0.31373 0.19608
0.12941 0.14118 0.043137
0.15294 0.16471 0.05098
0.21961 0.24314 0.12549
0.23137 0.2549 0.13725
0.18824 0.20784 0.10588
0.13725 0.15294 0.062745
0.12941 0.1451 0.066667
0.10588 0.11765 0.047059
0.086275 0.098039 0.031373
0.098039 0.11765 0.047059
0.14118 0.17255 0.090196
0.1451 0.15686 0.086275
0.22353 0.20784 0.16078
0.16078 0.15686 0.11765
0.27451 0.2902 0.20392
0.22745 0.25098 0.13333
0.18039 0.21961 0.10196
0.13725 0.16078 0.062745
0.26667 0.27843 0.17255
0.25882 0.26667 0.15294
0.28235 0.2902 0.16863
0.2 0.20392 0.090196
0.33333 0.35294 0.23922
0.27059 0.29412 0.16863
0.2549 0.28235 0.1451
0.27059 0.29804 0.17647
0.14902 0.16078 0.070588
0.1451 0.16078 0.058824
0.19216 0.21176 0.12941
0.094118 0.11373 0.054902
0.12549 0.15294 0.082353
0.1098 0.14118 0.070588
0.12941 0.16078 0.086275
0.11373 0.13725 0.066667
0.28235 0.30196 0.21176
0.22353 0.26667 0.1098
0.19216 0.23529 0.094118
0.16863 0.19608 0.07451
0.29804 0.3098 0.19216
0.35686 0.36863 0.25098
0.24314 0.2549 0.13725
0.25882 0.27451 0.16078
0.31373 0.3451 0.22745
0.16471 0.20392 0.082353
0.18431 0.21176 0.094118
0.1451 0.16078 0.070588
0.1098 0.11765 0.047059
0.16078 0.18039 0.090196
0.18039 0.2 0.11373
0.078431 0.10196 0.039216
0.10196 0.13333 0.058824
0.07451 0.1098 0.035294
0.094118 0.12549 0.054902
0.094118 0.11765 0.05098
0.14118 0.12941 0.082353
0.16863 0.17255 0.094118
0.20392 0.23137 0.10588
0.18431 0.21569 0.086275
0.20392 0.21176 0.090196
0.29804 0.30588 0.18431
0.2902 0.30588 0.18431
0.20784 0.21961 0.1098
0.31765 0.32941 0.21176
0.17255 0.19608 0.07451
0.17647 0.20392 0.090196
0.15294 0.16471 0.066667
0.1098 0.1098 0.05098
0.098039 0.098039 0.05098
0.11373 0.13333 0.054902
0.16471 0.18431 0.11373
0.062745 0.082353 0.035294
0.054902 0.078431 0.023529
0.10196 0.12941 0.066667
0.078431 0.098039 0.039216
0.14118 0.1451 0.094118
0.12157 0.11765 0.066667
0.094118 0.10588 0.039216
0.19608 0.21569 0.11765
0.30196 0.31373 0.19216
0.21569 0.23529 0.10588
0.17647 0.19608 0.066667
0.2 0.21569 0.098039
0.24314 0.26275 0.14118
0.27451 0.29412 0.16471
0.17647 0.18824 0.086275
0.13725 0.14118 0.066667
0.090196 0.098039 0.035294
0.10588 0.11373 0.066667
0.082353 0.098039 0.047059
0.070588 0.086275 0.035294
0.078431 0.094118 0.05098
0.15294 0.17255 0.11373
0.19216 0.22353 0.15686
0.098039 0.12941 0.054902
0.13725 0.16863 0.094118
0.2 0.21176 0.15294
0.15686 0.17255 0.11373
0.12941 0.14902 0.078431
0.26667 0.2902 0.18431
0.44706 0.46667 0.3451
0.18431 0.20392 0.090196
0.15686 0.17647 0.058824
0.19608 0.21569 0.094118
0.22353 0.24706 0.12157
0.22745 0.25098 0.11765
0.18431 0.19608 0.098039
0.1451 0.14902 0.090196
0.12549 0.12941 0.07451
0.16471 0.17255 0.12157
0.10588 0.12157 0.070588
0.058824 0.07451 0.027451
0.07451 0.086275 0.043137
0.082353 0.098039 0.039216
0.098039 0.12157 0.070588
0.14118 0.16863 0.094118
0.12941 0.16078 0.07451
0.14902 0.16863 0.10196
0.14902 0.18431 0.094118
0.23922 0.27059 0.15294
0.35686 0.38431 0.26275
0.33333 0.35686 0.23529
0.23529 0.2549 0.13725
0.14902 0.16471 0.058824
0.20392 0.22745 0.11765
0.21176 0.23137 0.11373
0.13725 0.1451 0.062745
0.082353 0.086275 0.035294
0.10588 0.11373 0.062745
0.10196 0.11765 0.058824
0.12157 0.13725 0.082353
0.11373 0.12549 0.082353
0.10588 0.11765 0.07451
0.078431 0.094118 0.035294
0.094118 0.12157 0.047059
0.10196 0.13725 0.043137
0.16471 0.19608 0.10196
0.16078 0.18039 0.098039
0.15294 0.19216 0.1098
0.14902 0.17647 0.082353
0.32549 0.36471 0.2549
0.35686 0.38431 0.2902
0.20784 0.22353 0.12549
0.24314 0.26275 0.14118
0.21176 0.22745 0.13725
0.22745 0.24314 0.14902
0.1451 0.16078 0.066667
0.12941 0.14118 0.070588
0.094118 0.1098 0.05098
0.078431 0.10196 0.043137
0.086275 0.1098 0.054902
0.10196 0.12549 0.066667
0.094118 0.11373 0.070588
0.10588 0.12157 0.070588
0.12157 0.13725 0.066667
0.15294 0.17647 0.086275
0.098039 0.12157 0.023529
0.16471 0.19216 0.090196
0.20392 0.21961 0.12549
0.17647 0.2 0.1098
0.19608 0.23137 0.13333
0.22353 0.25882 0.16471
0.16471 0.17647 0.11373
0.18039 0.19216 0.11765
0.2 0.22353 0.1098
0.22745 0.24314 0.15686
0.16863 0.17255 0.098039
0.1451 0.1451 0.078431
0.10588 0.11373 0.05098
0.1098 0.12941 0.058824
0.1098 0.13725 0.07451
0.062745 0.086275 0.035294
0.07451 0.10196 0.047059
0.07451 0.10196 0.047059
0.070588 0.094118 0.035294
0.1451 0.16078 0.094118
0.12549 0.13725 0.066667
0.11765 0.12157 0.047059
0.16863 0.16078 0.086275
0.25098 0.26275 0.16078
0.18431 0.21961 0.11765
0.10588 0.13725 0.058824
0.12549 0.13333 0.078431
0.23922 0.2549 0.18431
0.15294 0.17255 0.082353
0.22745 0.2549 0.12549
0.19216 0.21569 0.11765
0.1451 0.17255 0.086275
0.13725 0.16863 0.090196
0.18039 0.21176 0.14118
0.15686 0.18431 0.12157
0.058824 0.082353 0.031373
0.066667 0.094118 0.035294
0.10588 0.13725 0.07451
0.066667 0.090196 0.031373
0.058824 0.07451 0.019608
0.1098 0.11373 0.058824
0.17647 0.16863 0.11373
0.19216 0.17647 0.11765
0.21176 0.22745 0.10588
0.20392 0.22353 0.10196
0.15686 0.18431 0.07451
0.094118 0.12157 0.043137
0.11373 0.13333 0.070588
0.094118 0.1098 0.05098
0.13333 0.1451 0.062745
0.29412 0.31373 0.14902
0.23137 0.24706 0.10588
0.14902 0.16471 0.066667
0.14902 0.16471 0.094118
0.16471 0.18039 0.11765
0.11373 0.12941 0.078431
0.070588 0.090196 0.043137
0.086275 0.1098 0.054902
0.10588 0.12549 0.070588
0.066667 0.082353 0.031373
0.086275 0.10196 0.043137
0.11765 0.12157 0.062745
0.29412 0.29412 0.22745
0.18824 0.18824 0.11765
0.1451 0.16471 0.047059
0.14902 0.17647 0.054902
0.14118 0.18039 0.054902
0.22745 0.26275 0.1451
0.14902 0.18431 0.078431
0.10196 0.12549 0.043137
0.14118 0.15686 0.062745
0.24314 0.25098 0.11765
0.29804 0.3098 0.16471
0.15294 0.16078 0.070588
0.1451 0.14902 0.098039
0.14902 0.14902 0.10196
0.094118 0.094118 0.054902
0.086275 0.094118 0.058824
0.10196 0.10588 0.07451
0.066667 0.070588 0.039216
0.062745 0.070588 0.027451
0.070588 0.094118 0.031373
0.1098 0.12549 0.062745
0.17647 0.16863 0.1098
0.18824 0.18039 0.11765
0.19216 0.20784 0.090196
0.2 0.22745 0.10588
0.13333 0.16863 0.039216
0.2 0.23922 0.10196
0.25098 0.28627 0.14902
0.18824 0.20784 0.094118
0.12157 0.13725 0.039216
0.16471 0.17647 0.078431
0.18824 0.20392 0.082353
0.14118 0.15686 0.054902
0.12549 0.13333 0.070588
0.090196 0.10196 0.054902
0.10588 0.11373 0.078431
0.098039 0.10196 0.07451
0.047059 0.043137 0.023529
0.062745 0.054902 0.047059
0.070588 0.082353 0.043137
0.11373 0.1451 0.066667
0.098039 0.11765 0.047059
0.094118 0.098039 0.047059
0.16471 0.17255 0.10196
0.21569 0.23922 0.15686
