0.18431 0.26667 0.37647
0.16471 0.25098 0.36078
0.17647 0.25882 0.37255
0.17255 0.2549 0.36863
0.18039 0.26275 0.37647
0.16471 0.25882 0.37255
0.16471 0.2549 0.36471
0.17255 0.25882 0.37255
0.17255 0.26275 0.37647
0.17255 0.25098 0.36471
0.15686 0.25098 0.36471
0.16471 0.25882 0.36863
0.17255 0.26667 0.37647
0.16471 0.2549 0.36471
0.16863 0.25882 0.37647
0.2 0.26275 0.36471
0.17647 0.25882 0.37255
0.18824 0.27059 0.38431
0.17255 0.26275 0.37255
0.17255 0.26275 0.38039
0.17255 0.2549 0.37255
0.16471 0.23529 0.34118
0.17255 0.23922 0.3451
0.18039 0.26667 0.37647
0.16863 0.2549 0.36471
0.16863 0.25882 0.36471
0.18431 0.27451 0.38039
0.18039 0.27059 0.38039
0.18039 0.26275 0.37255
0.16471 0.24314 0.35294
0.17255 0.24706 0.35686
0.17255 0.26667 0.36863
0.16471 0.25882 0.36078
0.17647 0.26667 0.36863
0.19216 0.27059 0.37647
0.18039 0.26275 0.36863
0.16863 0.26275 0.36863
0.16863 0.26275 0.37255
0.17647 0.26275 0.36863
