0.55686 0.59216 0.70588
0.55686 0.58824 0.7098
0.5451 0.58824 0.71373
0.58824 0.60392 0.71765
0.55686 0.59216 0.70196
0.5451 0.58824 0.70588
0.53725 0.58824 0.70196
0.52941 0.58824 0.70196
0.55294 0.59216 0.71373
0.55294 0.59216 0.70196
0.59608 0.61176 0.72549
0.56471 0.6 0.7098
0.55294 0.59608 0.7098
0.53725 0.58431 0.70196
0.52941 0.58431 0.70196
0.54902 0.59608 0.72157
0.55686 0.59608 0.71373
0.56078 0.59608 0.70588
0.6 0.61569 0.72549
0.56863 0.60392 0.7098
0.55686 0.6 0.70588
0.54118 0.58824 0.70588
0.52941 0.58039 0.7098
0.52549 0.57647 0.69412
0.58039 0.61569 0.73725
0.59216 0.62353 0.73725
0.58824 0.61569 0.72549
0.6 0.62353 0.72549
0.6 0.61569 0.71373
0.6 0.61569 0.71765
0.6 0.61961 0.72157
0.58824 0.60784 0.71373
0.57255 0.6 0.70588
0.55686 0.59216 0.7098
0.54902 0.59216 0.7098
0.53333 0.58431 0.7098
0.52549 0.57647 0.70196
0.52941 0.58431 0.70588
0.56471 0.60392 0.73333
0.60392 0.63137 0.75294
0.58824 0.61569 0.72941
0.60392 0.62745 0.73333
0.61176 0.63137 0.73725
0.60784 0.62353 0.72549
0.6 0.61569 0.72549
0.58431 0.60784 0.71373
0.57255 0.6 0.70588
0.54902 0.58431 0.70196
0.54118 0.58039 0.70196
0.52941 0.58039 0.70588
0.52549 0.58039 0.70588
0.52157 0.57647 0.70196
0.52157 0.57255 0.69804
0.52941 0.57647 0.7098
0.57255 0.60392 0.72941
0.58039 0.60784 0.72549
0.58824 0.60784 0.72549
0.60784 0.62353 0.73333
0.60392 0.61961 0.72549
0.58431 0.6 0.71765
0.58039 0.6 0.71373
0.57255 0.6 0.7098
0.56471 0.6 0.71373
0.5451 0.58824 0.7098
0.52157 0.57255 0.69804
0.5098 0.56863 0.69804
0.51373 0.57255 0.70196
0.51373 0.57255 0.70196
0.54902 0.58824 0.72157
0.57255 0.6 0.72549
0.57255 0.6 0.72157
0.58431 0.60784 0.72157
0.59608 0.61569 0.72549
0.58039 0.6 0.71373
0.58039 0.60392 0.71765
0.57647 0.60392 0.71765
0.56078 0.6 0.7098
0.54902 0.59216 0.7098
0.52941 0.58039 0.69804
0.51373 0.57255 0.69804
0.51373 0.57255 0.70196
0.5098 0.56863 0.70196
0.52157 0.57647 0.7098
0.51765 0.58039 0.71765
0.54118 0.58824 0.72549
0.56471 0.6 0.72549
0.56078 0.6 0.72157
0.56863 0.6 0.71373
0.56863 0.59608 0.7098
0.56078 0.59216 0.70588
0.56471 0.59608 0.7098
0.57647 0.60392 0.71765
0.56078 0.59608 0.7098
0.54902 0.59216 0.70588
0.53725 0.58824 0.70588
0.52549 0.58431 0.70588
0.51765 0.57647 0.70588
0.51373 0.57255 0.70588
0.51373 0.57255 0.70196
0.51373 0.57255 0.70196
0.51373 0.58431 0.71765
0.53333 0.58824 0.72157
0.56078 0.60392 0.73333
0.5451 0.58824 0.71373
0.55686 0.59216 0.71373
0.55686 0.58824 0.7098
0.56078 0.59608 0.71373
0.55294 0.58824 0.7098
0.56078 0.59608 0.71765
0.55686 0.59216 0.71373
0.5451 0.58824 0.7098
0.53333 0.58431 0.7098
0.52157 0.58039 0.70588
0.51373 0.57255 0.69412
0.51373 0.57255 0.69412
0.5098 0.56863 0.69412
0.5098 0.56863 0.69804
0.5098 0.58039 0.71373
0.52549 0.58431 0.71373
0.56863 0.61569 0.74118
0.55686 0.6 0.72157
0.56863 0.6 0.72549
0.56078 0.59216 0.71765
0.55294 0.58824 0.7098
0.54902 0.58824 0.7098
0.55294 0.59216 0.71373
0.55294 0.59608 0.71765
0.54118 0.58431 0.7098
0.52549 0.57255 0.70588
0.51373 0.56863 0.69804
0.51373 0.57255 0.69804
0.51373 0.57255 0.69412
0.5098 0.56863 0.69412
0.5098 0.56863 0.69804
0.52157 0.58039 0.7098
0.57255 0.61176 0.73333
0.56078 0.59608 0.71765
0.57255 0.59608 0.72157
0.56471 0.59216 0.71373
0.54902 0.58824 0.7098
0.54902 0.59216 0.7098
0.53725 0.59216 0.70588
0.53333 0.58824 0.70588
0.52941 0.58039 0.7098
0.51765 0.56863 0.70196
0.51765 0.56863 0.69804
0.51373 0.57255 0.69804
0.51373 0.57647 0.70196
0.51373 0.57647 0.70196
0.52549 0.58039 0.71765
0.58431 0.62353 0.74902
0.56863 0.60392 0.72549
0.56471 0.58824 0.71373
0.56471 0.59216 0.71765
0.55294 0.58824 0.7098
0.55294 0.6 0.71765
0.53333 0.58824 0.70196
0.52549 0.58039 0.69804
0.53333 0.58431 0.71373
0.52157 0.57255 0.70588
0.51765 0.56863 0.69804
0.52157 0.57647 0.69804
0.51373 0.57647 0.69804
0.51765 0.58039 0.70588
0.58039 0.61961 0.7451
0.58431 0.61961 0.74118
0.55294 0.58431 0.70588
0.55294 0.58431 0.7098
0.55294 0.59216 0.71373
0.55294 0.59608 0.71765
0.53333 0.58431 0.70196
0.52549 0.57647 0.69412
0.52549 0.57255 0.69804
0.52157 0.57255 0.70196
0.52157 0.57647 0.6902
0.52157 0.57647 0.6902
0.51373 0.57647 0.6902
0.5098 0.57255 0.69804
0.52941 0.59216 0.71765
0.58431 0.61961 0.73725
0.59216 0.62745 0.73725
0.54118 0.58824 0.69804
0.5451 0.58431 0.7098
0.54118 0.58431 0.7098
0.5451 0.58824 0.71373
0.54118 0.58431 0.70588
0.53333 0.57647 0.69412
0.53333 0.57647 0.69412
0.53333 0.57647 0.69412
0.53333 0.57647 0.69412
0.52549 0.57255 0.6902
0.51765 0.57255 0.6902
0.51765 0.57647 0.70196
0.56471 0.61961 0.74118
0.61569 0.64314 0.7451
0.6 0.63137 0.73725
0.54902 0.58824 0.70196
0.5451 0.58039 0.70588
0.53725 0.58039 0.70588
0.54902 0.59216 0.71765
0.54902 0.59216 0.71765
0.53333 0.57647 0.69412
0.5451 0.58824 0.70588
0.5451 0.58824 0.70588
0.52941 0.57255 0.6902
0.52157 0.57255 0.68627
0.52157 0.57647 0.6902
0.52941 0.58431 0.7098
0.58039 0.61961 0.73333
0.62745 0.65098 0.73725
0.60784 0.63922 0.73333
0.56471 0.6 0.7098
0.54118 0.57255 0.70196
0.54118 0.58431 0.7098
0.55294 0.59608 0.71765
0.54118 0.58431 0.7098
0.53333 0.57647 0.69412
0.52941 0.57255 0.6902
0.54118 0.58431 0.70196
0.53333 0.57647 0.69412
0.52549 0.57255 0.6902
0.52157 0.57647 0.6902
0.58039 0.62353 0.72157
0.63529 0.6549 0.74902
0.58824 0.61961 0.72941
0.55294 0.58824 0.7098
0.5451 0.58824 0.70588
0.5451 0.59608 0.71373
0.53725 0.58824 0.70196
0.53333 0.57647 0.69412
0.53333 0.57647 0.69412
0.54118 0.58431 0.70196
0.54118 0.58039 0.70196
0.53333 0.57647 0.69412
0.51765 0.57255 0.68627
0.58824 0.63529 0.73333
0.56471 0.60784 0.7098
0.54902 0.59608 0.70588
0.55686 0.59608 0.71373
0.54118 0.59608 0.70588
0.54118 0.59608 0.70588
0.54118 0.58824 0.70588
0.5451 0.59216 0.7098
0.54118 0.58824 0.70588
0.53333 0.58039 0.69412
0.52941 0.58039 0.69804
0.52157 0.57647 0.6902
0.58039 0.62353 0.72549
0.60392 0.63137 0.71373
0.56078 0.59608 0.69412
0.54902 0.59216 0.70196
0.55686 0.6 0.7098
0.5451 0.59608 0.70196
0.53725 0.59216 0.69804
0.53725 0.59216 0.70588
0.53725 0.59216 0.70588
0.53725 0.59216 0.70588
0.53333 0.58431 0.69804
0.52549 0.58039 0.69412
0.59216 0.61961 0.71373
0.57255 0.60392 0.7098
0.55686 0.59608 0.7098
0.5451 0.59608 0.69804
0.55294 0.59608 0.7098
