0.45098 0.45098 0.48235
0.45882 0.45882 0.4902
0.45882 0.45882 0.48235
0.45098 0.4549 0.48235
0.45098 0.45098 0.4902
0.45882 0.45882 0.47843
0.43137 0.43922 0.46667
0.44314 0.45098 0.48235
0.44706 0.45098 0.48235
0.46667 0.46275 0.48627
0.4902 0.47451 0.47451
0.46275 0.44706 0.46667
0.42745 0.41961 0.44314
0.43529 0.43529 0.46275
0.45098 0.44706 0.47843
0.4549 0.4549 0.48627
0.4549 0.4549 0.48627
0.46667 0.45882 0.48627
0.46275 0.4549 0.46275
0.50588 0.48627 0.49412
0.45098 0.44314 0.4549
0.43529 0.43922 0.46667
0.44706 0.4549 0.48235
0.4549 0.45882 0.4902
0.46667 0.45882 0.4902
0.47843 0.47059 0.50196
0.4549 0.45098 0.46667
0.48627 0.46275 0.47843
0.47059 0.45098 0.48627
0.47059 0.45882 0.49804
0.48235 0.47059 0.50196
0.49412 0.48235 0.5098
0.47059 0.46275 0.48235
0.53725 0.5098 0.50196
0.4902 0.47059 0.48627
0.49412 0.48235 0.5098
0.48627 0.47843 0.49804
