0.20392 0.54902 0.75686
0.20784 0.54902 0.75686
0.20784 0.55294 0.76863
0.21176 0.55294 0.76078
0.20784 0.55294 0.75686
0.21176 0.56078 0.77647
0.21569 0.56078 0.77255
0.20784 0.54902 0.75686
0.21961 0.56078 0.76863
0.21569 0.55686 0.76471
0.21961 0.56078 0.77255
0.21961 0.56863 0.78039
0.21176 0.55294 0.76863
0.21176 0.55686 0.76863
0.21961 0.56078 0.77255
0.22745 0.56863 0.77647
0.22353 0.56471 0.77255
0.21961 0.56078 0.76863
0.21961 0.55686 0.76471
0.21569 0.56863 0.78431
0.21569 0.56471 0.78431
0.20784 0.56078 0.76863
0.21569 0.56471 0.77647
0.23529 0.57255 0.78431
0.23529 0.56471 0.77647
0.20784 0.56078 0.76863
0.22745 0.56471 0.77647
0.23137 0.56078 0.77255
