0.76471 0.75294 0.68235
0.74902 0.72941 0.6549
0.85098 0.82745 0.76078
0.7451 0.73333 0.6549
0.83137 0.80784 0.74118
0.61961 0.59216 0.52549
0.7451 0.71765 0.64706
0.86667 0.83529 0.77647
0.67059 0.63529 0.57647
0.50196 0.4902 0.41176
0.84314 0.82353 0.74902
0.86275 0.83137 0.76078
0.70588 0.67451 0.57647
0.72941 0.71373 0.63137
0.84314 0.82353 0.75294
0.8549 0.81961 0.7451
0.76078 0.72157 0.60392
0.58824 0.56471 0.49412
0.83529 0.81176 0.74118
0.8549 0.81961 0.73725
0.5451 0.52157 0.44706
0.83137 0.80392 0.73333
0.80392 0.77255 0.70588
0.80392 0.77255 0.69412
