0.9098 0.80784 0.70196
0.8549 0.74902 0.64314
0.82745 0.72549 0.61961
0.83137 0.72941 0.62745
0.85098 0.74902 0.6549
0.90196 0.80392 0.69412
0.83922 0.74118 0.62745
0.83529 0.73725 0.63529
0.84314 0.74118 0.64314
0.85098 0.74902 0.6549
0.84706 0.7451 0.63922
0.83922 0.73725 0.63137
0.85098 0.74902 0.64314
0.85882 0.75294 0.64706
0.83137 0.72941 0.62353
0.83529 0.73725 0.63529
0.84706 0.7451 0.64706
0.84314 0.74118 0.64314
0.84706 0.7451 0.64314
0.85098 0.74902 0.64314
0.8549 0.75294 0.64706
0.86667 0.76471 0.65882
0.86275 0.75686 0.65098
0.86275 0.75686 0.65098
0.87451 0.77647 0.65882
0.83529 0.72941 0.62353
0.83529 0.73333 0.63529
0.83922 0.73725 0.63922
0.83922 0.73725 0.63922
0.85098 0.74902 0.64706
0.8549 0.75294 0.65098
0.85882 0.75686 0.65098
0.86275 0.75686 0.6549
0.87451 0.76863 0.66275
0.87451 0.76863 0.66275
0.87843 0.77255 0.66667
0.87451 0.76863 0.65882
0.87451 0.76863 0.65882
0.86667 0.76078 0.6549
0.90588 0.81176 0.69804
0.84314 0.7451 0.62745
0.83922 0.73333 0.62745
0.84314 0.74118 0.63922
0.84706 0.7451 0.64706
0.84706 0.7451 0.64314
0.85098 0.74902 0.64314
0.85098 0.74902 0.64314
0.85882 0.75294 0.64706
0.87451 0.76078 0.65882
0.87451 0.76471 0.66275
0.87451 0.76863 0.66275
0.86667 0.76078 0.6549
0.87451 0.76863 0.66275
0.87451 0.76863 0.66275
0.86667 0.76078 0.65882
0.87451 0.76863 0.66275
0.87059 0.76471 0.65882
0.88235 0.77647 0.66667
0.84314 0.74902 0.63922
0.83922 0.73725 0.62745
0.84314 0.74118 0.64314
0.84706 0.7451 0.64706
0.8549 0.75294 0.6549
0.85098 0.74902 0.64706
0.85098 0.74902 0.64314
0.8549 0.75294 0.64706
0.86275 0.75686 0.65098
0.86667 0.74902 0.64706
0.85882 0.74902 0.64706
0.86667 0.76078 0.6549
0.86667 0.76078 0.6549
0.87451 0.76863 0.66275
0.87843 0.77255 0.66667
0.87451 0.76863 0.66275
0.88235 0.77647 0.67059
0.87843 0.77255 0.66667
0.88235 0.77647 0.66667
0.87451 0.76863 0.6549
0.8902 0.77255 0.66275
0.88235 0.79608 0.68235
0.83529 0.74118 0.63137
0.83922 0.73725 0.63529
0.84706 0.74118 0.64706
0.84314 0.74118 0.65098
0.84706 0.7451 0.64706
0.85098 0.74902 0.64706
0.85098 0.75294 0.64314
0.86275 0.76078 0.6549
0.87451 0.76863 0.66275
0.87843 0.76078 0.65882
0.87451 0.76471 0.65882
0.87059 0.76471 0.65882
0.87059 0.76471 0.65882
0.87843 0.77255 0.66667
0.88235 0.77647 0.67059
0.87843 0.77255 0.66667
0.87843 0.77255 0.66667
0.87059 0.76471 0.65882
0.87451 0.76863 0.65882
0.87451 0.76863 0.6549
0.8902 0.77255 0.66275
0.90196 0.78431 0.67451
0.84314 0.7451 0.63922
0.83922 0.74118 0.63922
0.84314 0.7451 0.64314
0.85098 0.74902 0.65098
0.84706 0.7451 0.65098
0.84706 0.74118 0.63922
0.85882 0.74902 0.64706
0.86275 0.74902 0.64706
0.86667 0.76078 0.6549
0.87451 0.76863 0.66275
0.87843 0.76863 0.65882
0.87843 0.76863 0.6549
0.87059 0.76471 0.65098
0.87451 0.76863 0.66275
0.88235 0.77647 0.67059
0.87451 0.76863 0.66275
0.87059 0.76471 0.65882
0.87843 0.77255 0.66667
0.87843 0.77255 0.66275
0.87451 0.76863 0.6549
0.87843 0.77255 0.65882
0.8902 0.77647 0.66275
0.89804 0.78039 0.67059
0.92549 0.82745 0.69804
0.87059 0.76471 0.65098
0.83922 0.73725 0.63529
0.83137 0.73725 0.63922
0.84314 0.74902 0.64706
0.8549 0.75686 0.65882
0.84706 0.7451 0.64706
0.85098 0.74902 0.64314
0.85882 0.75294 0.64706
0.87059 0.75294 0.65098
0.88235 0.76471 0.66275
0.87451 0.75686 0.6549
0.87451 0.76078 0.65098
0.87843 0.76863 0.6549
0.87843 0.77255 0.65882
0.87059 0.76471 0.6549
0.87451 0.76863 0.66275
0.86667 0.76078 0.6549
0.87451 0.76863 0.66275
0.87451 0.76863 0.66275
0.87843 0.77255 0.65882
0.88627 0.78039 0.66667
0.88235 0.77647 0.66275
0.88235 0.76863 0.6549
0.89412 0.77647 0.66667
0.90196 0.79216 0.66667
0.85098 0.7451 0.63137
0.83922 0.73725 0.63137
0.83922 0.7451 0.64706
0.84314 0.75294 0.65098
0.84706 0.75294 0.65098
0.84706 0.7451 0.64706
0.85098 0.74902 0.64314
0.86275 0.75686 0.65098
0.86667 0.75294 0.65098
0.87843 0.76078 0.65882
0.8902 0.76863 0.66667
0.88627 0.76863 0.65882
0.86667 0.75686 0.63922
0.87059 0.76471 0.65098
0.86667 0.76078 0.65098
0.87451 0.76863 0.66275
0.87451 0.76863 0.66275
0.87843 0.77255 0.66667
0.87451 0.76863 0.66275
0.88235 0.77647 0.66275
0.88627 0.78039 0.66667
0.88627 0.78039 0.66667
0.89804 0.78431 0.66667
0.89804 0.78431 0.66667
0.90588 0.80392 0.6549
0.90196 0.79216 0.64706
0.85882 0.74902 0.63137
0.83529 0.72941 0.62353
0.83529 0.73333 0.63529
0.84706 0.74902 0.65098
0.85098 0.7451 0.65098
0.84706 0.74118 0.64314
0.84706 0.7451 0.64314
0.85882 0.75294 0.64706
0.86667 0.75686 0.6549
0.87451 0.76471 0.65882
0.87843 0.76078 0.6549
0.87843 0.75686 0.65098
0.87059 0.75294 0.64314
0.87059 0.75686 0.64706
0.87451 0.76078 0.6549
0.87843 0.76471 0.66275
0.88627 0.77647 0.67059
0.88235 0.77647 0.67059
0.88235 0.77647 0.66667
0.88235 0.77647 0.66275
0.87059 0.76471 0.65098
0.88627 0.78039 0.66667
0.8902 0.78824 0.66667
0.90588 0.79216 0.67451
0.89804 0.78431 0.66667
0.9098 0.79608 0.65882
0.86275 0.74902 0.61961
0.84314 0.72941 0.62353
0.84314 0.73333 0.63922
0.83529 0.73333 0.63529
0.85098 0.74902 0.65098
0.85882 0.74902 0.6549
0.85882 0.75294 0.65098
0.86275 0.75686 0.64706
0.85882 0.75294 0.64706
0.86667 0.76078 0.6549
0.87059 0.76471 0.65882
0.87843 0.76471 0.65098
0.86667 0.7451 0.63529
0.88235 0.76471 0.6549
0.87843 0.76078 0.6549
0.87451 0.75686 0.6549
0.88235 0.76471 0.66275
0.88235 0.77255 0.66667
0.87059 0.76471 0.66275
0.87059 0.76471 0.6549
0.88235 0.77647 0.66275
0.88235 0.77647 0.66275
0.8902 0.78431 0.66667
0.89804 0.79216 0.66667
0.90196 0.78824 0.67059
0.89804 0.78431 0.66667
0.93725 0.82745 0.68627
0.89804 0.78431 0.65098
0.84706 0.72941 0.61176
0.84314 0.72941 0.63137
0.84314 0.73333 0.63922
0.8549 0.74902 0.6549
0.86275 0.76078 0.66275
0.86275 0.75294 0.65882
0.85882 0.75294 0.65098
0.87451 0.76863 0.66275
0.87451 0.76863 0.66275
0.87451 0.76863 0.66275
0.87451 0.76863 0.66275
0.87451 0.76471 0.6549
0.87843 0.77255 0.65882
0.87843 0.77255 0.65882
0.87843 0.76471 0.65882
0.87451 0.75686 0.6549
0.86667 0.74902 0.64706
0.88627 0.76863 0.66667
0.89412 0.77647 0.67451
0.88627 0.77255 0.66275
0.88627 0.77255 0.66275
0.8902 0.77647 0.66667
0.88627 0.77647 0.65882
0.89804 0.78431 0.65882
0.90196 0.78431 0.66667
0.90196 0.78824 0.67059
0.9098 0.79608 0.65882
0.87059 0.75686 0.63137
0.8549 0.74118 0.63529
0.8549 0.73725 0.65098
0.85098 0.74118 0.64706
0.85882 0.75294 0.65882
0.87059 0.76471 0.66667
0.86275 0.75686 0.66275
0.85882 0.75294 0.65098
0.87451 0.77255 0.66275
0.87451 0.76863 0.66275
0.86667 0.76078 0.6549
0.86667 0.76078 0.6549
0.87059 0.76471 0.6549
0.87843 0.77255 0.65882
0.87451 0.76863 0.6549
0.88627 0.77647 0.67059
0.8902 0.77647 0.67059
0.87843 0.76471 0.66275
0.87843 0.76471 0.65882
0.87843 0.76078 0.65882
0.8902 0.77255 0.66667
0.89412 0.77647 0.66275
0.89804 0.77647 0.66667
0.88235 0.76471 0.64706
0.88235 0.76471 0.64706
0.8902 0.77647 0.6549
0.89804 0.78431 0.66667
0.92549 0.81961 0.68235
0.88627 0.77647 0.64314
0.84314 0.73725 0.62353
0.84706 0.7451 0.64706
0.83922 0.73725 0.63922
0.8549 0.7451 0.65098
0.86275 0.75294 0.65882
0.86667 0.75686 0.66275
0.86275 0.76078 0.66275
0.86667 0.76471 0.65882
0.86667 0.76863 0.6549
0.87059 0.76863 0.65882
0.87451 0.77255 0.66667
0.87843 0.77255 0.66667
0.87843 0.77255 0.65882
0.87059 0.76471 0.65098
0.87059 0.76471 0.65098
0.88627 0.78039 0.67059
0.8902 0.78431 0.67843
0.88235 0.77647 0.67059
0.88627 0.77647 0.66667
0.87059 0.75294 0.64314
0.87843 0.76078 0.65098
0.89412 0.77647 0.66275
0.89804 0.77647 0.66275
0.89412 0.77255 0.65882
0.91373 0.79216 0.67843
0.90196 0.78824 0.67059
0.90196 0.78824 0.67059
0.92157 0.81176 0.67843
0.86667 0.76078 0.63922
0.83137 0.72941 0.61569
0.83529 0.73725 0.63529
0.84706 0.7451 0.64314
0.8549 0.7451 0.65098
0.87059 0.75686 0.66667
0.86667 0.76078 0.66667
0.86275 0.76078 0.66275
0.87451 0.77255 0.66667
0.87451 0.77647 0.65882
0.87059 0.76863 0.66275
0.87059 0.76863 0.66275
0.87843 0.77255 0.66667
0.87843 0.77255 0.66667
0.87451 0.76863 0.65882
0.86667 0.76078 0.6549
0.87843 0.77255 0.66275
0.87451 0.76863 0.6549
0.86667 0.76078 0.65098
0.87843 0.76863 0.65882
0.89412 0.77647 0.66667
0.8902 0.77255 0.66275
0.89804 0.78039 0.66667
0.90588 0.78431 0.67059
0.90196 0.78039 0.66667
0.90588 0.78824 0.67451
0.9098 0.78824 0.67451
0.9098 0.78824 0.67451
0.8902 0.78431 0.65882
0.8549 0.7451 0.63137
0.85098 0.74118 0.63529
0.85098 0.7451 0.64314
0.80392 0.69804 0.59216
0.84314 0.73333 0.63922
0.86667 0.75686 0.66275
0.86275 0.75686 0.65882
0.87059 0.76863 0.66667
0.87059 0.76863 0.66275
0.87843 0.77647 0.66275
0.87843 0.77647 0.67059
0.87451 0.76863 0.66275
0.87059 0.76471 0.65882
0.87843 0.77255 0.66275
0.88235 0.77647 0.67059
0.87059 0.76471 0.6549
0.87451 0.76863 0.65882
0.88235 0.77647 0.66275
0.89412 0.78431 0.67059
0.90196 0.78824 0.67451
0.90588 0.78824 0.67843
0.90196 0.78824 0.67451
0.89804 0.78431 0.67059
0.90588 0.78431 0.67059
0.90588 0.78431 0.67059
0.90588 0.78039 0.67059
0.9098 0.78824 0.67451
0.9098 0.78824 0.67451
0.8549 0.75686 0.63529
0.85098 0.74902 0.63922
0.8549 0.75294 0.64706
0.8549 0.75294 0.64706
0.82745 0.72549 0.61961
0.86667 0.76471 0.65882
0.8549 0.75294 0.64706
0.86667 0.76471 0.65882
0.87843 0.77647 0.67059
0.87451 0.77255 0.66667
0.87843 0.77647 0.67059
0.87059 0.76863 0.66275
0.87059 0.76863 0.66275
0.87451 0.77255 0.66667
0.87843 0.77255 0.66275
0.87451 0.76863 0.6549
0.87843 0.77255 0.65882
0.88235 0.77647 0.67059
0.86275 0.75686 0.65098
0.87843 0.76471 0.6549
0.90588 0.78824 0.67843
0.9098 0.79216 0.68235
0.89412 0.78039 0.66275
0.89804 0.78431 0.66275
0.9098 0.79608 0.67843
0.90588 0.78431 0.67059
0.90196 0.78039 0.66667
0.9098 0.78824 0.67451
0.90588 0.78431 0.67059
0.87451 0.77647 0.6549
0.84314 0.74118 0.62353
0.85098 0.7451 0.63529
0.8549 0.75294 0.64706
0.85098 0.74902 0.64314
0.86667 0.76471 0.65882
0.86275 0.76078 0.6549
0.86275 0.76078 0.6549
0.87059 0.76863 0.66275
0.87451 0.77255 0.66667
0.87451 0.77255 0.66667
0.87059 0.76863 0.66275
0.87059 0.76863 0.66275
0.87451 0.77255 0.66667
0.87451 0.77255 0.66667
0.87059 0.76863 0.6549
0.87843 0.77255 0.6549
0.88235 0.77647 0.66275
0.87843 0.77255 0.66275
0.87843 0.76863 0.66667
0.87843 0.76078 0.65098
0.88235 0.76471 0.6549
0.90196 0.78431 0.67059
0.90196 0.78824 0.67059
0.90196 0.78824 0.66667
0.89412 0.78039 0.66275
0.89804 0.78039 0.66275
0.9098 0.78824 0.67059
0.90588 0.78431 0.67059
0.91765 0.79608 0.68235
0.84706 0.74902 0.62745
0.85098 0.74118 0.62745
0.8549 0.74902 0.64314
0.85098 0.75294 0.64706
0.8549 0.75294 0.64706
0.87059 0.76863 0.66275
0.86275 0.76078 0.6549
0.86667 0.76471 0.65882
0.87059 0.76863 0.66275
0.85882 0.75686 0.65098
0.86667 0.76471 0.65882
0.87451 0.77255 0.66667
0.88627 0.78039 0.67451
0.88235 0.77647 0.67059
0.88235 0.77647 0.67059
0.88627 0.78039 0.67059
0.8902 0.78431 0.66667
0.88627 0.78039 0.66667
0.87059 0.76471 0.6549
0.87059 0.76078 0.6549
0.8902 0.77647 0.66667
0.88627 0.76471 0.65882
0.89804 0.78039 0.67059
0.8902 0.77647 0.65882
0.88235 0.76863 0.64706
0.89804 0.78431 0.66667
0.90196 0.78431 0.67059
0.9098 0.78431 0.67059
0.90588 0.78431 0.67059
0.90588 0.78431 0.67059
0.87843 0.77647 0.65882
0.83922 0.74118 0.62745
0.84706 0.7451 0.64314
0.86667 0.76471 0.66275
0.8549 0.75294 0.64706
0.8549 0.75294 0.64706
0.86275 0.76078 0.6549
0.86275 0.76078 0.6549
0.87843 0.77647 0.67059
0.87843 0.77647 0.67059
0.86667 0.76471 0.65882
0.85882 0.74902 0.64314
0.88627 0.77255 0.67059
0.87843 0.77255 0.66667
0.88235 0.77647 0.66667
0.87451 0.76863 0.6549
0.87843 0.77255 0.65882
0.86667 0.76078 0.64706
0.87843 0.77255 0.65882
0.8902 0.78039 0.66667
0.89412 0.77647 0.66667
0.86667 0.74902 0.63922
0.76078 0.66275 0.55686
0.82745 0.72941 0.61569
0.83922 0.73725 0.62745
0.8549 0.75294 0.65098
0.8549 0.75294 0.65098
0.85098 0.74902 0.64314
0.86667 0.76471 0.65882
0.86667 0.76471 0.65882
0.87059 0.76863 0.66275
0.87843 0.77647 0.67059
0.87451 0.77255 0.66667
0.87059 0.76863 0.66275
0.88235 0.77255 0.66667
0.8902 0.77255 0.67059
0.87451 0.76863 0.66275
0.87451 0.76863 0.65882
0.87843 0.77255 0.65882
0.8549 0.7451 0.63529
0.81176 0.70588 0.6
0.72941 0.62745 0.52157
0.84706 0.7451 0.64314
0.84706 0.7451 0.63922
0.84706 0.7451 0.63922
0.84706 0.7451 0.63922
0.84706 0.7451 0.63922
0.85882 0.75686 0.65098
0.86667 0.76471 0.65882
0.87843 0.77647 0.67059
0.87451 0.77255 0.66667
0.87843 0.77647 0.67059
0.87451 0.77255 0.66667
0.84706 0.74118 0.63529
0.85882 0.75294 0.64706
0.86275 0.75686 0.65098
0.87059 0.76471 0.65882
0.87843 0.77255 0.66667
