0.94118 0.85882 0.7451
0.92941 0.85098 0.73333
0.92549 0.84706 0.73333
0.91765 0.84314 0.72157
0.93725 0.86275 0.7451
0.92157 0.85098 0.73333
0.93725 0.86275 0.73725
0.93333 0.85882 0.73725
0.94118 0.86275 0.75686
0.94118 0.86275 0.73333
0.93725 0.85882 0.73725
0.93333 0.85882 0.73333
0.94118 0.86667 0.7451
0.9451 0.87059 0.76078
0.9451 0.86275 0.73333
0.91765 0.83922 0.71373
0.92549 0.85098 0.72549
0.92941 0.8549 0.73333
0.94118 0.86667 0.74902
0.92549 0.85098 0.72157
0.93333 0.85882 0.72941
0.94118 0.86667 0.7451
0.9451 0.87059 0.75294
0.9451 0.86667 0.74118
0.94118 0.86667 0.7451
0.93333 0.85882 0.74118
