0.4 0.66667 0.83922
0.38431 0.65882 0.83137
0.38824 0.66667 0.83922
0.38824 0.66667 0.84314
0.38431 0.67059 0.83922
0.38824 0.67059 0.83922
0.38431 0.66275 0.83529
0.37647 0.6549 0.82745
0.37647 0.6549 0.82745
0.38824 0.67059 0.84314
0.38824 0.66667 0.83922
0.38431 0.66275 0.83529
0.38039 0.65882 0.83137
0.38431 0.67059 0.83922
0.38824 0.66667 0.83922
0.38824 0.66667 0.83922
0.38039 0.65882 0.83137
0.38039 0.66667 0.83529
0.38039 0.66667 0.83529
0.38431 0.67059 0.83922
0.38039 0.66667 0.83529
0.37647 0.66275 0.83529
