0.18824 0.2902 0.43529
0.18824 0.28627 0.43529
0.18824 0.2902 0.43529
0.19608 0.29804 0.44314
0.18824 0.2902 0.43529
0.18824 0.28627 0.43529
0.18824 0.2902 0.43529
0.18039 0.28627 0.43137
0.18039 0.2902 0.43529
0.18039 0.29412 0.43922
0.19216 0.29412 0.43922
0.18824 0.2902 0.43137
0.18431 0.28627 0.43137
0.17647 0.28627 0.43137
0.19608 0.29412 0.44314
0.18431 0.28627 0.43137
0.18431 0.28627 0.43137
0.18431 0.29412 0.43922
0.18824 0.2902 0.43922
0.19608 0.29804 0.44314
0.19216 0.29412 0.43922
0.18431 0.28627 0.43137
0.18431 0.28627 0.43137
0.18824 0.28627 0.43922
0.19608 0.29804 0.44314
0.19608 0.29804 0.44314
0.18039 0.28235 0.42745
0.18824 0.2902 0.43529
0.19216 0.29412 0.43922
0.17647 0.27843 0.42353
0.18824 0.2902 0.43529
0.18824 0.29412 0.43922
0.18039 0.28235 0.42745
0.18431 0.28627 0.43137
