0.88235 0.76078 0.64706
0.89804 0.77647 0.66275
0.89804 0.77647 0.66275
0.9098 0.78824 0.67451
0.89412 0.77255 0.65882
0.90196 0.78039 0.66667
0.90588 0.78431 0.67059
0.9098 0.78824 0.67451
0.90588 0.78431 0.67059
0.8902 0.76863 0.6549
0.8902 0.76863 0.6549
0.89412 0.77255 0.65882
0.89804 0.77647 0.66275
0.89804 0.77647 0.66275
0.9098 0.78824 0.67451
0.90588 0.78431 0.67059
0.89412 0.77255 0.65882
0.90588 0.78431 0.67059
0.91373 0.79216 0.67843
0.90196 0.78039 0.66667
0.90196 0.78039 0.66667
0.89412 0.77255 0.6549
0.89804 0.77647 0.66275
0.90196 0.78039 0.66275
0.90196 0.78039 0.66275
0.90196 0.78039 0.65882
0.9098 0.78824 0.66667
0.91765 0.79608 0.67451
