0.39216 0.39608 0.43922
0.40392 0.40392 0.44706
0.40392 0.40392 0.44314
0.38824 0.39216 0.44314
0.39608 0.39608 0.44314
0.39608 0.39608 0.44314
0.4 0.4 0.44314
0.40392 0.40784 0.44314
0.4 0.4 0.43529
0.37647 0.38039 0.42745
0.38039 0.38431 0.43137
0.38824 0.38824 0.43529
0.39608 0.39608 0.44314
0.4 0.4 0.44314
0.40392 0.40392 0.43529
0.40784 0.40392 0.43529
0.39216 0.38431 0.42745
0.38039 0.38039 0.42353
0.38431 0.38039 0.42353
0.39608 0.39608 0.43529
0.4 0.40392 0.44314
0.40784 0.40784 0.44706
0.4 0.40784 0.43922
0.41569 0.40392 0.44706
0.38824 0.38039 0.42353
0.38824 0.38039 0.42353
0.39216 0.39608 0.43137
0.39216 0.40392 0.43922
0.40392 0.40784 0.44706
0.39608 0.40784 0.43922
0.44314 0.43137 0.46667
0.40784 0.4 0.44314
0.39216 0.38431 0.42745
0.38824 0.39216 0.43137
0.38824 0.4 0.43529
0.39216 0.40392 0.43922
0.39608 0.40784 0.43922
0.42745 0.42353 0.4549
0.39608 0.39216 0.43137
0.39216 0.39608 0.43137
0.38431 0.39608 0.43137
0.39608 0.40784 0.44314
0.41176 0.40784 0.43922
0.38824 0.39608 0.43137
0.38824 0.39608 0.43529
0.39608 0.39608 0.43137
0.38824 0.39216 0.43137
