0.97647 0.85882 0.71765
0.96863 0.85098 0.71373
0.97255 0.8549 0.7098
0.97255 0.8549 0.71373
0.96471 0.84706 0.70588
0.96471 0.84706 0.70588
0.96471 0.84706 0.70588
0.96078 0.84314 0.70196
0.96078 0.84314 0.70196
0.96863 0.85098 0.7098
0.96863 0.85098 0.7098
0.96863 0.85098 0.7098
0.96471 0.84706 0.7098
0.96863 0.85098 0.7098
0.96471 0.84706 0.70588
0.96863 0.85098 0.7098
0.96863 0.85098 0.7098
0.96863 0.85098 0.7098
0.96863 0.85098 0.7098
0.96863 0.85098 0.7098
0.96471 0.84706 0.70588
0.96471 0.84706 0.70588
0.96471 0.84706 0.70588
