0.55294 0.68627 0.82353
0.55686 0.68627 0.82353
0.54902 0.67451 0.81569
0.55686 0.68235 0.81961
0.55686 0.68627 0.82353
0.55686 0.68627 0.82353
0.55686 0.68235 0.81961
0.54902 0.68235 0.81961
0.55294 0.68235 0.81961
0.54902 0.67843 0.81569
0.55294 0.68235 0.81961
0.55686 0.68235 0.81961
0.54902 0.67843 0.81961
0.54902 0.67843 0.81569
0.54902 0.67843 0.81569
0.55294 0.68235 0.81961
0.55686 0.68235 0.82353
0.55686 0.68627 0.82745
0.54902 0.67843 0.81569
0.55294 0.68235 0.81961
0.55686 0.68627 0.82353
0.55294 0.68235 0.81961
0.54902 0.67843 0.81961
0.55294 0.68235 0.81961
0.55294 0.68235 0.81961
0.55294 0.68235 0.81961
0.55686 0.68627 0.82353
0.55294 0.68235 0.81961
0.55294 0.68235 0.82353
0.55686 0.68627 0.82353
0.55686 0.68627 0.82353
0.55686 0.68627 0.82353
0.55294 0.68235 0.81961
0.55294 0.68235 0.82353
0.55294 0.68235 0.82353
