0.13725 0.19608 0.3098
0.13725 0.19608 0.3098
0.14118 0.2 0.31373
0.13725 0.19608 0.30196
0.12941 0.18431 0.30196
0.13725 0.18431 0.31373
0.13725 0.18824 0.31373
0.13333 0.19608 0.30196
0.11373 0.18824 0.29804
0.1098 0.18824 0.31373
0.13333 0.19216 0.32549
0.12941 0.18431 0.3098
0.11765 0.19216 0.30588
0.12941 0.18431 0.30196
0.11765 0.18431 0.2902
0.12157 0.18431 0.28627
0.13333 0.19216 0.30588
0.12157 0.18431 0.29804
0.12549 0.18431 0.29804
0.13333 0.18824 0.30196
0.13333 0.18824 0.30196
0.11765 0.18039 0.28235
0.12157 0.18431 0.28627
0.12157 0.18824 0.2902
0.12941 0.19216 0.30588
0.13725 0.2 0.31373
0.13725 0.2 0.31373
0.12941 0.18824 0.30196
0.13333 0.18824 0.3098
0.1451 0.19608 0.31765
0.12941 0.18039 0.30196
0.12941 0.18431 0.3098
0.11373 0.17647 0.30588
0.11373 0.17255 0.30588
0.13333 0.18824 0.31765
0.1451 0.2 0.32157
0.13333 0.19216 0.3098
0.12941 0.17647 0.2902
0.12549 0.18431 0.28627
0.13725 0.19216 0.29412
0.12941 0.18824 0.29804
0.11373 0.17255 0.28627
0.12157 0.18039 0.29412
0.13333 0.18824 0.30196
0.12549 0.18039 0.2902
0.12157 0.18431 0.28627
0.12157 0.18431 0.28627
0.1098 0.17255 0.27451
0.12941 0.19608 0.31373
0.12941 0.19608 0.31373
0.12549 0.19216 0.3098
0.13333 0.19608 0.31765
0.13725 0.19216 0.31373
0.13725 0.19216 0.30196
0.12549 0.18039 0.2902
0.13333 0.18431 0.3098
0.13333 0.18431 0.31373
0.13333 0.18039 0.30196
0.14118 0.19216 0.31765
0.1451 0.2 0.31373
0.14118 0.19216 0.3098
0.12157 0.17647 0.30588
0.11765 0.18039 0.29804
0.12157 0.18431 0.29412
0.12941 0.18431 0.29804
0.12549 0.18039 0.29412
0.13333 0.18824 0.30196
0.14118 0.19608 0.3098
0.13333 0.19216 0.30196
0.13333 0.19608 0.29804
0.11765 0.18039 0.28235
0.1098 0.17255 0.27451
0.13725 0.20392 0.32157
0.12549 0.19216 0.3098
0.12549 0.18431 0.30588
0.1451 0.20392 0.32941
0.12941 0.18824 0.3098
0.13725 0.19608 0.31373
0.12941 0.18431 0.29804
0.12941 0.18431 0.30196
0.13333 0.18824 0.30588
0.13725 0.19216 0.30588
0.14118 0.19608 0.3098
0.14118 0.19608 0.3098
0.12941 0.18824 0.30196
0.13333 0.19608 0.31373
0.11765 0.17647 0.29804
0.11765 0.17255 0.29412
0.12157 0.18039 0.29804
0.13333 0.19216 0.30196
0.13333 0.19608 0.30196
0.12549 0.18824 0.29412
0.13725 0.2 0.30588
0.12941 0.19216 0.29412
0.12157 0.18824 0.29412
0.11373 0.18039 0.28627
0.13725 0.20392 0.32157
0.13333 0.19608 0.31373
0.13725 0.19608 0.31765
0.1451 0.20392 0.32549
0.12549 0.18431 0.30588
0.12549 0.18431 0.30588
0.12941 0.18824 0.3098
0.13333 0.19216 0.31373
0.12157 0.18039 0.30196
0.11765 0.17647 0.29412
0.13333 0.18824 0.29804
0.13333 0.18824 0.30196
0.13725 0.19608 0.30588
0.12549 0.18824 0.29804
0.12549 0.18039 0.30196
0.11765 0.17255 0.29804
0.12157 0.17255 0.30588
0.12549 0.17647 0.30588
0.13333 0.18431 0.30588
0.12549 0.18824 0.29412
0.12549 0.18824 0.2902
0.12157 0.18431 0.2902
0.12549 0.18824 0.29804
0.11373 0.18039 0.2902
0.13333 0.2 0.31765
0.13333 0.19608 0.31765
0.13333 0.19216 0.31373
0.12941 0.18824 0.3098
0.12549 0.18431 0.30588
0.12941 0.18824 0.3098
0.12549 0.18431 0.30196
0.12941 0.18824 0.30588
0.13333 0.19216 0.3098
0.12549 0.18431 0.29412
0.14118 0.19608 0.30196
0.13725 0.19216 0.29804
0.14118 0.19608 0.30196
0.13333 0.18824 0.30196
0.12549 0.18431 0.30196
0.10588 0.16863 0.2902
0.12549 0.18039 0.30588
0.12157 0.17255 0.29412
0.12549 0.18431 0.29804
0.13333 0.19216 0.30588
0.12549 0.18431 0.29804
0.11765 0.17647 0.2902
0.11373 0.17647 0.2902
0.11373 0.18039 0.2902
0.13333 0.2 0.31765
0.12941 0.19216 0.31373
0.12941 0.19216 0.31373
0.13333 0.19216 0.31765
0.14118 0.2 0.32549
0.12549 0.18431 0.30588
0.12157 0.18039 0.29804
0.12549 0.18824 0.29804
0.13725 0.19608 0.3098
0.12549 0.18824 0.29804
0.12941 0.19216 0.30588
0.13333 0.19608 0.30588
0.14118 0.2 0.30588
0.13333 0.18824 0.30196
0.12941 0.18824 0.30196
0.1098 0.17255 0.28627
0.11373 0.17647 0.2902
0.1098 0.17647 0.2902
0.12549 0.18824 0.29804
0.13333 0.2 0.3098
0.12157 0.18431 0.29412
0.11373 0.17255 0.28627
0.1098 0.17255 0.28627
0.11373 0.17647 0.2902
0.10588 0.17255 0.29412
0.12157 0.18824 0.30196
0.12549 0.19216 0.29804
0.12549 0.18431 0.29804
0.12157 0.18039 0.29412
0.11373 0.17255 0.28627
0.11765 0.18431 0.29804
0.1098 0.17647 0.29412
0.12157 0.18824 0.30196
0.12549 0.19216 0.29804
0.12941 0.19216 0.29804
0.11373 0.17647 0.27843
0.12549 0.18431 0.29412
0.12157 0.18039 0.29412
0.11373 0.17255 0.28627
0.11765 0.18431 0.29412
0.11373 0.18039 0.29804
0.12941 0.19608 0.3098
0.12941 0.19216 0.29804
0.13333 0.19216 0.30588
0.12549 0.18431 0.29804
0.12549 0.18431 0.29804
0.11765 0.18431 0.29412
0.11373 0.18039 0.29412
0.11373 0.18431 0.29412
0.12941 0.19608 0.30196
0.13333 0.19608 0.30196
0.11373 0.17647 0.27843
0.12941 0.18824 0.29804
0.12157 0.18039 0.29412
0.11373 0.17255 0.28627
0.11765 0.18039 0.29804
0.11373 0.18039 0.29804
0.12549 0.18824 0.3098
0.12941 0.19216 0.3098
0.12549 0.18431 0.29412
0.12941 0.18431 0.29804
0.13333 0.19216 0.30588
0.12941 0.18824 0.30588
0.11373 0.18039 0.29804
0.10588 0.16863 0.29412
0.11373 0.17647 0.29412
0.12941 0.19608 0.3098
0.12549 0.19216 0.30196
0.11765 0.18039 0.28627
0.11373 0.18039 0.28627
0.11373 0.18039 0.2902
0.1098 0.17647 0.28235
0.12549 0.19216 0.31765
0.12549 0.19216 0.3098
0.13333 0.19216 0.30588
0.12549 0.18039 0.29412
0.12549 0.18039 0.29412
0.13333 0.18824 0.30588
0.14118 0.19608 0.31765
0.11765 0.17647 0.30196
0.12157 0.18039 0.30588
0.10196 0.16078 0.28627
0.12941 0.19216 0.31765
0.11765 0.18431 0.30196
0.11373 0.18039 0.2902
0.10196 0.17255 0.27843
0.10588 0.17647 0.28235
0.1098 0.18431 0.28627
0.12157 0.18431 0.31373
0.12157 0.19216 0.31373
0.12549 0.19608 0.31373
0.12941 0.19608 0.30588
0.12549 0.18431 0.29804
0.13333 0.19608 0.30588
0.13725 0.19608 0.31765
0.12157 0.18039 0.30196
0.11765 0.17647 0.29804
0.12549 0.18431 0.30588
0.11373 0.17255 0.29412
0.11765 0.18039 0.30588
0.11373 0.17647 0.30588
0.1098 0.17255 0.30588
0.1098 0.17647 0.29412
0.11373 0.17647 0.28627
0.11765 0.18431 0.29412
0.10196 0.16863 0.27843
0.11765 0.18039 0.3098
0.11373 0.18039 0.30588
0.1098 0.18431 0.30588
0.11765 0.18824 0.29804
0.12157 0.18824 0.29804
0.12549 0.19216 0.30588
0.11373 0.18039 0.29412
0.11373 0.18039 0.29804
0.12549 0.19216 0.30196
0.12157 0.18431 0.29412
0.12549 0.18824 0.29804
0.12157 0.18431 0.29804
0.12157 0.18824 0.30588
0.11765 0.18039 0.30588
0.11765 0.17647 0.30196
0.11373 0.17255 0.29412
0.11373 0.17647 0.29804
0.10196 0.16078 0.27843
0.11765 0.17647 0.30588
0.11765 0.17647 0.3098
0.11765 0.18431 0.3098
0.11765 0.18431 0.29804
0.11373 0.18431 0.2902
0.1098 0.18431 0.30196
0.098039 0.16471 0.28235
0.12157 0.18431 0.30196
0.13333 0.19216 0.30588
0.12549 0.18039 0.29412
0.12549 0.18431 0.29804
0.12941 0.18824 0.30588
0.13333 0.19216 0.31373
0.11765 0.17647 0.29804
0.11373 0.17647 0.29804
0.10588 0.17255 0.2902
0.1098 0.17647 0.29412
0.10196 0.16471 0.28235
0.12157 0.18431 0.31373
0.12157 0.19216 0.31765
0.12157 0.18824 0.31373
0.11373 0.18039 0.29804
0.11765 0.18431 0.29804
0.11765 0.18431 0.29804
0.12157 0.18431 0.29804
0.13333 0.19216 0.3098
0.12549 0.18431 0.29804
0.10588 0.16471 0.27843
0.11765 0.18039 0.29412
0.12549 0.18431 0.30588
0.12549 0.18431 0.30588
0.12157 0.18039 0.30196
0.10588 0.16863 0.28627
0.10588 0.17255 0.28627
0.10588 0.17255 0.28627
0.098039 0.16078 0.27451
0.1098 0.18824 0.31373
0.11373 0.18824 0.3098
0.11373 0.18039 0.29804
0.12157 0.18824 0.30588
0.12549 0.19216 0.3098
0.1098 0.17255 0.28235
0.12941 0.18824 0.30196
0.13333 0.18824 0.30588
0.11765 0.17647 0.2902
0.11373 0.17255 0.28627
0.12941 0.18824 0.30196
0.11373 0.17255 0.2902
0.12157 0.18039 0.30196
0.12941 0.18824 0.3098
0.1098 0.17255 0.28627
0.11373 0.18039 0.2902
0.1098 0.17647 0.28627
0.12549 0.18824 0.31373
0.11765 0.18039 0.29804
0.12157 0.18039 0.29804
0.12941 0.18824 0.30588
0.12157 0.18039 0.30196
0.11765 0.18039 0.30196
0.1098 0.17647 0.29412
0.11765 0.18039 0.30196
0.12941 0.18039 0.30196
0.12941 0.18824 0.3098
0.1098 0.17647 0.29412
0.1098 0.17647 0.29412
0.12549 0.19216 0.3098
0.1098 0.17255 0.28235
0.12549 0.18431 0.29412
0.1098 0.17647 0.29412
0.11765 0.18039 0.30588
0.12549 0.18431 0.3098
0.13333 0.18824 0.31373
0.12549 0.18431 0.3098
0.11765 0.18431 0.30196
0.11373 0.18824 0.30588
0.098039 0.17647 0.2902
0.11373 0.18431 0.30196
0.11373 0.17647 0.29412
0.11373 0.18431 0.30196
0.11765 0.18431 0.30196
0.12157 0.18431 0.30196
0.11765 0.18431 0.30196
0.12157 0.18039 0.29412
0.12157 0.18039 0.28627
0.13725 0.19608 0.30588
0.12941 0.19216 0.29804
0.11765 0.17647 0.2902
0.12941 0.19216 0.31373
0.12549 0.19216 0.3098
0.1098 0.18039 0.29804
0.11373 0.18039 0.30196
0.1098 0.16471 0.28627
0.11373 0.17647 0.29412
0.11765 0.17647 0.29804
0.1098 0.16863 0.2902
0.12157 0.18039 0.30196
0.12157 0.18039 0.29804
0.11373 0.17647 0.27843
0.12941 0.19608 0.29804
0.12549 0.18824 0.28627
0.12157 0.18039 0.2902
0.12549 0.18431 0.30196
0.11765 0.18039 0.30588
0.12157 0.18824 0.29804
0.11765 0.18431 0.29412
0.12157 0.18431 0.29804
0.11373 0.18039 0.29412
0.12157 0.18039 0.29804
0.12157 0.18039 0.29412
0.12549 0.18431 0.29804
0.11373 0.17647 0.2902
0.1098 0.17255 0.28627
0.11765 0.18824 0.2902
0.12549 0.18824 0.30196
0.11373 0.17255 0.2902
0.12157 0.18431 0.30196
0.12157 0.18824 0.29804
0.10588 0.17255 0.28627
0.11373 0.18039 0.29412
0.11765 0.18431 0.29412
0.11765 0.18431 0.29804
0.12549 0.18824 0.30196
0.12157 0.18824 0.29804
0.1098 0.17647 0.2902
0.11373 0.18039 0.2902
0.12157 0.18824 0.29412
0.12157 0.18824 0.30588
0.1098 0.17647 0.29412
0.10588 0.17255 0.2902
0.098039 0.16471 0.28235
0.1098 0.17647 0.29412
0.12157 0.18431 0.30588
0.12157 0.18431 0.30588
0.1098 0.17647 0.28627
0.1098 0.17647 0.28627
0.12941 0.18824 0.31373
0.12157 0.18431 0.30588
0.1098 0.17255 0.29412
0.1098 0.17255 0.29412
0.11373 0.17255 0.29412
0.11765 0.17647 0.29804
0.11373 0.17255 0.29412
0.12157 0.18039 0.29804
0.12157 0.18431 0.29804
0.12941 0.18824 0.31765
0.12157 0.18039 0.30196
0.11765 0.17255 0.29412
0.11373 0.17255 0.29412
0.11765 0.17647 0.29804
0.12157 0.18039 0.30196
0.1098 0.17255 0.2902
0.11373 0.17255 0.29412
0.11373 0.17255 0.29412
0.12549 0.18431 0.31373
0.12157 0.18039 0.30196
0.11765 0.17647 0.29804
0.12549 0.18431 0.30588
0.12157 0.18039 0.30196
0.11765 0.17647 0.29804
0.12157 0.18039 0.30196
0.11765 0.17647 0.29804
0.11373 0.17255 0.29412
0.12549 0.18431 0.3098
0.11373 0.17255 0.29412
0.1098 0.16863 0.2902
0.11373 0.17255 0.29412
0.12941 0.18824 0.3098
0.11765 0.17647 0.29804
0.12157 0.18039 0.30196
0.11765 0.17647 0.29804
0.11373 0.17255 0.29412
0.13333 0.19216 0.31373
0.11765 0.17647 0.29804
0.1098 0.16863 0.2902
0.11765 0.17647 0.29804
0.12157 0.18039 0.30196
0.11765 0.17647 0.29804
0.11765 0.17647 0.29804
0.11765 0.17647 0.29804
0.12157 0.18039 0.30196
0.11373 0.17255 0.29412
0.12549 0.18431 0.30588
0.11373 0.18039 0.29804
0.11765 0.18431 0.30196
0.1098 0.17647 0.29412
0.1098 0.17647 0.29412
0.12157 0.18824 0.30588
0.12549 0.18824 0.30588
0.11373 0.18431 0.29804
0.12549 0.18824 0.30196
0.12549 0.18039 0.29804
0.11373 0.18431 0.29412
0.12941 0.19608 0.30196
0.12549 0.17647 0.2902
0.13333 0.17647 0.2902
