0.97647 0.91373 0.79608
0.97255 0.9098 0.78431
0.96863 0.9098 0.79216
0.96471 0.90196 0.78824
0.94902 0.88627 0.77647
0.96078 0.89412 0.79216
0.96078 0.90196 0.8
0.90588 0.85098 0.75686
0.98039 0.91765 0.78824
0.97255 0.9098 0.78039
0.97255 0.90588 0.78824
0.96078 0.90196 0.78039
0.94902 0.89412 0.78039
0.95294 0.89412 0.78824
0.96078 0.90196 0.8
0.95294 0.89804 0.79608
0.94902 0.88627 0.79216
0.94118 0.87451 0.76471
0.97255 0.90588 0.77255
0.96863 0.90196 0.77255
0.96863 0.90196 0.77647
0.96471 0.89412 0.77255
0.96078 0.89412 0.77647
0.95294 0.88235 0.77255
0.96078 0.89412 0.78824
0.95686 0.89412 0.79216
0.95686 0.88627 0.79216
0.95686 0.8902 0.75294
0.95294 0.86667 0.70196
0.96863 0.87843 0.72549
0.98039 0.8902 0.75294
0.96863 0.8902 0.75686
0.96078 0.88627 0.76078
0.93725 0.86667 0.74902
0.94118 0.87843 0.76078
0.9451 0.88627 0.77255
0.95294 0.88235 0.78039
0.89412 0.81176 0.71765
0.97255 0.89804 0.72941
0.96078 0.86667 0.67059
0.97255 0.87843 0.69804
0.98039 0.88627 0.71765
0.96471 0.88235 0.72549
0.95686 0.88235 0.73725
0.9451 0.87059 0.7451
0.93333 0.87059 0.7451
0.9451 0.88235 0.76471
0.9451 0.87059 0.76471
0.92549 0.84314 0.74118
0.96863 0.88627 0.69804
0.95686 0.86275 0.65882
0.96863 0.87843 0.68235
0.97647 0.8902 0.69804
0.96863 0.88235 0.70196
0.95686 0.87059 0.7098
0.95294 0.87059 0.72941
0.93725 0.85882 0.73333
0.94902 0.87451 0.75294
0.94118 0.86275 0.75294
0.93725 0.85882 0.75294
0.97255 0.88627 0.70196
0.96471 0.87843 0.68627
0.96471 0.87843 0.6902
0.96471 0.87843 0.68235
0.96078 0.87059 0.68235
0.94118 0.84314 0.66275
0.93725 0.84314 0.68627
0.9451 0.85882 0.72549
0.93725 0.86667 0.73333
0.9451 0.87059 0.7451
0.92941 0.85098 0.73725
0.79216 0.72549 0.58431
0.96471 0.8902 0.7098
0.96863 0.8902 0.71373
0.96471 0.88235 0.70196
0.95686 0.87059 0.67843
0.94902 0.85882 0.66667
0.93725 0.83529 0.63529
0.91765 0.81961 0.64314
0.93725 0.85882 0.7098
0.93725 0.86667 0.72549
0.9451 0.87059 0.74118
0.92941 0.8549 0.73725
0.89412 0.81176 0.70588
0.87059 0.80784 0.67451
0.96863 0.89804 0.72941
0.97647 0.89412 0.72549
0.97255 0.88627 0.71373
0.95686 0.87059 0.68627
0.9451 0.8549 0.66667
0.94118 0.83529 0.64314
0.91373 0.81569 0.63529
0.92549 0.84314 0.6902
0.92941 0.85098 0.71373
0.94118 0.85882 0.73333
0.93333 0.8549 0.73725
0.91765 0.83922 0.73333
0.91373 0.8549 0.72549
0.96471 0.89804 0.73725
0.96863 0.8902 0.72941
0.96863 0.88627 0.71765
0.95686 0.87059 0.69412
0.9451 0.85098 0.67451
0.92941 0.82745 0.64314
0.91765 0.81961 0.64706
0.93333 0.84706 0.70196
0.93333 0.85098 0.71765
0.92549 0.84706 0.71765
0.91765 0.83922 0.71765
0.91373 0.83529 0.72549
0.94902 0.88627 0.75686
0.96863 0.89804 0.75686
0.96471 0.89412 0.7451
0.96471 0.88627 0.72549
0.96471 0.87843 0.7098
0.93725 0.84314 0.66275
0.92157 0.82745 0.64314
0.92549 0.83137 0.66667
0.9451 0.8549 0.71373
0.92941 0.83922 0.70588
0.93333 0.85882 0.72549
0.91373 0.83922 0.7098
0.92549 0.84706 0.73333
0.96863 0.90588 0.77647
0.97255 0.89804 0.76471
0.97255 0.89804 0.76078
0.96863 0.8902 0.74118
0.96078 0.87451 0.71765
0.9451 0.85098 0.68235
0.92941 0.83529 0.66275
0.92549 0.83922 0.67451
0.9451 0.8549 0.7098
0.91765 0.82745 0.69412
0.93333 0.8549 0.72157
0.93725 0.86275 0.73333
0.9098 0.84314 0.72549
0.98039 0.91373 0.78431
0.97647 0.90196 0.77255
0.97255 0.89804 0.76863
0.96863 0.8902 0.75294
0.96471 0.87451 0.72941
0.94902 0.85882 0.7098
0.93725 0.85098 0.69804
0.94118 0.85882 0.70588
0.94902 0.86667 0.72941
0.93333 0.84706 0.71373
0.92941 0.85098 0.72157
0.93333 0.85882 0.72941
0.95294 0.88235 0.73725
0.94902 0.87843 0.73333
0.94902 0.87451 0.72941
0.94118 0.87059 0.72157
0.93725 0.86667 0.72157
