0.48627 0.61961 0.76863
0.4902 0.62353 0.77255
0.49412 0.62745 0.77647
0.49412 0.62745 0.77647
0.49412 0.62745 0.77647
0.4902 0.62353 0.77255
0.4902 0.62353 0.77255
0.49412 0.62745 0.77647
0.4902 0.62353 0.77255
0.49412 0.62745 0.77647
0.49412 0.62745 0.77647
0.50196 0.62745 0.78824
0.50196 0.62745 0.78039
0.50196 0.62745 0.77647
0.5098 0.63529 0.78431
0.5098 0.63529 0.78039
0.4902 0.62353 0.77255
0.49412 0.62745 0.77647
0.4902 0.62353 0.77255
0.4902 0.62353 0.77255
0.49412 0.62745 0.77647
0.49804 0.63137 0.78039
0.49412 0.62745 0.77647
0.49804 0.62745 0.78039
0.49804 0.63137 0.78039
0.50588 0.63922 0.78824
0.52157 0.64314 0.79216
0.52157 0.63922 0.78824
0.51765 0.63529 0.78431
0.49804 0.63137 0.77647
0.49412 0.62745 0.77647
0.4902 0.62353 0.77255
0.49412 0.62745 0.77647
0.49412 0.62745 0.77647
0.49412 0.62745 0.77647
0.49412 0.62745 0.77647
0.50196 0.63529 0.78431
0.50196 0.63529 0.78431
0.49804 0.63137 0.78039
0.51373 0.63529 0.78431
0.51765 0.63529 0.78431
0.51765 0.63529 0.78431
0.48235 0.61569 0.76471
0.48627 0.61961 0.76863
0.4902 0.62353 0.77255
0.49804 0.63137 0.78039
0.49804 0.63137 0.78039
0.4902 0.62353 0.77255
0.49804 0.63137 0.78039
0.50196 0.63529 0.78431
0.50196 0.63529 0.78431
0.50196 0.63529 0.78431
0.51373 0.63529 0.78431
0.51765 0.63529 0.78431
0.51373 0.63137 0.78039
0.51765 0.63529 0.78431
0.51765 0.63529 0.78431
0.52157 0.63922 0.79216
0.51373 0.63137 0.78039
0.48627 0.62353 0.77255
0.4902 0.62353 0.77255
0.49412 0.62745 0.77647
0.49412 0.62745 0.77647
0.49412 0.62745 0.77647
0.49412 0.62745 0.77647
0.49412 0.62745 0.77647
0.49412 0.62745 0.77647
0.50588 0.63922 0.78431
0.50588 0.63922 0.78039
0.5098 0.63922 0.78039
0.48627 0.62353 0.77647
0.4902 0.62353 0.77255
0.49412 0.62745 0.77647
0.49412 0.62745 0.77647
0.49804 0.62745 0.78039
0.49804 0.62745 0.77647
0.49804 0.63137 0.78039
0.49804 0.63137 0.78039
0.50196 0.63529 0.78039
0.50196 0.63529 0.77647
0.48627 0.62353 0.77647
0.49412 0.62745 0.77647
0.49412 0.62745 0.77647
0.49412 0.62745 0.77647
0.49804 0.62353 0.77647
0.49804 0.62353 0.77647
0.50196 0.63137 0.78431
0.50196 0.63529 0.78431
0.50196 0.63529 0.78039
0.50588 0.63922 0.78039
0.48235 0.62353 0.77647
0.48627 0.62353 0.77255
0.49412 0.62353 0.77647
0.49804 0.62353 0.77647
0.49804 0.62353 0.77647
0.50196 0.62745 0.78039
0.50196 0.62745 0.77647
0.50588 0.63137 0.78431
0.50588 0.63529 0.78824
0.50588 0.63529 0.78431
0.50588 0.63529 0.78039
0.51373 0.64314 0.78431
0.51373 0.63922 0.78039
0.48235 0.62353 0.77255
0.4902 0.62745 0.77647
0.49412 0.62745 0.77647
0.50196 0.62353 0.77647
0.50196 0.61961 0.77255
0.50196 0.62745 0.78039
0.50588 0.63137 0.78039
0.5098 0.63529 0.78431
0.50588 0.63137 0.78431
0.50588 0.63137 0.78431
0.5098 0.63137 0.78824
0.5098 0.63529 0.78431
0.50588 0.63137 0.77647
0.4902 0.62745 0.77647
0.49412 0.62353 0.77255
0.49412 0.62745 0.77647
0.49804 0.62745 0.77647
0.50196 0.62353 0.77647
0.50196 0.62745 0.78039
0.50196 0.62745 0.77647
0.49804 0.62353 0.77255
0.50196 0.62745 0.78039
0.50588 0.63137 0.78431
0.50588 0.63137 0.78431
0.50588 0.63137 0.78431
0.5098 0.63529 0.78431
0.50588 0.63529 0.77255
0.49412 0.62353 0.77647
0.48627 0.62353 0.77647
0.4902 0.62353 0.77255
0.49412 0.62353 0.77255
0.49804 0.62745 0.77647
0.50196 0.62745 0.77647
0.50588 0.63137 0.78039
0.50588 0.63137 0.78039
0.50588 0.63137 0.78431
0.50588 0.63137 0.78431
0.5098 0.63529 0.78431
0.51373 0.64314 0.78824
0.49412 0.63137 0.78824
0.49412 0.62745 0.78039
0.49804 0.63137 0.77647
0.49804 0.63529 0.78431
0.50196 0.63137 0.78039
0.51373 0.63922 0.78824
0.50588 0.63137 0.78039
0.50588 0.63137 0.78039
0.50588 0.63137 0.78039
0.50588 0.63922 0.78431
0.5098 0.64314 0.78431
0.49412 0.63137 0.78039
0.49804 0.63137 0.78039
0.50196 0.63529 0.78431
0.50196 0.63137 0.78039
0.50588 0.63137 0.78039
0.50588 0.63529 0.78039
0.5098 0.63922 0.78824
0.50588 0.63922 0.78431
0.50196 0.63529 0.78039
0.5098 0.64314 0.78824
0.49804 0.63529 0.78431
0.49412 0.62745 0.77647
0.49412 0.62745 0.77647
0.49804 0.62745 0.77647
0.50196 0.62745 0.77647
0.50196 0.63137 0.78039
0.50588 0.63922 0.78431
0.50588 0.63922 0.78039
0.5098 0.64314 0.78431
0.50588 0.63922 0.78039
0.49804 0.62745 0.78039
0.49412 0.62745 0.77647
0.49804 0.62353 0.77647
0.50196 0.62745 0.77647
0.50196 0.63137 0.77647
0.49804 0.63137 0.78039
0.50588 0.63922 0.78431
0.5098 0.64314 0.78431
0.49412 0.62745 0.78039
0.49804 0.62745 0.77647
0.50196 0.62745 0.78039
0.50588 0.63137 0.78039
0.50588 0.63137 0.78039
0.50588 0.63922 0.78431
0.5098 0.63922 0.78824
0.5098 0.63922 0.78824
0.51373 0.64314 0.78824
0.51765 0.64706 0.78824
0.49804 0.63137 0.78431
0.49804 0.63137 0.78039
0.49804 0.62353 0.77647
0.50588 0.63137 0.78431
0.5098 0.63529 0.78039
0.51373 0.64314 0.78039
0.51765 0.64314 0.79216
0.5098 0.63529 0.78824
0.51373 0.63529 0.78824
0.51765 0.63529 0.78039
0.49412 0.63137 0.78039
0.50196 0.63529 0.78431
0.49804 0.63137 0.77647
0.50196 0.63529 0.78039
0.50588 0.63529 0.78039
0.5098 0.63922 0.78431
0.51373 0.63922 0.78824
0.51373 0.63137 0.78431
0.52157 0.63529 0.78824
0.49804 0.63137 0.77647
0.49804 0.63137 0.77647
0.49804 0.63529 0.77647
0.50196 0.63529 0.78039
0.50588 0.63529 0.78431
0.51373 0.63529 0.78431
0.52157 0.63922 0.78824
0.51765 0.63922 0.78824
0.50196 0.63529 0.78431
0.50196 0.63529 0.78039
0.50196 0.63529 0.78039
0.50196 0.63529 0.78039
0.50588 0.63529 0.78431
0.5098 0.63529 0.78431
0.52549 0.64314 0.79216
0.51765 0.63922 0.78824
0.51373 0.63922 0.78431
0.49412 0.63137 0.78039
0.49804 0.63529 0.78039
0.49804 0.63529 0.77647
0.49804 0.63922 0.78039
0.49804 0.63529 0.77647
0.50196 0.63922 0.78431
0.50588 0.63922 0.78431
0.52157 0.64314 0.79216
0.51765 0.63922 0.78824
0.51373 0.63922 0.78431
0.49804 0.63529 0.78039
0.49804 0.63922 0.78039
0.49804 0.63922 0.78039
0.49804 0.63922 0.78039
0.50196 0.63922 0.78431
0.5098 0.63922 0.78824
0.5098 0.63529 0.78431
0.5098 0.63529 0.78431
0.50196 0.63529 0.78039
0.49412 0.63529 0.77647
0.51373 0.63922 0.78824
0.51373 0.63922 0.78824
0.5098 0.63529 0.78431
0.49804 0.63529 0.78039
0.50196 0.63922 0.78431
0.50588 0.63529 0.78431
0.5098 0.63529 0.78431
0.50588 0.63922 0.78824
