0.098039 0.11373 0.086275
0.094118 0.10196 0.07451
0.098039 0.10588 0.082353
0.094118 0.10588 0.078431
0.1098 0.13333 0.12549
0.094118 0.11373 0.086275
0.094118 0.10588 0.078431
0.094118 0.1098 0.07451
0.094118 0.1098 0.07451
0.12549 0.14902 0.13333
0.094118 0.11765 0.090196
0.094118 0.11373 0.082353
0.090196 0.11373 0.07451
0.090196 0.11373 0.07451
0.086275 0.1098 0.070588
0.11765 0.13725 0.11373
0.094118 0.11373 0.086275
0.090196 0.1098 0.078431
0.082353 0.10196 0.07451
0.086275 0.10588 0.078431
0.086275 0.10588 0.078431
0.12157 0.1451 0.11765
0.094118 0.1098 0.086275
0.098039 0.1098 0.078431
0.094118 0.10588 0.078431
0.098039 0.11373 0.086275
0.10196 0.11765 0.086275
0.1098 0.14118 0.11373
0.098039 0.11373 0.086275
0.10196 0.10588 0.078431
0.098039 0.1098 0.082353
0.094118 0.10588 0.078431
0.10196 0.11373 0.082353
0.11373 0.13725 0.10588
