0.45098 0.55686 0.74118
0.45098 0.54902 0.73725
0.45882 0.55686 0.74118
0.45882 0.55294 0.73725
0.44314 0.55294 0.73725
0.45098 0.55294 0.73725
0.45098 0.5451 0.73333
0.46667 0.55686 0.74118
0.44706 0.54902 0.73333
0.45098 0.55294 0.73725
0.44706 0.55686 0.74118
0.44706 0.55686 0.74118
0.45098 0.5451 0.73333
0.45882 0.55294 0.73333
0.45098 0.54902 0.72941
0.4549 0.55686 0.73725
0.4549 0.56078 0.7451
0.44314 0.55294 0.73725
0.44314 0.55294 0.73333
0.45098 0.55686 0.73725
0.45098 0.55294 0.72941
0.44706 0.5451 0.72549
0.44706 0.55294 0.73725
0.44314 0.54902 0.73333
0.44706 0.55294 0.73333
0.45098 0.55294 0.72941
0.45098 0.5451 0.72549
