0.32941 0.4 0.52157
0.29412 0.36863 0.49412
0.27059 0.35294 0.47843
0.25882 0.3451 0.47451
0.27059 0.35294 0.47843
0.28627 0.36471 0.49412
0.2902 0.36863 0.49804
0.34118 0.41176 0.51765
0.32549 0.4 0.52157
0.27843 0.35686 0.48235
0.25882 0.33725 0.46667
0.25098 0.34118 0.46667
0.27451 0.36078 0.48627
0.2902 0.37255 0.50196
0.27451 0.35686 0.48627
0.25098 0.33725 0.46275
0.24314 0.32941 0.45882
0.33333 0.40392 0.5098
0.32941 0.40392 0.52157
0.29804 0.37255 0.49804
0.26275 0.3451 0.47059
0.25882 0.3451 0.47059
0.26667 0.35686 0.48235
0.25882 0.34902 0.47451
0.24706 0.33725 0.46275
0.24314 0.33333 0.45882
0.34902 0.41569 0.51765
0.32941 0.4 0.51373
0.28235 0.35686 0.48627
0.25882 0.34118 0.46667
0.27451 0.36078 0.4902
0.26275 0.34118 0.47843
0.24706 0.33725 0.47059
0.25098 0.3451 0.47451
0.24314 0.33333 0.46667
0.23922 0.32941 0.46275
0.3451 0.40784 0.51373
0.32941 0.39608 0.51765
0.27451 0.35294 0.47451
0.27843 0.35686 0.48627
0.28627 0.37255 0.50196
0.25882 0.33725 0.47451
0.24706 0.33725 0.47059
0.23922 0.33725 0.47059
0.24706 0.33725 0.46667
0.23529 0.32941 0.45882
0.43137 0.49412 0.59608
0.33725 0.40392 0.51373
0.33333 0.40392 0.52549
0.27451 0.35294 0.47843
0.27843 0.36078 0.48627
0.27451 0.36078 0.4902
0.26275 0.34118 0.47843
0.23922 0.32941 0.46275
0.23529 0.32941 0.46275
0.23529 0.33333 0.4549
0.22745 0.32549 0.44706
0.42745 0.49412 0.59216
0.34118 0.40392 0.52157
0.32941 0.39608 0.52549
0.27059 0.34902 0.47843
0.26667 0.35294 0.48235
0.27059 0.35686 0.4902
0.2549 0.3451 0.47843
0.23922 0.32941 0.46275
0.23137 0.32941 0.45882
0.23922 0.33725 0.45882
0.23137 0.32157 0.44706
0.23922 0.32941 0.45098
0.39608 0.46667 0.56471
0.32941 0.39608 0.51373
0.30196 0.37255 0.50588
0.26275 0.34118 0.47059
0.27059 0.35686 0.4902
0.27451 0.36471 0.50196
0.2549 0.3451 0.47843
0.24314 0.33333 0.46667
0.23529 0.32941 0.46275
0.23529 0.32941 0.45882
0.23529 0.32549 0.4549
0.37647 0.44706 0.5451
0.32941 0.40784 0.52549
0.27451 0.35686 0.48235
0.26275 0.33725 0.46667
0.2549 0.34118 0.47451
0.25098 0.34118 0.47451
0.25098 0.34118 0.47451
0.24314 0.33725 0.47059
0.23922 0.33333 0.46667
0.23529 0.32941 0.4549
0.23529 0.32549 0.4549
0.36863 0.43922 0.54118
0.29412 0.37647 0.4902
0.26275 0.3451 0.47059
0.26275 0.34118 0.47451
0.25098 0.34118 0.47451
0.24706 0.34118 0.47843
0.24706 0.33725 0.47059
0.23922 0.33333 0.46667
0.23137 0.32549 0.45882
0.23922 0.33333 0.45882
0.24314 0.33333 0.4549
0.25882 0.3451 0.46667
0.35294 0.41961 0.52941
0.29804 0.37255 0.4902
0.28235 0.36471 0.4902
0.25882 0.34118 0.47451
0.24314 0.33333 0.47059
0.25098 0.34118 0.48235
0.2549 0.3451 0.47843
0.24706 0.33725 0.47059
0.24314 0.33333 0.46667
0.24314 0.33725 0.46275
0.25098 0.33725 0.46275
0.27451 0.35686 0.47843
0.32941 0.4 0.51373
0.29804 0.37647 0.49804
0.2902 0.36863 0.49804
0.25882 0.34118 0.47059
0.24706 0.33725 0.47451
0.24314 0.33725 0.47843
0.24706 0.33725 0.47059
0.24314 0.33333 0.46667
0.23922 0.32941 0.45882
0.25882 0.3451 0.47059
0.27059 0.34902 0.47059
0.27843 0.35294 0.47059
0.27843 0.34902 0.47451
0.27843 0.35686 0.48627
0.2902 0.36863 0.49804
0.25882 0.34118 0.47451
0.25882 0.3451 0.48235
0.2549 0.34118 0.48235
0.24706 0.33333 0.47059
0.24706 0.33333 0.46667
0.24314 0.32941 0.46275
0.27059 0.35294 0.47843
0.28235 0.35686 0.47843
0.25882 0.33725 0.46275
0.26667 0.34902 0.48235
0.27451 0.35294 0.47843
0.28235 0.36471 0.4902
0.26667 0.3451 0.47843
0.2902 0.36471 0.49804
0.27843 0.35294 0.48627
0.2549 0.33333 0.46667
0.24706 0.32549 0.45882
0.26667 0.3451 0.47843
0.27059 0.3451 0.47059
0.2902 0.36471 0.48627
0.29804 0.37255 0.49412
0.2902 0.36471 0.48627
0.26667 0.34118 0.47059
0.26275 0.34118 0.46667
0.27059 0.34902 0.47843
0.28627 0.35686 0.48235
0.26667 0.34118 0.46667
0.26275 0.33725 0.46667
0.27059 0.3451 0.47451
