0.32157 0.33333 0.37647
0.32549 0.34118 0.38039
0.32941 0.3451 0.38824
0.32941 0.3451 0.38431
0.32157 0.33725 0.37255
0.32941 0.3451 0.38039
0.34118 0.35686 0.39216
0.31373 0.32941 0.36471
0.32941 0.3451 0.38039
0.33725 0.35294 0.38824
0.3451 0.36078 0.39608
0.34902 0.36078 0.39608
0.3098 0.32549 0.36078
0.32941 0.3451 0.38039
0.33725 0.34902 0.38431
0.3451 0.35294 0.39216
0.34118 0.35294 0.38824
0.31373 0.32941 0.37255
0.33333 0.34902 0.39216
0.34118 0.34902 0.39608
0.3451 0.35686 0.39608
0.34902 0.36078 0.39608
0.3098 0.32157 0.36863
0.32941 0.34118 0.38824
0.33725 0.3451 0.39608
