0.93725 0.87059 0.74902
0.93333 0.86667 0.74118
0.96471 0.8902 0.77647
0.93333 0.85882 0.72941
0.94902 0.87451 0.75294
0.96863 0.90196 0.78824
0.96078 0.88627 0.76863
0.94118 0.85882 0.73725
0.96471 0.8902 0.76471
0.97647 0.90196 0.77647
0.96078 0.89412 0.78039
0.96078 0.88627 0.77255
0.96471 0.8902 0.76863
0.98039 0.89804 0.77255
0.96863 0.88627 0.75294
0.95294 0.88627 0.77255
0.95686 0.88627 0.76863
0.96078 0.8902 0.76863
0.97255 0.88627 0.76471
0.95294 0.88627 0.76471
0.96078 0.8902 0.76863
0.96471 0.88627 0.76471
0.95686 0.89412 0.76863
0.96471 0.88627 0.76078
0.95294 0.86667 0.73725
0.95294 0.8902 0.76471
0.96078 0.87843 0.75294
0.9451 0.8549 0.72157
0.95686 0.87451 0.74902
