0.94902 0.87059 0.7451
0.91765 0.83529 0.71373
0.91373 0.83137 0.7098
0.92941 0.85098 0.72157
0.9098 0.82745 0.69804
0.91373 0.81961 0.69804
0.93725 0.86275 0.73725
0.93725 0.85882 0.73333
0.92157 0.83922 0.7098
0.92941 0.83922 0.71765
0.92941 0.84706 0.72549
0.93333 0.85882 0.72941
0.91373 0.83529 0.70588
0.91373 0.83529 0.70196
0.90588 0.81569 0.6902
0.91765 0.83137 0.7098
0.92941 0.8549 0.71765
0.90196 0.82353 0.68627
0.90588 0.82745 0.69412
0.88627 0.80784 0.67451
0.91765 0.83137 0.7098
0.92157 0.84314 0.70588
0.90588 0.82745 0.70196
0.91373 0.83529 0.7098
0.9098 0.83922 0.71373
