0.031373 0.1451 0.30196
0.070588 0.21961 0.38824
0.023529 0.15686 0.32941
0.023529 0.15294 0.31765
0.023529 0.15294 0.3098
0.031373 0.1451 0.30196
0.054902 0.19216 0.35686
0.019608 0.16863 0.3451
0.023529 0.16471 0.34118
0.027451 0.15686 0.32941
0.023529 0.14902 0.31373
0.023529 0.14902 0.3098
0.023529 0.14118 0.29412
0.043137 0.17647 0.33333
0.015686 0.16078 0.33333
0.015686 0.16078 0.33333
0.019608 0.16471 0.32941
0.019608 0.15686 0.32157
0.019608 0.14902 0.31373
0.019608 0.14118 0.30196
0.031373 0.15294 0.31373
0.023529 0.16863 0.34902
0.019608 0.17255 0.34118
0.015686 0.16863 0.33725
0.015686 0.17255 0.33333
0.019608 0.16471 0.32549
0.019608 0.14902 0.31373
0.019608 0.1451 0.30588
0.027451 0.1451 0.30588
0.023529 0.17255 0.34902
0.019608 0.16863 0.34118
0.015686 0.16471 0.33333
0.019608 0.16863 0.32941
0.019608 0.16078 0.32549
0.019608 0.15294 0.31765
0.023529 0.15294 0.3098
0.019608 0.1451 0.29804
0.16471 0.37255 0.54902
0.019608 0.17647 0.34902
0.019608 0.17255 0.34902
0.019608 0.17647 0.3451
0.023529 0.17255 0.34118
0.031373 0.16863 0.34118
0.023529 0.15686 0.32157
0.023529 0.15686 0.31373
0.019608 0.1451 0.30196
0.011765 0.14118 0.28627
0.14902 0.34118 0.50196
0.015686 0.17647 0.3451
0.011765 0.17255 0.3451
0.011765 0.17647 0.34118
0.019608 0.17255 0.34118
0.035294 0.17647 0.34902
0.031373 0.16863 0.33725
0.019608 0.15686 0.30588
0.023529 0.15294 0.3098
0.011765 0.14118 0.29412
0.11765 0.29804 0.45882
0.011765 0.17255 0.3451
0.015686 0.17647 0.34902
0.015686 0.18039 0.34902
0.015686 0.17255 0.34118
0.019608 0.17255 0.34118
0.019608 0.16863 0.33725
0.019608 0.15686 0.31765
0.019608 0.14902 0.31373
0.015686 0.1451 0.30588
0.098039 0.25882 0.42745
0.015686 0.18039 0.35294
0.015686 0.18039 0.34902
0.015686 0.18039 0.3451
0.015686 0.17647 0.3451
0.015686 0.16863 0.33725
0.011765 0.16078 0.32549
0.019608 0.16078 0.32549
0.011765 0.13725 0.30196
0.07451 0.22745 0.38431
0.011765 0.18039 0.3451
0.015686 0.17647 0.34902
0.019608 0.17647 0.35294
0.019608 0.16863 0.3451
0.011765 0.16471 0.33333
0.015686 0.16863 0.33725
0.023529 0.16471 0.32941
0.019608 0.1451 0.3098
0.058824 0.20784 0.37255
0.015686 0.17647 0.34902
0.023529 0.18039 0.35294
0.015686 0.16471 0.34118
0.011765 0.16078 0.33333
0.015686 0.15686 0.32941
0.023529 0.16078 0.32549
0.023529 0.1451 0.31373
0.047059 0.19216 0.34902
0.019608 0.18039 0.35294
0.019608 0.17255 0.34902
0.015686 0.16471 0.3451
0.015686 0.16078 0.33333
0.015686 0.15294 0.32941
0.023529 0.15686 0.32549
0.023529 0.14902 0.31373
0.031373 0.16863 0.32157
0.027451 0.18431 0.35294
0.019608 0.16863 0.3451
0.019608 0.16863 0.34902
0.015686 0.16471 0.34118
0.019608 0.16863 0.34118
0.023529 0.15686 0.32941
0.023529 0.14902 0.31373
0.019608 0.15294 0.31373
0.023529 0.17647 0.3451
0.023529 0.17255 0.34902
0.011765 0.16078 0.34118
0.015686 0.16471 0.34118
0.015686 0.16863 0.34118
0.019608 0.16471 0.33725
0.023529 0.16078 0.32157
0.027451 0.14902 0.31373
