0.20392 0.29804 0.41569
0.21176 0.3098 0.42745
0.20392 0.29804 0.41569
0.2 0.29412 0.41176
0.20392 0.30196 0.41961
0.2 0.29804 0.41569
0.18824 0.28627 0.40392
0.20784 0.30196 0.42353
0.21961 0.30588 0.42745
0.2 0.2902 0.41176
0.2 0.2902 0.41176
0.18824 0.28235 0.40392
0.2 0.2902 0.41176
0.18824 0.27843 0.4
0.20392 0.29412 0.41569
0.20784 0.29412 0.41569
0.2 0.2902 0.41176
0.20392 0.29412 0.41569
0.19608 0.28627 0.40784
0.19608 0.28627 0.40784
0.18039 0.27059 0.39216
0.2 0.28235 0.40392
0.21176 0.30196 0.42353
0.19608 0.28627 0.40784
0.2 0.29412 0.41569
0.19608 0.28627 0.40784
0.18039 0.27451 0.39216
0.19216 0.28235 0.40392
0.2 0.2902 0.41176
0.20392 0.29412 0.41569
0.19216 0.2902 0.40784
0.19216 0.28627 0.40784
0.2 0.29412 0.41176
0.2 0.29412 0.41569
