0.63922 0.70588 0.78431
0.63529 0.70196 0.78039
0.61961 0.68627 0.76863
0.63529 0.70196 0.78039
0.63529 0.69804 0.78039
0.63529 0.70196 0.78039
0.64314 0.7098 0.78824
0.50196 0.56863 0.65882
0.63922 0.70588 0.78431
0.63529 0.70196 0.78039
0.63137 0.69804 0.78039
0.63922 0.70196 0.79216
0.53725 0.61176 0.69412
0.63922 0.70588 0.78431
0.63529 0.70196 0.78039
0.63529 0.70196 0.78039
0.63137 0.69412 0.77647
0.64314 0.70588 0.79608
0.63922 0.70588 0.78431
0.63529 0.70196 0.78039
0.63529 0.70196 0.78039
0.62745 0.69412 0.77647
0.64314 0.70196 0.79216
0.63137 0.69804 0.77255
0.63137 0.69804 0.77647
0.63137 0.69412 0.78824
0.63137 0.69412 0.78824
0.63137 0.69804 0.77647
0.63922 0.70588 0.78824
0.60784 0.67059 0.76471
0.63529 0.70196 0.78039
0.63922 0.70196 0.78824
