0.93333 0.85882 0.73725
0.92549 0.85098 0.73333
0.93333 0.85882 0.74118
0.92549 0.85882 0.7451
0.94118 0.87059 0.76078
0.92941 0.8549 0.73725
0.91373 0.84706 0.73725
0.92157 0.8549 0.7451
0.92549 0.85098 0.73333
0.92157 0.8549 0.74118
0.91373 0.84706 0.73725
0.90588 0.83529 0.71765
0.90196 0.83137 0.71765
0.92941 0.86275 0.74902
0.92157 0.8549 0.7451
0.89412 0.81961 0.7098
0.91765 0.84706 0.73725
0.91373 0.84314 0.73333
0.9098 0.84314 0.73333
0.9098 0.83137 0.72549
0.90588 0.83922 0.72941
0.92157 0.8549 0.7451
0.91765 0.85098 0.74118
