0.13333 0.18431 0.3098
0.12941 0.18431 0.30196
0.13333 0.19216 0.31373
0.12549 0.18039 0.29804
0.11765 0.18039 0.30196
0.11765 0.18824 0.30588
0.12157 0.18431 0.30588
0.12157 0.18039 0.29804
0.11765 0.18039 0.3098
0.11765 0.18039 0.3098
0.12549 0.18824 0.31765
0.12941 0.19216 0.32157
0.12157 0.18824 0.3098
0.11765 0.18431 0.29804
0.12549 0.19216 0.30196
0.11765 0.18039 0.3098
0.11765 0.18039 0.3098
0.12941 0.19216 0.32157
0.12941 0.19216 0.32157
0.12157 0.18824 0.3098
0.1098 0.17255 0.30196
0.11765 0.18039 0.3098
0.12549 0.18824 0.31765
0.12941 0.19216 0.32157
0.12941 0.19216 0.31373
