0.18824 0.27451 0.34118
0.18039 0.27059 0.32941
0.18431 0.26667 0.33725
0.18039 0.27059 0.32941
0.16863 0.24314 0.32157
0.18039 0.25882 0.32941
0.18039 0.26667 0.32941
0.17647 0.26275 0.31765
0.16863 0.25098 0.32549
0.17255 0.2549 0.32157
0.18824 0.27059 0.33725
0.19216 0.27843 0.33333
0.17647 0.26667 0.33725
0.17255 0.25882 0.32157
0.18431 0.27059 0.33333
0.19216 0.28235 0.33725
0.18431 0.27451 0.32941
0.18431 0.27451 0.3451
0.16078 0.2549 0.31765
0.17255 0.26667 0.33333
0.18824 0.27843 0.33725
0.17647 0.26667 0.32157
0.18431 0.27451 0.34118
0.16471 0.26275 0.32941
0.16471 0.25882 0.32941
0.18824 0.27451 0.34118
0.18039 0.26667 0.34902
0.18039 0.27059 0.33725
0.16471 0.2549 0.32157
0.16471 0.25098 0.31765
0.16863 0.25882 0.33725
0.19608 0.28627 0.35294
0.18039 0.26667 0.32941
