0.5451 0.66667 0.78824
0.5451 0.67059 0.79216
0.5451 0.66275 0.78431
0.54902 0.66667 0.78824
0.5451 0.66667 0.78824
0.5451 0.66667 0.78824
0.5451 0.66667 0.78824
0.5451 0.66667 0.78824
0.54118 0.66275 0.78431
0.54118 0.66275 0.78431
0.5451 0.66667 0.78824
0.54118 0.66667 0.78824
0.53725 0.66275 0.78431
0.53725 0.66275 0.78431
0.53725 0.66275 0.78431
0.5451 0.66667 0.78824
0.5451 0.66667 0.78824
0.5451 0.66667 0.79216
0.54902 0.67059 0.79216
0.54902 0.67059 0.79216
0.54118 0.66667 0.78824
0.53725 0.66667 0.78824
0.54902 0.66667 0.79216
0.54902 0.67059 0.79216
0.5451 0.66667 0.78824
0.54118 0.66667 0.78824
0.54118 0.67059 0.79216
0.5451 0.66275 0.78824
