0.54902 0.60784 0.70588
0.55294 0.6 0.70588
0.54118 0.59608 0.69804
0.54118 0.59216 0.69412
0.54902 0.59608 0.69804
0.55686 0.6 0.70196
0.55294 0.59216 0.69412
0.55294 0.58431 0.68235
0.58039 0.60784 0.69804
0.58431 0.61176 0.70196
0.58039 0.61176 0.70196
0.57255 0.60784 0.70588
0.55294 0.59216 0.69804
0.53725 0.58039 0.6902
0.52157 0.57255 0.68235
0.53725 0.58039 0.6902
0.56471 0.61961 0.72549
0.56471 0.61176 0.72157
0.5451 0.59216 0.69412
0.55294 0.59608 0.69804
0.54902 0.58824 0.69412
0.56471 0.60392 0.7098
0.57255 0.60784 0.7098
0.57647 0.60392 0.70196
0.58039 0.60784 0.69804
0.59216 0.61569 0.7098
0.58431 0.60784 0.70196
0.58039 0.60392 0.70196
0.55686 0.59216 0.69412
0.53725 0.57647 0.68627
0.52941 0.57255 0.68235
0.54118 0.58039 0.6902
0.5451 0.60392 0.71373
0.59216 0.63922 0.74902
0.57255 0.61569 0.72157
0.57255 0.61176 0.71765
0.56863 0.6 0.7098
0.56863 0.59608 0.70588
0.58431 0.60784 0.71373
0.58824 0.60784 0.7098
0.59216 0.61176 0.70588
0.60784 0.62745 0.72549
0.60392 0.62353 0.72157
0.58824 0.60784 0.70588
0.56078 0.58431 0.68627
0.5451 0.58039 0.68627
0.53725 0.57647 0.68627
0.56863 0.61961 0.73725
0.6 0.63922 0.73333
0.57255 0.60392 0.70196
0.57255 0.59608 0.70588
0.58431 0.60784 0.71765
0.59608 0.61961 0.72157
0.59216 0.61176 0.70196
0.59608 0.61176 0.70588
0.60784 0.62353 0.72157
0.61569 0.63922 0.72549
0.59608 0.62353 0.7098
0.57647 0.60392 0.70588
0.55294 0.59608 0.69804
0.53725 0.58431 0.6902
0.55294 0.6 0.72157
0.61569 0.64706 0.74902
0.6 0.62745 0.73333
0.59216 0.61176 0.72549
0.61176 0.62353 0.72941
0.63922 0.65098 0.7451
0.60784 0.61176 0.69412
0.61569 0.61569 0.69804
0.63529 0.63922 0.72549
0.63922 0.65098 0.72941
0.61176 0.63137 0.71765
0.58431 0.61176 0.7098
0.55686 0.59608 0.69804
0.5451 0.59216 0.69804
0.62353 0.6549 0.75294
0.62745 0.65098 0.74902
0.62353 0.64706 0.73725
0.64706 0.6549 0.7451
0.67843 0.67843 0.76078
0.66275 0.65882 0.73333
0.66275 0.65882 0.72941
0.67451 0.67843 0.74902
0.66667 0.67451 0.74902
0.62745 0.64314 0.72157
0.59608 0.61961 0.71373
0.56863 0.6 0.69804
0.55294 0.59216 0.69804
0.55686 0.59216 0.7098
0.55294 0.6 0.71765
0.63922 0.65882 0.75294
0.63529 0.6549 0.73725
0.63529 0.6549 0.72941
0.64706 0.65882 0.73725
0.67059 0.67451 0.74902
0.6902 0.68627 0.75294
0.69804 0.69412 0.76078
0.70196 0.70588 0.76863
0.67451 0.68627 0.75294
0.63529 0.64706 0.72941
0.61176 0.62745 0.71765
0.58431 0.61176 0.7098
0.56078 0.59216 0.69804
0.56078 0.58824 0.70196
0.57647 0.61961 0.73333
0.66275 0.66667 0.75294
0.64314 0.65098 0.72941
0.64706 0.6549 0.73333
0.64706 0.65098 0.72941
0.66275 0.66667 0.74118
0.67843 0.67451 0.74118
0.68627 0.68235 0.74902
0.68235 0.68627 0.74902
0.65882 0.67059 0.73725
0.62745 0.63529 0.71765
0.61176 0.62353 0.71765
0.59216 0.61569 0.71765
0.57255 0.59608 0.70588
0.56863 0.59608 0.70588
0.60784 0.63922 0.75294
0.70196 0.70196 0.77647
0.66667 0.66667 0.74118
0.6549 0.65098 0.73333
0.66275 0.6549 0.73725
0.65882 0.6549 0.73333
0.65882 0.66275 0.72941
0.6549 0.66275 0.72941
0.6549 0.65882 0.72941
0.63529 0.64706 0.72157
0.61569 0.63137 0.71373
0.61176 0.62353 0.71765
0.58824 0.61176 0.71373
0.57255 0.6 0.7098
0.56471 0.59216 0.70588
0.61176 0.63137 0.7451
0.72157 0.70588 0.78039
0.69804 0.6902 0.75294
0.6549 0.64314 0.71765
0.65882 0.65098 0.73333
0.66275 0.66275 0.74118
0.6549 0.66275 0.72941
0.6549 0.66667 0.73333
0.64706 0.6549 0.72549
0.62353 0.63922 0.71765
0.61569 0.62745 0.72157
0.60784 0.62353 0.71765
0.59216 0.61569 0.71373
0.56863 0.6 0.70588
0.56863 0.59608 0.70588
0.56078 0.59608 0.71765
0.6902 0.6902 0.76863
0.7098 0.70588 0.76471
0.6549 0.65098 0.72157
0.63922 0.64314 0.72157
0.65098 0.6549 0.73725
0.64706 0.6549 0.73333
0.64314 0.6549 0.72941
0.63922 0.65098 0.72549
0.63529 0.64314 0.72941
0.62745 0.63529 0.73333
0.61176 0.62745 0.72549
0.59216 0.61961 0.71765
0.56863 0.6 0.70196
0.57647 0.60392 0.71373
0.55294 0.59608 0.70196
0.61569 0.64314 0.73333
0.7098 0.7098 0.78431
0.67059 0.66275 0.74118
0.64706 0.65098 0.72941
0.64706 0.65098 0.73333
0.62745 0.63529 0.72549
0.62745 0.63529 0.72549
0.63922 0.64706 0.73333
0.63137 0.63922 0.72941
0.62353 0.63137 0.72549
0.60784 0.62353 0.72157
0.59216 0.61961 0.71765
0.56863 0.60392 0.70196
0.56863 0.60392 0.7098
0.54902 0.6 0.70196
0.55294 0.6 0.71765
0.67059 0.67843 0.76471
0.7098 0.70588 0.76863
0.6902 0.69412 0.76863
0.64706 0.6549 0.73725
0.61961 0.62353 0.72549
0.61961 0.62353 0.72549
0.63529 0.64314 0.73725
0.63137 0.63922 0.72941
0.61961 0.62745 0.72157
0.60784 0.62353 0.72157
0.58824 0.61176 0.71373
0.56863 0.6 0.70588
0.56471 0.60784 0.71373
0.58039 0.62353 0.71765
0.67451 0.68235 0.76078
0.70196 0.69804 0.78039
0.63137 0.63137 0.71765
0.60784 0.61176 0.7098
0.62353 0.62745 0.72941
0.63137 0.63922 0.73725
0.63137 0.63922 0.72941
0.61961 0.62745 0.71765
0.60392 0.61961 0.71765
0.59216 0.61569 0.72157
0.56471 0.6 0.7098
0.61961 0.63922 0.7451
0.67059 0.67059 0.76471
0.64314 0.64706 0.73725
0.59608 0.60784 0.70588
0.61176 0.62353 0.72941
0.61961 0.63137 0.73333
0.62353 0.63529 0.72941
0.61961 0.63137 0.72157
0.59608 0.61569 0.71765
0.58824 0.61176 0.72157
0.59216 0.63529 0.74118
0.62353 0.65098 0.76078
0.59216 0.61176 0.72549
0.6 0.61569 0.72941
0.60784 0.62353 0.72941
0.61176 0.62745 0.72941
0.61569 0.63137 0.72941
0.6 0.61569 0.72549
0.58039 0.60392 0.71765
0.57647 0.61961 0.73725
0.56863 0.60392 0.71765
0.58039 0.61176 0.71373
0.60392 0.62745 0.72941
0.60784 0.62353 0.72157
0.60784 0.62353 0.72549
0.60392 0.61961 0.72549
0.58039 0.61569 0.71765
0.60784 0.63137 0.73333
0.60784 0.62745 0.72157
0.60784 0.62745 0.72549
0.60392 0.62353 0.72941
0.58431 0.61961 0.72157
0.6 0.62353 0.72549
0.60392 0.62353 0.71765
0.60392 0.62353 0.72157
0.60392 0.62353 0.72549
