0.12941 0.19608 0.30588
0.13333 0.2 0.3098
0.12549 0.19608 0.30196
0.12549 0.19216 0.30196
0.12941 0.18824 0.29804
0.12157 0.19216 0.30196
0.11765 0.19216 0.30196
0.12549 0.2 0.30588
0.11765 0.19216 0.29412
0.12941 0.19608 0.30588
0.13333 0.18824 0.30196
0.12549 0.2 0.30588
0.11765 0.2 0.30196
0.11765 0.2 0.30588
0.11765 0.19608 0.29804
0.12157 0.18431 0.29804
0.12549 0.18039 0.29412
0.13333 0.20784 0.3098
0.12549 0.20392 0.29804
0.11373 0.19216 0.29412
0.11765 0.19216 0.30196
0.12941 0.19216 0.30588
0.12941 0.18824 0.2902
0.12549 0.2 0.31373
0.1098 0.18431 0.29804
0.11765 0.18824 0.30196
0.12941 0.19216 0.30196
0.13333 0.19216 0.29412
0.12157 0.18824 0.29804
0.12157 0.18824 0.2902
0.13333 0.19608 0.29804
0.13333 0.19216 0.29804
0.12941 0.18039 0.29412
0.12157 0.18824 0.29412
0.12549 0.19216 0.29412
0.12157 0.18824 0.28627
0.11765 0.18824 0.28627
0.13725 0.19216 0.27843
0.11765 0.19608 0.28627
