0.67059 0.62353 0.57255
0.66667 0.62745 0.57255
0.66667 0.61961 0.56471
0.66275 0.61569 0.56078
0.67451 0.62745 0.57255
0.67059 0.62353 0.56863
0.67059 0.62353 0.56863
0.67059 0.61961 0.56471
0.67059 0.62353 0.57255
0.66667 0.61961 0.57255
0.68235 0.62745 0.57647
0.68235 0.62745 0.57647
0.67843 0.62353 0.57255
0.67451 0.62353 0.57255
0.67451 0.62745 0.57255
0.67843 0.63137 0.57647
0.67059 0.62353 0.56863
0.66667 0.61961 0.56471
0.68627 0.63137 0.58039
0.68627 0.63137 0.58039
0.68235 0.62745 0.57647
0.68235 0.62745 0.57647
0.68235 0.62745 0.57647
0.67843 0.62353 0.57255
0.67451 0.61961 0.56863
0.6902 0.63529 0.58431
0.68627 0.63137 0.58039
0.68627 0.63137 0.58039
0.68235 0.62745 0.58039
0.6902 0.63529 0.58039
