0.63137 0.58039 0.5451
0.62353 0.57647 0.54118
0.62745 0.57647 0.54118
0.62745 0.57647 0.54118
0.62745 0.57647 0.54118
0.63137 0.58039 0.5451
0.61961 0.57647 0.53725
0.62353 0.57647 0.53725
0.62745 0.57647 0.54118
0.63137 0.58039 0.5451
0.62353 0.57255 0.53725
0.63137 0.58039 0.5451
0.61961 0.56863 0.53333
0.62353 0.57255 0.53725
0.63137 0.58039 0.5451
0.62745 0.57647 0.54118
0.63137 0.58039 0.5451
0.62353 0.57255 0.53725
0.62353 0.57255 0.53725
0.62353 0.57255 0.53725
0.63137 0.58039 0.5451
0.63137 0.58039 0.5451
0.61961 0.58039 0.54118
0.61961 0.57647 0.53725
0.62353 0.57255 0.53725
0.62353 0.57255 0.53725
0.62353 0.57255 0.53725
0.62745 0.57647 0.53725
0.61569 0.56863 0.53333
0.61569 0.56471 0.52941
0.62353 0.57255 0.53725
0.61961 0.56863 0.53333
0.62745 0.57647 0.53333
0.61569 0.56471 0.52941
0.61961 0.56863 0.52941
