0.13333 0.42353 0.62353
0.11765 0.41176 0.60784
0.11373 0.41569 0.60784
0.11765 0.41961 0.61176
0.13333 0.42745 0.62353
0.13725 0.43529 0.63137
0.13333 0.43922 0.63137
0.13333 0.43529 0.63137
0.1451 0.43137 0.63137
0.1451 0.43922 0.63529
0.14118 0.44314 0.63529
0.14118 0.44314 0.64314
0.14118 0.43922 0.64706
0.15294 0.43922 0.64314
0.14902 0.43137 0.63137
0.14902 0.44314 0.63922
0.13333 0.43922 0.63137
0.1451 0.44706 0.64706
0.15686 0.44314 0.64706
0.15686 0.45098 0.65098
0.1451 0.44314 0.63922
0.14118 0.44314 0.64314
