0.53333 0.5098 0.52157
0.52157 0.49804 0.51765
0.54902 0.51765 0.52941
0.54118 0.51373 0.52157
0.52941 0.50588 0.51765
0.51373 0.49412 0.5098
0.55686 0.52157 0.53333
0.54902 0.51765 0.52549
0.53333 0.5098 0.51765
0.52157 0.50196 0.5098
0.51765 0.49804 0.51765
0.5098 0.48627 0.5098
0.55294 0.52157 0.52549
0.53333 0.5098 0.51373
0.53333 0.5098 0.52157
0.52941 0.50588 0.52157
0.51765 0.49412 0.5098
0.55686 0.52549 0.52941
0.5451 0.52157 0.52549
0.54118 0.51765 0.52549
0.53333 0.50588 0.52157
0.52549 0.50196 0.51765
0.55294 0.52941 0.53333
0.54118 0.51765 0.52941
0.53725 0.51373 0.52941
0.52941 0.5098 0.52549
0.55294 0.52941 0.53725
0.5451 0.52157 0.53333
0.5451 0.52157 0.52941
0.52941 0.50588 0.51765
0.54118 0.51765 0.52157
