0.031373 0.18039 0.35294
0.035294 0.18431 0.35686
0.035294 0.18431 0.35686
0.031373 0.18039 0.3451
0.039216 0.18431 0.34902
0.039216 0.18824 0.36471
0.043137 0.19216 0.36863
0.035294 0.18431 0.36078
0.035294 0.18431 0.35686
0.027451 0.18039 0.34902
0.035294 0.18824 0.35686
0.035294 0.18824 0.35686
0.035294 0.18039 0.34902
0.031373 0.19216 0.35686
0.031373 0.18824 0.36078
0.035294 0.19216 0.36471
0.027451 0.18431 0.35686
0.023529 0.17647 0.35294
0.035294 0.18431 0.36078
0.035294 0.18431 0.36078
0.023529 0.18039 0.35294
0.027451 0.18431 0.35686
0.027451 0.18039 0.34902
0.062745 0.2 0.36078
0.058824 0.20392 0.36863
0.05098 0.2 0.36471
0.047059 0.2 0.36471
0.035294 0.2 0.36471
0.035294 0.2 0.36863
0.027451 0.19216 0.35686
0.027451 0.19216 0.36078
0.035294 0.19608 0.36863
0.027451 0.18824 0.36078
0.031373 0.18431 0.35686
0.039216 0.18824 0.36471
0.035294 0.18431 0.35686
0.027451 0.18824 0.36078
0.023529 0.18431 0.35686
0.015686 0.17647 0.3451
0.070588 0.21176 0.37647
0.070588 0.20392 0.37255
0.066667 0.2 0.36863
0.058824 0.2 0.36471
0.062745 0.20784 0.37255
0.058824 0.20392 0.37647
0.054902 0.2 0.37255
0.047059 0.2 0.36863
0.039216 0.20392 0.36863
0.035294 0.2 0.35686
0.027451 0.18824 0.36078
0.031373 0.19216 0.36471
0.027451 0.18824 0.36078
0.031373 0.19608 0.36078
0.039216 0.2 0.36471
0.031373 0.18431 0.35294
0.035294 0.18824 0.35686
0.031373 0.18431 0.35294
0.031373 0.18039 0.34902
0.035294 0.19216 0.36078
0.027451 0.19216 0.35686
0.015686 0.18039 0.3451
0.023529 0.18431 0.34902
0.062745 0.20784 0.36863
0.047059 0.19608 0.36078
0.047059 0.20392 0.36471
0.054902 0.20784 0.37255
0.058824 0.20784 0.37255
0.047059 0.2 0.36863
0.05098 0.20392 0.37255
0.047059 0.19608 0.36471
0.039216 0.19216 0.36078
0.035294 0.2 0.36471
0.031373 0.2 0.36471
0.035294 0.19608 0.36471
0.035294 0.19608 0.36863
0.027451 0.18824 0.36078
0.031373 0.19216 0.36471
0.027451 0.19216 0.35686
0.031373 0.19216 0.36078
0.035294 0.18824 0.35686
0.035294 0.18824 0.35686
0.035294 0.18824 0.35294
0.035294 0.18824 0.35294
0.031373 0.18824 0.35294
0.023529 0.18824 0.35294
0.015686 0.18039 0.3451
0.027451 0.19216 0.35686
0.047059 0.2 0.36471
0.047059 0.20392 0.36471
0.039216 0.20392 0.36078
0.043137 0.21176 0.37255
0.043137 0.20784 0.37255
0.043137 0.2 0.36863
0.035294 0.18824 0.35686
0.047059 0.2 0.36863
0.05098 0.20392 0.37255
0.035294 0.18824 0.35686
0.031373 0.19216 0.35686
0.031373 0.19216 0.36471
0.031373 0.18824 0.36863
0.031373 0.19216 0.36471
0.031373 0.19216 0.36471
0.027451 0.18824 0.36078
0.027451 0.19216 0.35686
0.027451 0.18824 0.35686
0.031373 0.18431 0.35294
0.039216 0.19216 0.35686
0.043137 0.19608 0.35686
0.043137 0.19216 0.35686
0.031373 0.18824 0.35294
0.019608 0.18431 0.34902
0.023529 0.18824 0.35294
0.027451 0.19216 0.35686
0.015686 0.18039 0.3451
0.043137 0.20392 0.37647
0.05098 0.2 0.37255
0.05098 0.20392 0.37647
0.035294 0.19608 0.36471
0.039216 0.20392 0.36863
0.039216 0.20392 0.36863
0.031373 0.19608 0.36078
0.035294 0.19216 0.36078
0.039216 0.19216 0.36078
0.043137 0.19216 0.36078
0.043137 0.19608 0.36471
0.043137 0.19608 0.36471
0.027451 0.18431 0.35686
0.023529 0.18431 0.35686
0.027451 0.18824 0.36078
0.027451 0.18824 0.36078
0.027451 0.18824 0.36078
0.027451 0.18824 0.36078
0.031373 0.18431 0.35686
0.039216 0.18824 0.35686
0.039216 0.19216 0.36078
0.031373 0.18431 0.35294
0.035294 0.18824 0.35686
0.035294 0.18824 0.35686
0.027451 0.18431 0.35294
0.031373 0.18824 0.35686
0.035294 0.18824 0.35686
0.031373 0.18431 0.35294
0.027451 0.18039 0.34902
0.023529 0.18039 0.34902
0.035294 0.2 0.36471
0.039216 0.2 0.37255
0.043137 0.19608 0.36863
0.039216 0.19608 0.36863
0.035294 0.2 0.36863
0.031373 0.19608 0.36471
0.031373 0.19216 0.36078
0.035294 0.2 0.36863
0.039216 0.2 0.36863
0.039216 0.19216 0.36078
0.039216 0.19216 0.36078
0.039216 0.19216 0.36078
0.039216 0.19216 0.36078
0.027451 0.18824 0.35686
0.023529 0.18431 0.35686
0.027451 0.18824 0.36078
0.027451 0.18824 0.36078
0.027451 0.18824 0.36078
0.023529 0.18431 0.35686
0.023529 0.18431 0.35294
0.031373 0.19216 0.36078
0.031373 0.19216 0.35686
0.031373 0.18824 0.35686
0.027451 0.18431 0.34902
0.031373 0.18431 0.35294
0.031373 0.18431 0.35294
0.035294 0.18431 0.35294
0.031373 0.18431 0.35294
0.027451 0.18039 0.34902
0.027451 0.18039 0.34902
0.027451 0.18039 0.34902
0.015686 0.17647 0.34118
0.023529 0.18039 0.34902
0.015686 0.17255 0.34118
0.043137 0.20784 0.37255
0.035294 0.19608 0.36863
0.035294 0.19608 0.37255
0.027451 0.19216 0.36863
0.019608 0.18824 0.36078
0.027451 0.19216 0.36078
0.035294 0.19608 0.36863
0.031373 0.19216 0.36471
0.035294 0.19216 0.36078
0.039216 0.19216 0.36078
0.039216 0.19216 0.36078
0.035294 0.18824 0.35686
0.035294 0.18824 0.35686
0.035294 0.19216 0.36471
0.027451 0.18824 0.36078
0.023529 0.18431 0.35686
0.019608 0.18039 0.35294
0.027451 0.18824 0.36078
0.027451 0.18824 0.36078
0.023529 0.18824 0.35686
0.011765 0.18431 0.34902
0.019608 0.18824 0.35294
0.027451 0.19216 0.35686
0.019608 0.18824 0.35294
0.023529 0.18431 0.34902
0.027451 0.18039 0.34902
0.027451 0.18039 0.34902
0.031373 0.18431 0.35294
0.031373 0.18431 0.35294
0.023529 0.17647 0.3451
0.023529 0.17647 0.3451
0.023529 0.17647 0.3451
0.031373 0.18431 0.35294
0.023529 0.17647 0.3451
0.043137 0.19608 0.35686
0.05098 0.20392 0.37255
0.043137 0.19608 0.36471
0.031373 0.18824 0.35686
0.027451 0.18824 0.36078
0.023529 0.18824 0.36078
0.019608 0.19216 0.36078
0.023529 0.18431 0.35686
0.027451 0.18824 0.36078
0.027451 0.18824 0.36078
0.031373 0.19216 0.36078
0.043137 0.2 0.36471
0.039216 0.19216 0.36078
0.035294 0.19216 0.36078
0.035294 0.19608 0.36471
0.027451 0.18824 0.36078
0.019608 0.18039 0.35294
0.023529 0.18431 0.35686
0.023529 0.18431 0.35686
0.027451 0.18431 0.35686
0.027451 0.19216 0.35686
0.031373 0.19608 0.36078
0.019608 0.18824 0.35294
0.023529 0.18824 0.35686
0.031373 0.19216 0.36078
0.027451 0.18039 0.35294
0.035294 0.18431 0.35686
0.035294 0.18824 0.35294
0.031373 0.18431 0.35294
0.023529 0.18039 0.34902
0.027451 0.18824 0.35294
0.023529 0.18431 0.34902
0.023529 0.18431 0.35294
0.035294 0.18431 0.36078
0.023529 0.17647 0.34902
0.023529 0.17255 0.34902
0.043137 0.19608 0.36471
0.043137 0.19608 0.36078
0.043137 0.19608 0.36471
0.043137 0.19608 0.36471
0.039216 0.18824 0.36078
0.039216 0.19216 0.36078
0.031373 0.18824 0.36078
0.031373 0.19608 0.36471
0.027451 0.19608 0.36471
0.023529 0.18824 0.35686
0.027451 0.18824 0.36078
0.027451 0.18824 0.36078
0.035294 0.19608 0.36471
0.031373 0.19216 0.36078
0.027451 0.18824 0.35686
0.027451 0.19216 0.36078
0.027451 0.18824 0.36078
0.023529 0.18824 0.35686
0.027451 0.18824 0.36078
0.039216 0.2 0.37255
0.035294 0.19608 0.36863
0.027451 0.18824 0.36078
0.031373 0.19608 0.36078
0.031373 0.19608 0.36078
0.019608 0.18431 0.34902
0.019608 0.18039 0.35294
0.027451 0.18431 0.35686
0.031373 0.17647 0.35294
0.035294 0.18431 0.35686
0.031373 0.18431 0.35294
0.027451 0.18039 0.34902
0.031373 0.18824 0.35686
0.027451 0.19216 0.35686
0.019608 0.18431 0.34902
0.019608 0.18431 0.34902
0.023529 0.17255 0.34902
0.023529 0.17255 0.34902
0.047059 0.19608 0.37255
0.043137 0.19608 0.36863
0.043137 0.19608 0.36863
0.047059 0.19608 0.36863
0.039216 0.18824 0.36471
0.035294 0.18431 0.36078
0.035294 0.18431 0.36078
0.031373 0.18824 0.36078
0.027451 0.19216 0.36078
0.023529 0.19216 0.36078
0.027451 0.18824 0.36078
0.031373 0.18824 0.36471
0.027451 0.18824 0.36078
0.027451 0.18824 0.36078
0.027451 0.18824 0.36078
0.023529 0.18824 0.35686
0.023529 0.18824 0.35686
0.023529 0.19216 0.36078
0.023529 0.19216 0.36078
0.019608 0.18824 0.35686
0.019608 0.18824 0.35686
0.023529 0.19216 0.36078
0.023529 0.19216 0.36078
0.023529 0.18824 0.35686
0.031373 0.19608 0.36078
0.019608 0.18431 0.34902
0.023529 0.18431 0.35294
0.031373 0.18824 0.36471
0.031373 0.18039 0.35686
0.027451 0.18039 0.35294
0.031373 0.18431 0.35294
0.031373 0.18431 0.35294
0.035294 0.19216 0.36078
0.027451 0.19216 0.35686
0.015686 0.18039 0.3451
0.019608 0.18039 0.34902
0.023529 0.17255 0.34902
0.023529 0.17255 0.34902
0.054902 0.20392 0.38039
0.043137 0.19216 0.36863
0.039216 0.18431 0.36471
0.039216 0.18824 0.36471
0.035294 0.19216 0.36471
0.031373 0.18824 0.36078
0.031373 0.18824 0.36078
0.023529 0.18431 0.35686
0.019608 0.18039 0.35294
0.023529 0.18431 0.35686
0.023529 0.18824 0.35686
0.023529 0.18824 0.36078
0.019608 0.18431 0.36078
0.019608 0.18824 0.36078
0.019608 0.18824 0.36078
0.015686 0.18431 0.36078
0.019608 0.18824 0.36078
0.027451 0.19216 0.36471
0.023529 0.19216 0.35686
0.027451 0.19216 0.35686
0.027451 0.19608 0.36078
0.023529 0.19216 0.36078
0.023529 0.19216 0.36078
0.023529 0.19216 0.35686
0.027451 0.19608 0.36078
0.019608 0.18824 0.35294
0.023529 0.18824 0.35294
0.027451 0.19216 0.36078
0.023529 0.18431 0.35294
0.023529 0.18431 0.35294
0.027451 0.18824 0.35686
0.027451 0.18824 0.35294
0.027451 0.18824 0.34902
0.023529 0.18824 0.34902
0.019608 0.18431 0.35294
0.027451 0.18824 0.35686
0.015686 0.17255 0.3451
0.054902 0.20784 0.38039
0.05098 0.20784 0.38039
0.047059 0.20392 0.37647
0.031373 0.19216 0.36471
0.035294 0.19608 0.36863
0.035294 0.19608 0.36863
0.027451 0.18824 0.36078
0.019608 0.18824 0.35686
0.023529 0.18824 0.36078
0.015686 0.18039 0.35294
0.023529 0.19216 0.36078
0.019608 0.18824 0.35686
0.019608 0.18824 0.36471
0.015686 0.18431 0.36078
0.011765 0.18039 0.35686
0.015686 0.18431 0.36078
0.027451 0.19216 0.36863
0.023529 0.18039 0.35294
0.023529 0.18824 0.35294
0.019608 0.18824 0.34902
0.019608 0.18824 0.35686
0.019608 0.18824 0.35686
0.019608 0.18824 0.35686
0.023529 0.19216 0.35686
0.023529 0.19216 0.35686
0.023529 0.19216 0.35686
0.019608 0.18824 0.35294
0.027451 0.19216 0.35686
0.031373 0.19608 0.36078
0.023529 0.18824 0.35686
0.019608 0.18431 0.35294
0.023529 0.18824 0.35294
0.027451 0.19608 0.34902
0.023529 0.18824 0.34902
0.019608 0.18431 0.34902
0.019608 0.18039 0.34902
0.015686 0.18431 0.3451
0.054902 0.20784 0.38039
0.043137 0.20784 0.38039
0.047059 0.20784 0.38039
0.043137 0.20392 0.37647
0.035294 0.2 0.36863
0.027451 0.19608 0.36471
0.023529 0.19216 0.36078
0.019608 0.18824 0.35686
0.015686 0.18824 0.35294
0.015686 0.18824 0.35686
0.019608 0.18431 0.35294
0.019608 0.18039 0.35686
0.023529 0.18431 0.36471
0.019608 0.18039 0.36078
0.019608 0.18039 0.36078
0.019608 0.18039 0.36078
0.031373 0.19216 0.36863
0.023529 0.18824 0.35294
0.027451 0.19216 0.36078
0.023529 0.18431 0.35686
0.023529 0.18824 0.36078
0.015686 0.18431 0.35294
0.019608 0.18824 0.35686
0.019608 0.18824 0.35686
0.019608 0.18824 0.35686
0.015686 0.18824 0.35686
0.019608 0.18824 0.35294
0.027451 0.19608 0.36078
0.027451 0.19608 0.36078
0.019608 0.18431 0.35294
0.019608 0.18039 0.35294
0.023529 0.18824 0.34902
0.019608 0.18431 0.34118
0.019608 0.18431 0.34118
0.019608 0.18039 0.34902
0.015686 0.17647 0.34902
0.019608 0.18431 0.34902
0.05098 0.20784 0.38431
0.043137 0.2 0.37647
0.039216 0.20784 0.37647
0.039216 0.20784 0.37647
0.043137 0.21176 0.38039
0.035294 0.2 0.37255
0.027451 0.19216 0.36078
0.027451 0.19216 0.36471
0.015686 0.18824 0.35686
0.019608 0.18824 0.35686
0.023529 0.18824 0.35686
0.027451 0.18824 0.36078
0.023529 0.18039 0.35686
0.023529 0.18431 0.36078
0.019608 0.17647 0.35686
0.027451 0.18431 0.36471
0.027451 0.18824 0.36471
0.027451 0.19216 0.36078
0.019608 0.18431 0.34902
0.023529 0.18824 0.35294
0.019608 0.18039 0.35294
0.019608 0.18431 0.35294
0.011765 0.18039 0.3451
0.023529 0.19216 0.35686
0.019608 0.19216 0.35686
0.015686 0.18431 0.35294
0.015686 0.18039 0.35294
0.019608 0.18824 0.35294
0.015686 0.18431 0.34902
0.019608 0.18824 0.35294
0.019608 0.18431 0.34902
0.027451 0.18824 0.35686
0.019608 0.18431 0.34902
0.027451 0.19216 0.35294
0.027451 0.19216 0.35686
0.023529 0.18431 0.35686
0.019608 0.18039 0.35294
0.019608 0.18431 0.34902
0.015686 0.18039 0.34902
0.05098 0.21961 0.39608
0.05098 0.21176 0.38824
0.047059 0.21569 0.38431
0.039216 0.20784 0.37647
0.039216 0.20784 0.37647
0.035294 0.19608 0.36863
0.031373 0.19216 0.36471
0.031373 0.19216 0.36471
0.019608 0.18824 0.35686
0.023529 0.18431 0.35686
0.027451 0.18039 0.35686
0.027451 0.18431 0.35686
0.019608 0.18039 0.35294
0.019608 0.18039 0.35294
0.015686 0.17647 0.34902
0.023529 0.18431 0.35294
0.019608 0.18431 0.34902
0.023529 0.18824 0.35294
0.023529 0.18824 0.35294
0.023529 0.18824 0.35294
0.023529 0.18824 0.35294
0.023529 0.19608 0.36078
0.015686 0.18824 0.35294
0.019608 0.19216 0.35294
0.011765 0.19216 0.35686
0.011765 0.18824 0.35294
0.019608 0.18824 0.35686
0.019608 0.18431 0.35294
0.015686 0.18039 0.3451
0.019608 0.18824 0.35294
0.019608 0.18431 0.34902
0.027451 0.19216 0.35686
0.027451 0.19216 0.35686
0.027451 0.19216 0.36078
0.023529 0.18431 0.35686
0.011765 0.18039 0.34902
0.015686 0.18431 0.35294
0.023529 0.19216 0.35686
0.0078431 0.18039 0.34118
0.047059 0.21569 0.39216
0.047059 0.21569 0.39216
0.039216 0.20784 0.38431
0.035294 0.20784 0.38039
0.039216 0.20392 0.38039
0.027451 0.19216 0.36863
0.027451 0.18824 0.36471
0.027451 0.18824 0.36471
0.027451 0.18824 0.36078
0.023529 0.19216 0.36078
0.019608 0.18824 0.35686
0.015686 0.18039 0.35294
0.015686 0.17647 0.34902
0.019608 0.18039 0.35294
0.019608 0.18039 0.35294
0.019608 0.18039 0.35294
0.023529 0.18431 0.35294
0.027451 0.19216 0.35686
0.023529 0.18824 0.35294
0.023529 0.18824 0.35294
0.023529 0.18824 0.35294
0.023529 0.2 0.36078
0.023529 0.2 0.36078
0.019608 0.19608 0.35686
0.011765 0.19216 0.35294
0.015686 0.19216 0.35294
0.019608 0.18824 0.35294
0.023529 0.18824 0.35294
0.023529 0.18824 0.35294
0.031373 0.19216 0.36078
0.027451 0.19216 0.35686
0.019608 0.18431 0.34902
0.027451 0.19216 0.35686
0.027451 0.18824 0.35686
0.023529 0.18431 0.35686
0.015686 0.18431 0.35294
0.011765 0.18039 0.34902
0.015686 0.18431 0.34902
0.011765 0.18039 0.3451
0.011765 0.18039 0.3451
0.047059 0.22353 0.39608
0.035294 0.20784 0.38431
0.031373 0.2 0.37647
0.031373 0.2 0.37647
0.027451 0.2 0.37647
0.023529 0.18431 0.36863
0.035294 0.19608 0.37647
0.023529 0.18431 0.36471
0.015686 0.17647 0.35294
0.019608 0.18824 0.35686
0.015686 0.18824 0.35686
0.019608 0.18824 0.35686
0.023529 0.18431 0.35686
0.027451 0.18824 0.36078
0.019608 0.18431 0.35294
0.023529 0.18431 0.35686
0.031373 0.19608 0.36078
0.023529 0.18824 0.35294
0.015686 0.18039 0.3451
0.027451 0.19216 0.35686
0.023529 0.18824 0.35294
0.019608 0.18824 0.35294
0.027451 0.19608 0.36078
0.023529 0.18824 0.35686
0.023529 0.18824 0.35294
0.035294 0.19608 0.36078
0.035294 0.19216 0.35686
0.035294 0.19216 0.36078
0.035294 0.19216 0.35686
0.035294 0.19216 0.36078
0.031373 0.19216 0.35686
0.019608 0.18431 0.34902
0.027451 0.19216 0.35294
0.031373 0.19608 0.36078
0.027451 0.18431 0.35686
0.023529 0.18824 0.35686
0.015686 0.18431 0.35294
0.0078431 0.18039 0.3451
0.0078431 0.17647 0.34118
0.011765 0.18039 0.34902
0.039216 0.22353 0.39608
0.039216 0.21569 0.38824
0.039216 0.21176 0.38824
0.027451 0.2 0.37647
0.023529 0.19608 0.37255
0.023529 0.19608 0.37255
0.027451 0.19608 0.38039
0.023529 0.18824 0.36863
0.019608 0.18039 0.35686
0.023529 0.18431 0.35686
0.023529 0.18431 0.35686
0.019608 0.18039 0.35294
0.015686 0.17647 0.34902
0.019608 0.18039 0.35294
0.023529 0.18431 0.36078
0.015686 0.18039 0.34902
0.027451 0.19216 0.35686
0.023529 0.18824 0.35294
0.015686 0.18039 0.3451
0.019608 0.18431 0.34902
0.031373 0.19608 0.36078
0.027451 0.19216 0.35686
0.027451 0.19216 0.35686
0.023529 0.18431 0.35294
0.027451 0.18824 0.36078
0.023529 0.18824 0.35294
0.027451 0.19216 0.35294
0.023529 0.18824 0.3451
0.023529 0.18824 0.34902
0.027451 0.19216 0.36078
0.023529 0.18824 0.35294
0.023529 0.18824 0.35294
0.023529 0.18824 0.35294
0.019608 0.18431 0.34902
0.019608 0.18431 0.34902
0.031373 0.18824 0.35294
0.019608 0.18431 0.34902
0.015686 0.18039 0.3451
0.011765 0.17647 0.3451
0.015686 0.18039 0.35294
0.023529 0.18824 0.35686
0.043137 0.22745 0.40392
0.039216 0.21569 0.39608
0.035294 0.20784 0.38431
0.031373 0.20392 0.38039
0.023529 0.19608 0.37255
0.023529 0.19608 0.37647
0.027451 0.19608 0.38039
0.015686 0.18039 0.36078
0.015686 0.17647 0.35294
0.023529 0.18431 0.35686
0.027451 0.18431 0.35686
0.015686 0.17647 0.34902
0.019608 0.18039 0.35294
0.027451 0.18824 0.36078
0.027451 0.18824 0.36078
0.023529 0.18431 0.35294
0.027451 0.19216 0.35686
0.019608 0.18431 0.34902
0.019608 0.18039 0.34902
0.019608 0.18039 0.34902
0.019608 0.18039 0.34902
0.023529 0.18824 0.35686
0.023529 0.18824 0.35294
0.019608 0.18431 0.35294
0.019608 0.18039 0.35294
0.027451 0.18824 0.36078
0.031373 0.19608 0.36078
0.027451 0.19216 0.35294
0.023529 0.18431 0.35294
0.031373 0.19216 0.36471
0.027451 0.19216 0.36078
0.023529 0.18824 0.35686
0.027451 0.19216 0.36078
0.023529 0.18824 0.35686
0.031373 0.19216 0.36078
0.023529 0.18431 0.35294
0.015686 0.18039 0.34902
0.015686 0.18431 0.35294
0.019608 0.18039 0.35294
0.019608 0.18039 0.35294
0.019608 0.18039 0.35294
0.039216 0.21176 0.39608
0.027451 0.2 0.38431
0.027451 0.2 0.37647
0.031373 0.20392 0.38039
0.035294 0.20784 0.38824
0.015686 0.18824 0.37255
0.019608 0.18431 0.36471
0.027451 0.18824 0.36078
0.023529 0.18431 0.35686
0.019608 0.18039 0.35294
0.015686 0.17647 0.34902
0.027451 0.18824 0.36078
0.031373 0.19216 0.36471
0.023529 0.18431 0.35686
0.019608 0.18039 0.34902
0.023529 0.18824 0.35294
0.027451 0.19216 0.35686
0.023529 0.18824 0.35294
0.015686 0.17647 0.34902
0.019608 0.18039 0.35294
0.023529 0.18431 0.35686
0.027451 0.19216 0.35686
0.019608 0.18039 0.34902
0.023529 0.18431 0.36078
0.027451 0.18824 0.36471
0.027451 0.18824 0.36078
0.023529 0.19216 0.35686
0.019608 0.18431 0.35686
0.019608 0.18039 0.35294
0.023529 0.18431 0.35686
0.019608 0.18039 0.35294
0.019608 0.18039 0.35294
0.027451 0.18824 0.36078
0.031373 0.18431 0.36078
0.035294 0.17647 0.35686
0.035294 0.18039 0.35686
0.027451 0.18039 0.35686
0.031373 0.18431 0.36078
0.031373 0.18039 0.35686
0.019608 0.17255 0.34902
0.047059 0.21961 0.39608
0.039216 0.21176 0.38824
0.035294 0.20784 0.38431
0.035294 0.20784 0.38039
0.023529 0.19608 0.37255
0.019608 0.19216 0.37647
0.019608 0.18824 0.36471
0.019608 0.18824 0.36078
0.019608 0.18824 0.36471
0.019608 0.18431 0.36078
0.019608 0.18431 0.34902
0.027451 0.19216 0.35686
0.031373 0.19216 0.36078
0.023529 0.18431 0.35686
0.015686 0.18039 0.34902
0.015686 0.18431 0.34902
0.015686 0.18431 0.34902
0.019608 0.18431 0.34902
0.015686 0.18431 0.34902
0.019608 0.18431 0.35294
0.015686 0.17647 0.34902
0.019608 0.18039 0.35294
0.023529 0.18431 0.35686
0.023529 0.18431 0.35686
0.019608 0.18824 0.35686
0.015686 0.18431 0.35294
0.023529 0.19216 0.35686
0.023529 0.19216 0.36078
0.023529 0.19216 0.36078
0.019608 0.18431 0.35686
0.015686 0.18039 0.34902
0.023529 0.18431 0.35686
0.027451 0.18824 0.36078
0.019608 0.17647 0.35294
0.031373 0.17647 0.35294
0.035294 0.18431 0.35686
0.035294 0.18431 0.35686
0.031373 0.17647 0.35686
0.019608 0.16863 0.3451
0.027451 0.17647 0.35294
0.05098 0.22745 0.40392
0.035294 0.20784 0.38431
0.031373 0.20392 0.38039
0.031373 0.20392 0.38039
0.023529 0.19608 0.37255
0.019608 0.19216 0.37647
0.023529 0.19608 0.37255
0.019608 0.18824 0.36078
0.019608 0.18824 0.36471
0.027451 0.19608 0.36863
0.019608 0.18431 0.35294
0.027451 0.19608 0.35686
0.023529 0.18824 0.35294
0.015686 0.17647 0.34902
0.019608 0.18431 0.35294
0.015686 0.18431 0.35294
0.015686 0.18431 0.34902
0.019608 0.18824 0.35294
0.015686 0.18431 0.34902
0.015686 0.18039 0.34902
0.019608 0.18039 0.35294
0.019608 0.18039 0.35294
0.019608 0.18039 0.35294
0.023529 0.18431 0.35686
0.027451 0.19216 0.36471
0.023529 0.19216 0.36078
0.019608 0.18824 0.35686
0.019608 0.18824 0.35686
0.023529 0.19216 0.36078
0.015686 0.18431 0.35294
0.019608 0.18431 0.35686
0.023529 0.18824 0.35686
0.023529 0.18824 0.35686
0.019608 0.17647 0.34902
0.027451 0.17647 0.35294
0.035294 0.18431 0.35686
0.035294 0.18824 0.35686
0.019608 0.17647 0.34902
0.019608 0.17647 0.34902
0.023529 0.17647 0.34902
0.05098 0.22353 0.40784
0.039216 0.21176 0.39216
0.039216 0.21176 0.38824
0.031373 0.20392 0.38039
0.023529 0.19608 0.37647
0.023529 0.19608 0.38039
0.023529 0.19216 0.37255
0.019608 0.18824 0.36078
0.011765 0.18431 0.35686
0.023529 0.18824 0.36078
0.019608 0.18431 0.35294
0.023529 0.18824 0.35294
0.023529 0.18824 0.35294
0.023529 0.18431 0.35686
0.019608 0.18431 0.35294
0.015686 0.18824 0.35686
0.011765 0.18039 0.34902
0.015686 0.18431 0.35294
0.015686 0.18431 0.34902
0.019608 0.18431 0.35294
0.019608 0.18039 0.35294
0.023529 0.18431 0.35686
0.019608 0.18039 0.35294
0.019608 0.18039 0.35294
0.015686 0.18431 0.35294
0.023529 0.19216 0.36078
0.015686 0.18431 0.35294
0.019608 0.18824 0.35686
0.019608 0.18824 0.35686
0.015686 0.18431 0.35294
0.019608 0.18431 0.35686
0.023529 0.18431 0.35686
0.019608 0.18039 0.35294
0.019608 0.17647 0.34902
0.031373 0.18039 0.35686
0.031373 0.18039 0.35294
0.031373 0.18431 0.35294
0.015686 0.18039 0.3451
0.019608 0.18431 0.34902
0.039216 0.22353 0.4
0.035294 0.21961 0.39216
0.031373 0.21176 0.38431
0.027451 0.2 0.37647
0.035294 0.2 0.38039
0.035294 0.2 0.37647
0.027451 0.18824 0.36078
0.031373 0.18824 0.36471
0.019608 0.18431 0.35686
0.023529 0.19216 0.35686
0.023529 0.18824 0.35294
0.019608 0.18431 0.34902
0.023529 0.18824 0.35294
0.015686 0.18431 0.35294
0.015686 0.18039 0.35294
0.019608 0.18824 0.35686
0.015686 0.18431 0.34902
0.019608 0.18431 0.34902
0.023529 0.18431 0.35294
0.019608 0.18431 0.34902
0.027451 0.18824 0.36078
0.023529 0.18431 0.35686
0.023529 0.18431 0.35686
0.015686 0.18039 0.35294
0.019608 0.18431 0.35686
0.019608 0.18824 0.35686
0.019608 0.18824 0.35686
0.023529 0.19216 0.36078
0.023529 0.19216 0.35686
0.015686 0.18039 0.34902
0.015686 0.18431 0.34902
0.023529 0.18431 0.36078
0.019608 0.18039 0.35686
0.023529 0.18039 0.35294
0.027451 0.18824 0.36078
0.027451 0.18431 0.35686
0.019608 0.18431 0.34902
0.015686 0.18431 0.34902
0.035294 0.21961 0.39216
0.031373 0.20392 0.38039
0.027451 0.2 0.37647
0.031373 0.2 0.37647
0.031373 0.2 0.37255
0.031373 0.19608 0.36471
0.035294 0.19608 0.36863
0.023529 0.18824 0.35686
0.023529 0.19216 0.36078
0.019608 0.18431 0.35294
0.019608 0.18431 0.3451
0.019608 0.18431 0.34902
0.023529 0.18431 0.35294
0.015686 0.17647 0.34902
0.019608 0.18431 0.35686
0.011765 0.17255 0.3451
0.015686 0.18039 0.34902
0.023529 0.18824 0.35294
0.019608 0.18039 0.34902
0.023529 0.18431 0.35686
0.023529 0.18431 0.35686
0.027451 0.18824 0.36078
0.023529 0.18039 0.35686
0.019608 0.18039 0.35294
0.023529 0.19216 0.36078
0.019608 0.18824 0.35686
0.023529 0.19216 0.35686
0.019608 0.18824 0.35294
0.015686 0.18431 0.34902
0.023529 0.18824 0.35686
0.027451 0.18824 0.36471
0.023529 0.18431 0.36471
0.019608 0.18431 0.35294
0.023529 0.18431 0.35686
0.023529 0.18431 0.35686
0.019608 0.18431 0.35294
0.039216 0.21176 0.38824
0.031373 0.20392 0.38039
0.023529 0.19216 0.36863
0.019608 0.18824 0.36471
0.027451 0.2 0.37255
0.043137 0.21569 0.38039
0.039216 0.20784 0.37647
0.027451 0.19216 0.36078
0.031373 0.18824 0.36471
0.027451 0.18824 0.35686
0.027451 0.19216 0.35686
0.023529 0.18431 0.34902
0.023529 0.18431 0.35686
0.019608 0.17255 0.34902
0.023529 0.18039 0.35294
0.019608 0.17647 0.34902
0.015686 0.17647 0.34902
0.023529 0.18431 0.35686
0.023529 0.18431 0.35686
0.019608 0.18039 0.35294
0.019608 0.18039 0.35294
0.023529 0.18431 0.35686
0.019608 0.18039 0.35294
0.015686 0.18039 0.35294
0.023529 0.19216 0.36078
0.015686 0.18431 0.34902
0.015686 0.18824 0.35294
0.023529 0.19216 0.35686
0.019608 0.18824 0.35294
0.019608 0.18824 0.35686
0.019608 0.18431 0.36078
0.019608 0.18039 0.35686
0.027451 0.18824 0.36078
0.019608 0.18039 0.35294
0.015686 0.17647 0.34902
0.011765 0.18039 0.3451
0.031373 0.21176 0.38824
0.031373 0.20392 0.38039
0.031373 0.20392 0.37255
0.031373 0.20392 0.37647
0.023529 0.19608 0.37255
0.031373 0.20392 0.38431
0.023529 0.19608 0.36863
0.027451 0.19608 0.36863
0.027451 0.18824 0.36471
0.023529 0.18824 0.36078
0.023529 0.18824 0.35686
0.027451 0.19608 0.36078
0.027451 0.19216 0.35686
0.027451 0.18431 0.35294
0.027451 0.18431 0.35686
0.023529 0.18039 0.35686
0.023529 0.18431 0.35686
0.015686 0.17647 0.34902
0.015686 0.17647 0.34902
0.015686 0.17647 0.34902
0.019608 0.18039 0.35294
0.023529 0.18431 0.35686
0.019608 0.18039 0.35294
0.027451 0.18824 0.36078
0.019608 0.18431 0.35686
0.015686 0.18039 0.34902
0.015686 0.18431 0.34902
0.019608 0.18824 0.35294
0.011765 0.18039 0.3451
0.011765 0.18039 0.3451
0.015686 0.18039 0.34902
0.019608 0.18431 0.35294
0.023529 0.18431 0.35686
0.015686 0.17647 0.34902
0.019608 0.18039 0.35294
0.011765 0.18039 0.34902
0.031373 0.21176 0.38824
0.031373 0.20392 0.38039
0.031373 0.20392 0.38039
0.031373 0.20392 0.38431
0.039216 0.21176 0.39608
0.031373 0.2 0.38039
0.031373 0.2 0.37647
0.031373 0.2 0.37647
0.023529 0.19216 0.36863
0.019608 0.18824 0.36471
0.031373 0.2 0.36471
0.019608 0.18824 0.35294
0.019608 0.18431 0.34902
0.015686 0.17647 0.34902
0.019608 0.18039 0.35294
0.015686 0.17647 0.34902
0.015686 0.17647 0.34902
0.019608 0.18039 0.35294
0.019608 0.18039 0.35294
0.023529 0.18431 0.35686
0.027451 0.18824 0.36078
0.019608 0.18039 0.35294
0.019608 0.18039 0.35294
0.023529 0.18431 0.35686
0.023529 0.18431 0.35294
0.019608 0.18431 0.34902
0.027451 0.19216 0.35686
0.023529 0.18824 0.35294
0.019608 0.18824 0.35294
0.023529 0.19216 0.35686
0.019608 0.18824 0.35294
0.019608 0.18039 0.35294
0.015686 0.17647 0.34902
0.019608 0.18431 0.35294
0.019608 0.18824 0.35294
0.035294 0.20784 0.39216
0.031373 0.20392 0.38824
0.039216 0.21176 0.39216
0.039216 0.21176 0.38824
0.039216 0.21176 0.38824
0.039216 0.20784 0.38431
0.031373 0.20392 0.38039
0.031373 0.20392 0.38039
0.019608 0.19608 0.36471
0.023529 0.2 0.36078
0.019608 0.19216 0.35686
0.019608 0.18824 0.35686
0.011765 0.18039 0.3451
0.015686 0.18039 0.34902
0.019608 0.18039 0.35294
0.023529 0.18431 0.35686
0.023529 0.18431 0.35686
0.019608 0.18039 0.35294
0.023529 0.18431 0.35686
0.023529 0.18431 0.35686
0.023529 0.18431 0.35686
0.015686 0.17647 0.34902
0.015686 0.17647 0.34902
0.023529 0.18431 0.35294
0.023529 0.18824 0.35294
0.019608 0.18431 0.34902
0.019608 0.18431 0.34902
0.019608 0.18431 0.34902
0.023529 0.18824 0.35294
0.027451 0.18824 0.35686
0.015686 0.17647 0.34902
0.011765 0.17255 0.3451
0.015686 0.17647 0.34902
0.019608 0.18431 0.35294
0.039216 0.21176 0.4
0.035294 0.20784 0.38824
0.035294 0.21176 0.38431
0.039216 0.21176 0.38824
0.031373 0.20392 0.38039
0.035294 0.20784 0.38039
0.035294 0.20392 0.38039
0.027451 0.2 0.36863
0.023529 0.2 0.36471
0.023529 0.19216 0.36078
0.023529 0.19216 0.36078
0.015686 0.18039 0.3451
0.019608 0.18824 0.34902
0.019608 0.18431 0.35294
0.019608 0.18431 0.35294
0.019608 0.18039 0.34902
0.027451 0.18824 0.35686
0.015686 0.18039 0.34902
0.015686 0.17647 0.34902
0.015686 0.17647 0.34902
0.011765 0.17255 0.3451
0.015686 0.17647 0.34902
0.019608 0.18039 0.34902
0.019608 0.18431 0.34902
0.015686 0.18039 0.3451
0.015686 0.18039 0.3451
0.019608 0.18039 0.34902
0.015686 0.18039 0.3451
0.023529 0.18431 0.35294
0.019608 0.18039 0.35294
0.019608 0.18039 0.35294
0.019608 0.18039 0.35294
0.015686 0.18431 0.35294
0.035294 0.20784 0.38824
0.035294 0.20784 0.38431
0.039216 0.21176 0.38824
0.039216 0.21569 0.38824
0.039216 0.21961 0.38039
0.039216 0.21176 0.37647
0.035294 0.20392 0.37255
0.027451 0.19608 0.36471
0.035294 0.2 0.36863
0.031373 0.19608 0.36471
0.031373 0.19608 0.36078
0.031373 0.19608 0.35686
0.027451 0.19216 0.35686
0.023529 0.18824 0.35294
0.019608 0.18431 0.34902
0.023529 0.18824 0.35294
0.019608 0.18431 0.35294
0.019608 0.18039 0.35294
0.023529 0.18431 0.35686
0.019608 0.18039 0.35294
0.015686 0.17647 0.34902
0.023529 0.18431 0.35294
0.027451 0.19216 0.35686
0.023529 0.18824 0.35294
0.019608 0.18431 0.34902
0.027451 0.18824 0.35686
0.027451 0.18824 0.35686
0.019608 0.18039 0.34902
0.011765 0.17255 0.3451
0.019608 0.17647 0.35294
0.015686 0.18039 0.34902
0.015686 0.18431 0.35294
0.0078431 0.17647 0.3451
0.043137 0.21569 0.39608
0.047059 0.21961 0.39608
0.05098 0.22353 0.4
0.047059 0.22353 0.39608
0.039216 0.21569 0.38039
0.035294 0.20784 0.37255
0.043137 0.21176 0.38039
0.035294 0.20392 0.37255
0.031373 0.19608 0.36863
0.027451 0.18824 0.36078
0.027451 0.19216 0.35686
0.031373 0.19608 0.35686
0.031373 0.19608 0.36078
0.023529 0.18824 0.35294
0.019608 0.18431 0.34902
0.023529 0.19216 0.35294
0.019608 0.18039 0.34902
0.011765 0.17255 0.3451
0.027451 0.18824 0.36078
0.019608 0.18039 0.35294
0.019608 0.18039 0.35294
0.023529 0.18431 0.35686
0.023529 0.18431 0.35294
0.019608 0.18039 0.35294
0.027451 0.19216 0.35686
0.023529 0.18824 0.34902
0.019608 0.18039 0.35294
0.027451 0.18824 0.36471
0.019608 0.18039 0.34902
0.015686 0.17647 0.34902
0.015686 0.18039 0.34902
0.0078431 0.17647 0.3451
0.011765 0.18039 0.34902
0.019608 0.18431 0.35686
0.043137 0.21569 0.4
0.05098 0.22353 0.4
0.043137 0.21569 0.39608
0.043137 0.21961 0.39216
0.039216 0.21961 0.38431
0.047059 0.21961 0.38824
0.039216 0.20784 0.37647
0.035294 0.20392 0.37255
0.027451 0.19608 0.36471
0.031373 0.19216 0.36471
0.035294 0.2 0.36471
0.031373 0.19216 0.35686
0.031373 0.19608 0.36078
0.027451 0.19216 0.35686
0.019608 0.18824 0.35294
0.031373 0.19608 0.36078
0.015686 0.18039 0.34902
0.015686 0.17647 0.34902
0.027451 0.18824 0.36078
0.027451 0.18824 0.36078
0.019608 0.18039 0.35294
0.023529 0.18039 0.35686
0.015686 0.17255 0.3451
0.015686 0.17647 0.34902
0.015686 0.18039 0.3451
0.019608 0.18431 0.3451
0.019608 0.18039 0.35294
0.015686 0.17647 0.35686
0.015686 0.17647 0.34902
0.023529 0.18431 0.35686
0.019608 0.18039 0.35294
0.019608 0.18431 0.35686
0.019608 0.18431 0.35294
0.019608 0.18431 0.35686
0.031373 0.21569 0.4
0.039216 0.22353 0.4
0.031373 0.21961 0.38431
0.035294 0.21961 0.39216
0.035294 0.21176 0.38824
0.039216 0.20784 0.38431
0.031373 0.20392 0.38039
0.031373 0.2 0.37255
0.027451 0.19216 0.36078
0.035294 0.19608 0.36471
0.035294 0.2 0.36471
0.031373 0.2 0.36471
0.035294 0.20392 0.36863
0.019608 0.19216 0.35686
0.011765 0.18039 0.34902
0.019608 0.18039 0.35294
0.019608 0.18039 0.35294
0.023529 0.18431 0.35686
0.023529 0.18431 0.35686
0.027451 0.18431 0.35686
0.023529 0.17647 0.34902
0.027451 0.18039 0.35686
0.015686 0.17647 0.34902
0.035294 0.22353 0.40392
0.035294 0.22353 0.39608
0.027451 0.21961 0.38431
0.031373 0.21961 0.38824
0.031373 0.21176 0.38824
0.035294 0.20784 0.38824
0.039216 0.20784 0.38824
0.039216 0.20784 0.38039
0.031373 0.19608 0.36471
0.031373 0.19608 0.36078
0.027451 0.19216 0.36078
0.019608 0.18824 0.35686
0.027451 0.20392 0.36471
0.019608 0.18431 0.35686
0.019608 0.18039 0.35294
0.015686 0.18039 0.35294
0.027451 0.22353 0.40392
0.023529 0.21961 0.39216
0.023529 0.21961 0.38431
0.027451 0.21961 0.38431
0.031373 0.22353 0.39216
0.039216 0.21961 0.39216
0.035294 0.20784 0.38431
0.035294 0.20392 0.38039
0.035294 0.2 0.37255
0.027451 0.19216 0.35686
0.015686 0.18824 0.35686
0.015686 0.18824 0.35686
0.031373 0.22745 0.4
0.035294 0.22745 0.39216
0.031373 0.22745 0.39608
