0.039216 0.15294 0.23137
0.027451 0.16078 0.24706
0.019608 0.16471 0.23922
0.031373 0.16471 0.22353
0.019608 0.16471 0.23529
0.011765 0.15686 0.23137
0.0078431 0.15686 0.23137
0.011765 0.16078 0.23529
0.015686 0.15686 0.21569
0.011765 0.16078 0.23529
0.011765 0.16078 0.23529
0.011765 0.16078 0.23529
0.011765 0.16078 0.23529
0.011765 0.15686 0.23137
0.011765 0.15686 0.22745
0.011765 0.16078 0.23529
0.011765 0.16078 0.23529
0.019608 0.16471 0.23529
0.015686 0.15686 0.23529
0.011765 0.16078 0.23529
0.011765 0.16078 0.23529
0.027451 0.17255 0.24706
0.019608 0.16078 0.23529
