0.062745 0.34902 0.56078
0.058824 0.34902 0.56863
0.070588 0.35686 0.57255
0.078431 0.35294 0.56471
0.082353 0.3451 0.54902
0.082353 0.36863 0.58431
0.066667 0.34902 0.56863
0.070588 0.34902 0.56471
0.082353 0.35294 0.56078
0.082353 0.34118 0.55294
0.066667 0.34902 0.56863
0.078431 0.35294 0.56863
0.082353 0.34902 0.55686
0.086275 0.3451 0.55686
0.082353 0.33725 0.54902
0.078431 0.35294 0.56863
0.07451 0.34902 0.55294
0.090196 0.35686 0.56078
0.086275 0.3451 0.55686
0.078431 0.33725 0.55294
0.090196 0.37255 0.57647
0.07451 0.35294 0.55686
0.07451 0.34902 0.55294
0.07451 0.34902 0.56078
0.07451 0.3451 0.56078
