0.25098 0.36078 0.50196
0.25882 0.34902 0.4902
0.23922 0.3451 0.49412
0.26275 0.36863 0.5098
0.25882 0.36863 0.51373
0.26275 0.36863 0.51373
0.2549 0.3451 0.48627
0.24314 0.34902 0.49804
0.26275 0.37255 0.51373
0.26275 0.37255 0.5098
0.25098 0.35686 0.49804
0.25882 0.35686 0.50588
0.2549 0.34902 0.48627
0.24706 0.35686 0.50588
0.26667 0.37647 0.51765
0.26275 0.37255 0.50588
0.2549 0.35686 0.49804
0.26667 0.36471 0.51373
0.27059 0.36471 0.50588
0.27843 0.36863 0.50588
0.26275 0.36078 0.49804
0.25098 0.36078 0.5098
0.26667 0.37255 0.51373
0.25882 0.36863 0.50196
0.2549 0.35686 0.49804
0.26667 0.36078 0.5098
0.26275 0.35686 0.49804
0.2549 0.34902 0.4902
