0.19608 0.51373 0.72941
0.19608 0.51373 0.73333
0.18824 0.5098 0.72549
0.2 0.51765 0.74118
0.18824 0.5098 0.72549
0.18039 0.5098 0.71765
0.18431 0.5098 0.72157
0.18431 0.50588 0.71765
0.18039 0.5098 0.72157
0.18431 0.5098 0.72157
0.19608 0.51373 0.72941
0.19608 0.51765 0.72941
0.18824 0.50588 0.71373
0.19216 0.50196 0.71373
0.2 0.52549 0.73333
0.20392 0.52157 0.73333
0.20392 0.52157 0.72941
0.2 0.51765 0.72157
0.2 0.5098 0.71765
0.20784 0.52941 0.73725
0.20392 0.52157 0.72941
0.2 0.51765 0.72549
0.20392 0.5098 0.72157
0.20784 0.5098 0.72157
0.21176 0.52549 0.73725
0.20784 0.51373 0.72549
0.20392 0.51373 0.72157
0.20784 0.51373 0.72157
0.20392 0.52157 0.72941
0.20392 0.51373 0.72549
