0.031373 0.20784 0.38431
0.031373 0.21176 0.38824
0.027451 0.21569 0.38824
0.031373 0.21569 0.38824
0.019608 0.20392 0.37647
0.019608 0.20392 0.37647
0.023529 0.20784 0.38039
0.031373 0.21569 0.38824
0.035294 0.21961 0.39216
0.035294 0.21961 0.39216
0.035294 0.21961 0.39216
0.031373 0.21569 0.38824
0.027451 0.21176 0.38431
0.019608 0.20392 0.37647
0.023529 0.20784 0.38039
0.023529 0.20784 0.38039
0.043137 0.22745 0.4
0.035294 0.21961 0.39216
0.035294 0.21961 0.39608
0.027451 0.21176 0.38431
0.027451 0.21176 0.38431
0.027451 0.21176 0.38431
0.027451 0.21176 0.38431
0.043137 0.22353 0.4
0.047059 0.23529 0.40784
0.039216 0.22353 0.40392
0.031373 0.22353 0.39216
0.035294 0.22353 0.39608
0.031373 0.21961 0.39216
0.039216 0.22353 0.4
