0.16078 0.25882 0.39608
0.15294 0.25098 0.38824
0.16078 0.25882 0.4
0.15686 0.25882 0.40392
0.1451 0.24314 0.38039
0.15686 0.25882 0.39608
0.13725 0.23922 0.37647
0.14118 0.25098 0.38431
0.12941 0.24706 0.38431
0.15294 0.24706 0.38431
0.14902 0.24706 0.38431
0.15294 0.25882 0.40392
0.13333 0.24706 0.38039
0.13333 0.2549 0.39216
0.15686 0.2549 0.39608
0.14118 0.24706 0.38431
0.1451 0.25098 0.39216
0.1451 0.25882 0.40784
0.11373 0.23922 0.38431
0.094118 0.23137 0.38039
0.1451 0.24706 0.38039
0.13725 0.25098 0.38824
0.12941 0.24314 0.38824
0.11373 0.23529 0.38431
