0.99608 0.92941 0.83137
0.99216 0.92549 0.82353
0.98039 0.91373 0.81569
0.99216 0.93333 0.82745
0.99608 0.93333 0.82745
0.98039 0.91373 0.81176
0.97647 0.91373 0.81569
0.98039 0.91765 0.81569
0.98431 0.92549 0.81961
0.98824 0.92941 0.82745
0.99608 0.93333 0.83529
0.99216 0.92941 0.83137
0.98431 0.92157 0.81961
0.98431 0.92157 0.81961
0.98824 0.92549 0.82745
0.98039 0.91765 0.81961
0.98431 0.92157 0.82353
0.99216 0.92941 0.82745
0.98824 0.92549 0.82353
0.98824 0.92549 0.82745
0.98039 0.92157 0.82353
0.97647 0.91373 0.81569
0.98431 0.92157 0.81961
0.98824 0.92157 0.81961
0.97647 0.92549 0.82353
0.97647 0.92157 0.81961
0.98824 0.92549 0.82745
0.98824 0.92549 0.82353
0.98824 0.92549 0.82353
0.98431 0.92549 0.82353
0.98431 0.92549 0.82353
0.98039 0.91765 0.81961
0.98039 0.91765 0.81569
0.98824 0.92549 0.82353
0.98824 0.92157 0.81961
0.98431 0.91765 0.81961
0.98039 0.91765 0.81176
0.98824 0.92157 0.81961
0.99216 0.92941 0.82745
