0.52941 0.65882 0.82745
0.53333 0.66275 0.82745
0.53333 0.65882 0.82353
0.53725 0.65882 0.81961
0.53333 0.65882 0.82353
0.52941 0.65882 0.81961
0.53333 0.65882 0.81961
0.53333 0.65882 0.81961
0.53333 0.65882 0.81569
0.53725 0.66275 0.82353
0.53333 0.65882 0.81569
0.52941 0.65882 0.81961
0.52941 0.65882 0.81961
0.52941 0.6549 0.81569
0.53333 0.65882 0.81961
0.53333 0.66275 0.81961
0.52549 0.6549 0.81569
0.52157 0.65098 0.81176
0.52157 0.65098 0.81176
0.52549 0.6549 0.81569
0.52941 0.66275 0.81961
