0.062745 0.30196 0.50196
0.054902 0.29804 0.49804
0.058824 0.30588 0.50588
0.05098 0.2902 0.4902
0.054902 0.2902 0.48627
0.05098 0.2902 0.47843
0.047059 0.2902 0.47451
0.043137 0.28627 0.47059
0.070588 0.3098 0.52157
0.058824 0.29804 0.50588
0.047059 0.28627 0.49412
0.047059 0.28627 0.48235
0.05098 0.2902 0.47843
0.043137 0.27451 0.45882
0.05098 0.27843 0.45882
0.066667 0.32157 0.52549
0.062745 0.31765 0.52157
0.05098 0.30196 0.5098
0.047059 0.28627 0.48235
0.066667 0.29412 0.48627
0.062745 0.28627 0.47059
0.054902 0.27451 0.45882
0.054902 0.27451 0.45882
0.054902 0.27451 0.45882
0.062745 0.32157 0.52549
0.070588 0.33333 0.53725
0.05098 0.3098 0.51373
0.054902 0.30196 0.49412
0.058824 0.29804 0.48627
0.058824 0.29412 0.47451
0.05098 0.27843 0.45882
0.047059 0.27451 0.4549
0.05098 0.27843 0.45882
0.043137 0.26667 0.45098
0.047059 0.26667 0.45098
0.05098 0.27059 0.4549
0.047059 0.26667 0.45098
0.035294 0.26275 0.44314
0.070588 0.32157 0.52941
0.070588 0.32549 0.52549
0.058824 0.31373 0.5098
0.043137 0.30196 0.4902
0.043137 0.29412 0.47843
0.043137 0.28627 0.47059
0.047059 0.28235 0.46275
0.054902 0.28235 0.46275
0.058824 0.28627 0.46667
0.054902 0.27843 0.45882
0.054902 0.27451 0.45882
0.05098 0.27059 0.4549
0.05098 0.27059 0.4549
0.039216 0.26275 0.44706
0.05098 0.26667 0.45098
0.047059 0.2549 0.44314
0.05098 0.25882 0.44314
0.070588 0.32941 0.53333
0.066667 0.32549 0.52549
0.062745 0.32157 0.51765
0.043137 0.30196 0.49804
0.039216 0.2902 0.48235
0.047059 0.29412 0.47843
0.043137 0.28627 0.47059
0.058824 0.29412 0.47843
0.070588 0.29412 0.47843
0.070588 0.2902 0.47059
0.062745 0.28235 0.46667
0.054902 0.27451 0.45882
0.043137 0.26667 0.44706
0.039216 0.26275 0.44706
0.043137 0.25882 0.44314
0.047059 0.25882 0.44314
0.047059 0.25882 0.44314
0.039216 0.24706 0.43529
0.07451 0.32941 0.54118
0.070588 0.32549 0.53333
0.054902 0.31373 0.51373
0.05098 0.3098 0.5098
0.054902 0.30588 0.50196
0.043137 0.2902 0.48235
0.039216 0.28235 0.47451
0.047059 0.28627 0.47843
0.054902 0.28627 0.47059
0.058824 0.28235 0.46667
0.054902 0.27451 0.45882
0.054902 0.27451 0.45882
0.05098 0.27059 0.4549
0.043137 0.26667 0.45098
0.039216 0.2549 0.43922
0.047059 0.25882 0.44314
0.035294 0.25098 0.43529
0.031373 0.24314 0.42745
0.039216 0.23922 0.42353
0.039216 0.23922 0.42353
0.039216 0.23922 0.41569
0.039216 0.23922 0.41961
0.039216 0.23922 0.42353
0.039216 0.23922 0.42353
0.031373 0.23922 0.41961
0.035294 0.24314 0.42353
0.07451 0.32941 0.54118
0.070588 0.32549 0.52941
0.058824 0.31373 0.51765
0.05098 0.30196 0.50196
0.047059 0.2902 0.48627
0.043137 0.28627 0.48235
0.047059 0.28627 0.48235
0.05098 0.28235 0.47451
0.054902 0.28235 0.47059
0.058824 0.28235 0.47059
0.05098 0.27059 0.45882
0.047059 0.27059 0.45882
0.054902 0.27843 0.46275
0.047059 0.26667 0.45098
0.039216 0.2549 0.43922
0.043137 0.25882 0.44706
0.039216 0.2549 0.43922
0.043137 0.25098 0.43529
0.039216 0.24314 0.42353
0.039216 0.23922 0.41961
0.035294 0.23529 0.41176
0.043137 0.24314 0.41961
0.05098 0.24706 0.42745
0.043137 0.23922 0.41961
0.039216 0.23529 0.41961
0.031373 0.23137 0.41569
0.027451 0.23922 0.41961
0.031373 0.24706 0.42745
0.035294 0.23922 0.42353
0.035294 0.23922 0.42353
0.035294 0.24314 0.42353
0.035294 0.24314 0.42353
0.043137 0.24314 0.41961
0.054902 0.23922 0.41569
0.07451 0.33333 0.5451
0.078431 0.33333 0.54118
0.062745 0.32157 0.52549
0.05098 0.30588 0.50588
0.05098 0.30196 0.49412
0.047059 0.28627 0.48235
0.05098 0.28235 0.47843
0.058824 0.28627 0.47451
0.047059 0.27451 0.47059
0.043137 0.27451 0.47059
0.054902 0.27843 0.47843
0.054902 0.27451 0.47059
0.054902 0.27451 0.45882
0.054902 0.27451 0.45882
0.039216 0.25882 0.44314
0.043137 0.26275 0.44314
0.043137 0.2549 0.43529
0.043137 0.24706 0.42745
0.043137 0.25098 0.42353
0.043137 0.25098 0.42353
0.043137 0.25098 0.42353
0.05098 0.24706 0.41961
0.062745 0.25098 0.41961
0.054902 0.24706 0.41176
0.047059 0.24314 0.41569
0.035294 0.23529 0.41569
0.035294 0.23922 0.42353
0.035294 0.23922 0.42353
0.035294 0.23529 0.41961
0.039216 0.24314 0.42353
0.043137 0.24314 0.41961
0.047059 0.24706 0.42353
0.039216 0.23922 0.41569
0.031373 0.23137 0.40784
0.070588 0.33333 0.54118
0.070588 0.32941 0.53333
0.066667 0.32549 0.52941
0.054902 0.3098 0.5098
0.054902 0.30588 0.49804
0.043137 0.28627 0.47843
0.043137 0.28235 0.47451
0.054902 0.2902 0.47843
0.054902 0.28627 0.47843
0.054902 0.28235 0.48235
0.058824 0.28235 0.48235
0.062745 0.28235 0.47843
0.062745 0.28235 0.47059
0.054902 0.27451 0.46275
0.047059 0.26667 0.4549
0.043137 0.26275 0.44314
0.039216 0.2549 0.42745
0.054902 0.26275 0.43137
0.05098 0.25882 0.43529
0.039216 0.24314 0.42353
0.039216 0.24706 0.42745
0.047059 0.23922 0.41961
0.047059 0.23529 0.41176
0.05098 0.23922 0.41569
0.05098 0.23922 0.41569
0.05098 0.24314 0.41961
0.039216 0.23922 0.41961
0.039216 0.24314 0.42745
0.043137 0.24314 0.42745
0.043137 0.24314 0.41961
0.047059 0.24314 0.42353
0.054902 0.24314 0.42353
0.054902 0.25098 0.42745
0.031373 0.23922 0.41569
0.035294 0.23922 0.41569
0.058824 0.32157 0.52549
0.05098 0.3098 0.51765
0.062745 0.32157 0.52157
0.058824 0.3098 0.50196
0.047059 0.29412 0.48627
0.05098 0.29412 0.48627
0.054902 0.29412 0.48235
0.058824 0.29804 0.48627
0.047059 0.27843 0.47451
0.05098 0.27451 0.47451
0.054902 0.27451 0.47059
0.058824 0.27843 0.47059
0.05098 0.27059 0.46275
0.054902 0.27451 0.46667
0.054902 0.27059 0.4549
0.054902 0.26667 0.45098
0.047059 0.2549 0.43529
0.047059 0.25098 0.43529
0.043137 0.24706 0.43137
0.047059 0.25098 0.43529
0.043137 0.24314 0.42353
0.043137 0.23529 0.41569
0.047059 0.23529 0.41961
0.05098 0.23922 0.41569
0.054902 0.24314 0.41961
0.043137 0.23529 0.41569
0.039216 0.23922 0.41961
0.035294 0.23922 0.42353
0.035294 0.23922 0.41569
0.047059 0.25098 0.42745
0.039216 0.24706 0.41961
0.039216 0.23922 0.41569
0.039216 0.23529 0.41176
0.043137 0.24314 0.41569
0.070588 0.33333 0.54118
0.066667 0.32549 0.53333
0.066667 0.32157 0.52941
0.054902 0.31765 0.51373
0.05098 0.30196 0.50196
0.058824 0.30196 0.50196
0.054902 0.29804 0.4902
0.058824 0.29804 0.48235
0.054902 0.2902 0.47451
0.054902 0.28235 0.47059
0.054902 0.27843 0.46667
0.05098 0.27059 0.46275
0.054902 0.27451 0.46667
0.05098 0.27059 0.46275
0.058824 0.27451 0.45882
0.054902 0.27059 0.4549
0.039216 0.2549 0.43922
0.05098 0.2549 0.43922
0.043137 0.25098 0.43529
0.035294 0.25098 0.43137
0.043137 0.2549 0.43529
0.043137 0.24706 0.42745
0.039216 0.23922 0.41569
0.047059 0.23922 0.41961
0.05098 0.23922 0.41961
0.043137 0.24706 0.41961
0.047059 0.25098 0.42353
0.039216 0.24314 0.41569
0.043137 0.24706 0.42353
0.043137 0.24706 0.41961
0.043137 0.24706 0.41961
0.039216 0.24314 0.41569
0.043137 0.24706 0.41961
0.039216 0.24314 0.41569
0.05098 0.24706 0.41961
0.078431 0.34118 0.5451
0.07451 0.32941 0.54118
0.058824 0.31373 0.52157
0.05098 0.31373 0.5098
0.047059 0.30588 0.50196
0.05098 0.30588 0.49804
0.047059 0.29412 0.48235
0.054902 0.29804 0.48235
0.047059 0.28627 0.47059
0.058824 0.29412 0.47843
0.062745 0.28627 0.47843
0.062745 0.27059 0.46667
0.058824 0.27843 0.47059
0.05098 0.27843 0.46667
0.047059 0.26667 0.45098
0.047059 0.26667 0.45098
0.043137 0.26275 0.44706
0.035294 0.2549 0.43529
0.047059 0.26275 0.44314
0.047059 0.26667 0.44314
0.043137 0.25098 0.43137
0.043137 0.24314 0.42745
0.047059 0.24706 0.42353
0.054902 0.25098 0.43137
0.058824 0.25098 0.43137
0.054902 0.25098 0.43137
0.054902 0.25098 0.42745
0.05098 0.25098 0.42745
0.054902 0.2549 0.43137
0.05098 0.25098 0.43137
0.05098 0.25098 0.43137
0.039216 0.23922 0.41961
0.047059 0.24706 0.42745
0.05098 0.23922 0.42353
0.062745 0.25098 0.42745
0.062745 0.25098 0.41961
0.078431 0.33725 0.5451
0.070588 0.32941 0.53725
0.062745 0.32157 0.52157
0.05098 0.31373 0.5098
0.047059 0.30588 0.50196
0.062745 0.31373 0.49804
0.054902 0.30588 0.48627
0.05098 0.29412 0.47843
0.05098 0.29412 0.47843
0.070588 0.29804 0.48627
0.07451 0.28235 0.47451
0.054902 0.27451 0.46667
0.047059 0.28235 0.46667
0.047059 0.27451 0.4549
0.047059 0.27451 0.4549
0.039216 0.26275 0.44706
0.031373 0.26275 0.43529
0.039216 0.26667 0.44314
0.047059 0.26667 0.44314
0.039216 0.24706 0.43137
0.043137 0.24314 0.42745
0.043137 0.24314 0.41961
0.047059 0.25098 0.42353
0.054902 0.2549 0.43137
0.066667 0.2549 0.43529
0.066667 0.25098 0.43529
0.058824 0.25098 0.43137
0.058824 0.25098 0.43137
0.058824 0.25098 0.43137
0.054902 0.24706 0.43137
0.05098 0.24314 0.43137
0.05098 0.24314 0.43137
0.054902 0.23922 0.43137
0.054902 0.25098 0.43137
0.047059 0.25098 0.42353
0.047059 0.25098 0.41569
0.07451 0.34118 0.54902
0.07451 0.33725 0.54118
0.066667 0.32157 0.52549
0.058824 0.31373 0.51373
0.058824 0.31373 0.50196
0.07451 0.32157 0.50588
0.066667 0.3098 0.49804
0.047059 0.2902 0.47451
0.047059 0.2902 0.47843
0.05098 0.2902 0.47843
0.058824 0.2902 0.47843
0.054902 0.2902 0.47451
0.047059 0.28627 0.47059
0.05098 0.28235 0.46275
0.05098 0.27451 0.4549
0.039216 0.26275 0.44706
0.039216 0.26667 0.44706
0.039216 0.26275 0.44314
0.054902 0.26667 0.44314
0.047059 0.2549 0.43137
0.047059 0.2549 0.43137
0.058824 0.26275 0.43529
0.05098 0.25098 0.42353
0.047059 0.24314 0.41569
0.054902 0.25098 0.43137
0.066667 0.25882 0.44314
0.062745 0.2549 0.44314
0.054902 0.24314 0.43137
0.066667 0.25098 0.43922
0.054902 0.24314 0.43137
0.05098 0.23922 0.42745
0.058824 0.24706 0.43529
0.058824 0.24706 0.42745
0.054902 0.24706 0.42745
0.054902 0.2549 0.43137
0.05098 0.25098 0.42745
0.047059 0.24706 0.42353
0.082353 0.3451 0.55294
0.07451 0.33333 0.53333
0.066667 0.32157 0.51373
0.066667 0.31373 0.49804
0.082353 0.32549 0.50588
0.070588 0.31373 0.49804
0.054902 0.29804 0.48235
0.058824 0.30196 0.4902
0.05098 0.29412 0.48235
0.05098 0.2902 0.47451
0.047059 0.28627 0.47059
0.047059 0.28627 0.46667
0.043137 0.27843 0.45882
0.05098 0.27843 0.45882
0.047059 0.26667 0.45098
0.043137 0.26275 0.44706
0.05098 0.26667 0.44706
0.054902 0.26667 0.44314
0.054902 0.25882 0.43529
0.054902 0.25882 0.43137
0.058824 0.25098 0.42745
0.054902 0.25098 0.42353
0.047059 0.25098 0.42353
0.054902 0.25882 0.43529
0.054902 0.25882 0.44314
0.039216 0.24314 0.42745
0.047059 0.24706 0.43137
0.062745 0.2549 0.44314
0.058824 0.25098 0.43529
0.054902 0.24314 0.43137
0.058824 0.24706 0.43137
0.05098 0.23922 0.41961
0.05098 0.24314 0.42353
0.054902 0.2549 0.43137
0.05098 0.25098 0.42745
0.05098 0.25098 0.43137
0.047059 0.24706 0.43137
0.086275 0.3451 0.5451
0.086275 0.33333 0.53333
0.082353 0.32549 0.51373
0.086275 0.32157 0.50588
0.078431 0.31765 0.50588
0.062745 0.30588 0.4902
0.058824 0.30196 0.49412
0.058824 0.30196 0.4902
0.054902 0.29412 0.47843
0.047059 0.28627 0.47059
0.043137 0.28627 0.46667
0.05098 0.28627 0.46275
0.054902 0.28235 0.46275
0.062745 0.28235 0.46667
0.058824 0.27451 0.45882
0.066667 0.27451 0.4549
0.054902 0.26275 0.43922
0.054902 0.26275 0.43529
0.054902 0.25882 0.43529
0.05098 0.25098 0.42745
0.058824 0.2549 0.42745
0.058824 0.25098 0.42745
0.058824 0.25098 0.43529
0.05098 0.24706 0.43529
0.054902 0.2549 0.43922
0.066667 0.25882 0.44314
0.066667 0.2549 0.44314
0.058824 0.24706 0.42745
0.054902 0.24314 0.42353
0.058824 0.24706 0.42745
0.062745 0.25098 0.43137
0.058824 0.25098 0.42745
0.054902 0.2549 0.43137
0.058824 0.25882 0.43529
0.054902 0.2549 0.43137
0.05098 0.25098 0.43137
0.094118 0.34902 0.55686
0.098039 0.3451 0.53333
0.12157 0.34118 0.50588
0.12157 0.33333 0.5098
0.086275 0.32157 0.5098
0.066667 0.31765 0.50588
0.070588 0.31373 0.50588
0.070588 0.31373 0.50196
0.070588 0.30588 0.4902
0.054902 0.29412 0.47843
0.054902 0.29412 0.47843
0.05098 0.28627 0.46667
0.05098 0.27843 0.46275
0.062745 0.28235 0.47059
0.066667 0.27843 0.46275
0.054902 0.26275 0.44314
0.054902 0.25882 0.43137
0.054902 0.25882 0.43529
0.05098 0.25882 0.43922
0.043137 0.24706 0.42745
0.047059 0.2549 0.43137
0.054902 0.26275 0.43137
0.043137 0.2549 0.42745
0.043137 0.25098 0.42745
0.054902 0.2549 0.43529
0.054902 0.24706 0.43137
0.058824 0.24706 0.42745
0.054902 0.24314 0.42353
0.047059 0.23529 0.41569
0.05098 0.24706 0.42353
0.047059 0.2549 0.42745
0.043137 0.25098 0.42353
0.047059 0.2549 0.42745
0.054902 0.26275 0.43529
0.05098 0.25882 0.43137
0.05098 0.2549 0.43529
0.094118 0.35294 0.55294
0.11373 0.34118 0.52549
0.14118 0.34902 0.52549
0.098039 0.32941 0.51765
0.066667 0.32157 0.5098
0.070588 0.31765 0.5098
0.070588 0.31373 0.50588
0.07451 0.31373 0.49804
0.066667 0.30588 0.4902
0.058824 0.29804 0.48235
0.05098 0.28627 0.47059
0.047059 0.27451 0.46275
0.05098 0.27059 0.46275
0.062745 0.27843 0.46275
0.058824 0.27059 0.44706
0.062745 0.27059 0.44314
0.054902 0.25882 0.43922
0.062745 0.26667 0.45098
0.062745 0.26667 0.45098
0.05098 0.2549 0.43529
0.05098 0.25882 0.42745
0.054902 0.26275 0.43529
0.043137 0.25098 0.42353
0.058824 0.26667 0.43529
0.054902 0.2549 0.43137
0.054902 0.24706 0.42353
0.058824 0.24706 0.42745
0.054902 0.24706 0.42745
0.05098 0.2549 0.43137
0.043137 0.2549 0.42745
0.043137 0.2549 0.42745
0.047059 0.2549 0.42745
0.05098 0.26275 0.43137
0.054902 0.26275 0.43529
0.054902 0.25882 0.44314
0.094118 0.35294 0.55686
0.07451 0.33333 0.53333
0.086275 0.32941 0.52549
0.082353 0.32941 0.51765
0.078431 0.32941 0.51765
0.070588 0.31765 0.5098
0.078431 0.32157 0.5098
0.082353 0.32157 0.50588
0.07451 0.31373 0.49804
0.062745 0.30196 0.48627
0.058824 0.29412 0.48235
0.058824 0.28627 0.47451
0.058824 0.27843 0.47059
0.062745 0.28235 0.46667
0.054902 0.27059 0.4549
0.062745 0.27451 0.4549
0.058824 0.26275 0.44706
0.054902 0.25882 0.44314
0.058824 0.25882 0.44706
0.05098 0.26275 0.43922
0.05098 0.26275 0.43529
0.047059 0.25882 0.43137
0.047059 0.25882 0.43137
0.058824 0.26667 0.43922
0.054902 0.25882 0.43529
0.05098 0.25098 0.42745
0.054902 0.2549 0.43137
0.05098 0.2549 0.42745
0.047059 0.2549 0.42745
0.05098 0.26275 0.43529
0.05098 0.25882 0.43137
0.047059 0.25882 0.42745
0.05098 0.25882 0.42745
0.054902 0.26275 0.43529
0.054902 0.25882 0.44314
0.10588 0.36078 0.56863
0.086275 0.34902 0.55294
0.07451 0.34118 0.54118
0.078431 0.33333 0.52941
0.078431 0.32941 0.52157
0.078431 0.32549 0.51765
0.090196 0.32941 0.51765
0.10196 0.33333 0.52157
0.082353 0.32157 0.50196
0.07451 0.31373 0.49412
0.062745 0.29412 0.48235
0.058824 0.2902 0.46667
0.05098 0.27451 0.46275
0.058824 0.28235 0.47059
0.062745 0.28235 0.46667
0.062745 0.27451 0.4549
0.066667 0.27451 0.4549
0.054902 0.25882 0.43529
0.062745 0.27059 0.44314
0.054902 0.26275 0.43137
0.058824 0.26667 0.43922
0.054902 0.26275 0.43529
0.05098 0.25882 0.43137
0.062745 0.27059 0.44314
0.058824 0.26667 0.43922
0.05098 0.2549 0.42745
0.05098 0.2549 0.43137
0.05098 0.25882 0.43137
0.047059 0.2549 0.42745
0.047059 0.26275 0.43137
0.047059 0.25882 0.43529
0.054902 0.25882 0.43922
0.054902 0.25882 0.43922
0.05098 0.25882 0.43922
0.082353 0.3451 0.55294
0.082353 0.34118 0.54118
0.07451 0.32549 0.52549
0.07451 0.31765 0.51765
0.090196 0.33333 0.52941
0.090196 0.32941 0.51373
0.090196 0.32941 0.52157
0.078431 0.32549 0.50196
0.082353 0.31765 0.50196
0.078431 0.30588 0.4902
0.070588 0.30196 0.47451
0.058824 0.28627 0.47059
0.062745 0.28627 0.47059
0.066667 0.28627 0.46667
0.066667 0.27843 0.4549
0.066667 0.27843 0.4549
0.062745 0.26667 0.43922
0.082353 0.26667 0.43529
0.094118 0.27059 0.44706
0.078431 0.26667 0.44706
0.066667 0.27451 0.44706
0.054902 0.27059 0.44314
0.058824 0.27451 0.44314
0.058824 0.27059 0.44314
0.043137 0.2549 0.42745
0.047059 0.26275 0.43529
0.058824 0.27059 0.44314
0.05098 0.26275 0.43529
0.043137 0.25882 0.41961
0.05098 0.26275 0.44314
0.054902 0.25882 0.44314
0.078431 0.34902 0.55686
0.086275 0.35294 0.55686
0.082353 0.33725 0.53725
0.090196 0.33725 0.53725
0.094118 0.33725 0.52941
0.086275 0.32941 0.51765
0.090196 0.33725 0.52941
0.094118 0.33333 0.50588
0.12157 0.33333 0.5098
0.098039 0.31765 0.50196
0.082353 0.30196 0.4902
0.070588 0.29412 0.47451
0.07451 0.29804 0.47451
0.078431 0.29804 0.47451
0.07451 0.28627 0.45882
0.082353 0.28627 0.4549
0.07451 0.28627 0.45098
0.05098 0.28235 0.44706
0.054902 0.27451 0.44706
0.062745 0.26667 0.44706
0.054902 0.26667 0.44706
0.054902 0.27843 0.4549
0.054902 0.28235 0.4549
0.047059 0.27451 0.45098
0.039216 0.26667 0.43922
0.05098 0.26667 0.43922
0.062745 0.27059 0.44314
0.062745 0.26667 0.43922
0.058824 0.26275 0.43137
0.047059 0.25882 0.43922
0.090196 0.36471 0.57255
0.090196 0.35686 0.56471
0.090196 0.34902 0.55294
0.10196 0.34902 0.54902
0.086275 0.32941 0.52549
0.086275 0.32941 0.52549
0.090196 0.33333 0.53333
0.11373 0.3451 0.50196
0.1451 0.35686 0.50196
0.11373 0.33333 0.5098
0.082353 0.30196 0.49804
0.082353 0.30196 0.48627
0.086275 0.3098 0.48627
0.078431 0.29804 0.47451
0.086275 0.29804 0.46667
0.086275 0.29412 0.4549
0.082353 0.29412 0.4549
0.066667 0.27843 0.45098
0.047059 0.27451 0.44706
0.043137 0.28235 0.45098
0.047059 0.27843 0.45098
0.066667 0.28235 0.46275
0.054902 0.27059 0.45098
0.058824 0.27451 0.45098
0.058824 0.27451 0.44706
0.058824 0.26667 0.44314
0.070588 0.26667 0.44314
0.07451 0.26275 0.44314
0.062745 0.26275 0.43922
0.10196 0.36863 0.57647
0.10196 0.36471 0.56863
0.098039 0.35686 0.56078
0.094118 0.34902 0.54902
0.094118 0.3451 0.5451
0.090196 0.33725 0.53333
0.1098 0.34118 0.5098
0.13333 0.34902 0.49804
0.12157 0.33333 0.50588
0.078431 0.3098 0.49412
0.082353 0.3098 0.4902
0.082353 0.31373 0.48627
0.082353 0.30588 0.47843
0.086275 0.30588 0.47451
0.098039 0.30196 0.47059
0.10196 0.30196 0.45882
0.078431 0.2902 0.45098
0.070588 0.28627 0.4549
0.066667 0.27843 0.45098
0.070588 0.28235 0.46275
0.066667 0.27843 0.46275
0.066667 0.27843 0.45882
0.062745 0.27451 0.44706
0.066667 0.27843 0.45098
0.054902 0.26275 0.44706
0.066667 0.27451 0.4549
0.062745 0.27059 0.44706
0.062745 0.27843 0.45882
0.090196 0.36863 0.56863
0.078431 0.36078 0.55686
0.090196 0.36078 0.55686
0.090196 0.35686 0.54902
0.098039 0.34902 0.54118
0.11765 0.34118 0.52941
0.12157 0.32941 0.5098
0.12549 0.32941 0.5098
0.10588 0.32549 0.50196
0.082353 0.32157 0.49804
0.07451 0.31373 0.48627
0.082353 0.31373 0.48235
0.078431 0.30588 0.47451
0.10588 0.3098 0.47451
0.11373 0.30196 0.45882
0.098039 0.29412 0.44314
0.086275 0.29412 0.4549
0.070588 0.28627 0.45098
0.07451 0.29804 0.46667
0.062745 0.2902 0.46667
0.062745 0.27843 0.46275
0.066667 0.28627 0.46275
0.062745 0.28235 0.4549
0.066667 0.27843 0.45882
0.062745 0.27451 0.45882
0.054902 0.26667 0.45098
0.10196 0.38039 0.58039
0.098039 0.37647 0.57255
0.098039 0.36863 0.56471
0.098039 0.36078 0.55294
0.10196 0.35294 0.54118
0.098039 0.34118 0.53333
0.094118 0.33725 0.52157
0.10588 0.33333 0.5098
0.1098 0.32941 0.50196
0.090196 0.31765 0.50196
0.098039 0.32157 0.50196
0.094118 0.31373 0.48627
0.10588 0.31765 0.48627
0.12157 0.32157 0.48235
0.12941 0.3098 0.4549
0.11373 0.29412 0.43922
0.10196 0.29412 0.44706
0.090196 0.28627 0.45098
0.078431 0.2902 0.4549
0.070588 0.2902 0.46667
0.058824 0.27843 0.46275
0.062745 0.28235 0.46667
0.066667 0.2902 0.47059
0.066667 0.28235 0.46667
0.054902 0.27059 0.45882
0.058824 0.27451 0.46275
0.10588 0.38039 0.58431
0.10196 0.36863 0.57647
0.1098 0.36863 0.57647
0.10588 0.36078 0.56078
0.094118 0.3451 0.54118
0.094118 0.34118 0.53333
0.090196 0.33333 0.52157
0.090196 0.32941 0.5098
0.082353 0.31765 0.49412
0.10196 0.31765 0.50196
0.10588 0.31765 0.4902
0.11373 0.31765 0.48627
0.11373 0.32157 0.47843
0.13333 0.31373 0.4549
0.12549 0.29412 0.43529
0.1098 0.29412 0.44314
0.098039 0.29412 0.44706
0.094118 0.29412 0.45882
0.086275 0.2902 0.46275
0.07451 0.2902 0.46275
0.058824 0.27843 0.45882
0.066667 0.28627 0.47843
0.07451 0.28235 0.47843
0.070588 0.28235 0.46275
0.070588 0.28627 0.45882
0.10196 0.38039 0.58431
0.10196 0.37647 0.58039
0.098039 0.36863 0.57255
0.1098 0.37647 0.58039
0.094118 0.34902 0.54902
0.094118 0.34118 0.53725
0.090196 0.34118 0.52941
0.086275 0.33333 0.52157
0.082353 0.32157 0.50196
0.078431 0.3098 0.4902
0.086275 0.31373 0.4902
0.10196 0.31765 0.49412
0.098039 0.32157 0.4902
0.11373 0.31373 0.46667
0.1098 0.30196 0.45098
0.086275 0.29412 0.4549
0.086275 0.29804 0.4549
0.090196 0.30196 0.46275
0.078431 0.28627 0.44706
0.082353 0.2902 0.46275
0.070588 0.28627 0.46275
0.070588 0.2902 0.47059
0.07451 0.28627 0.47059
0.078431 0.2902 0.47059
0.086275 0.29804 0.47451
0.10588 0.38431 0.58824
0.098039 0.37647 0.58039
0.098039 0.37255 0.57647
0.10196 0.36078 0.56471
0.10196 0.3451 0.54902
0.094118 0.34118 0.54118
0.090196 0.33725 0.52941
0.078431 0.32157 0.5098
0.078431 0.32549 0.5098
0.070588 0.31765 0.49804
0.078431 0.31765 0.50196
0.082353 0.31765 0.49804
0.1098 0.31765 0.48235
0.1098 0.3098 0.47451
0.094118 0.30588 0.48627
0.090196 0.30196 0.47451
0.090196 0.29804 0.45882
0.086275 0.2902 0.44706
0.082353 0.28627 0.45882
0.082353 0.2902 0.46275
0.082353 0.29804 0.46667
0.07451 0.28627 0.46667
0.078431 0.2902 0.47059
0.078431 0.2902 0.47451
0.1098 0.39608 0.58824
0.10196 0.38431 0.58431
0.1098 0.38039 0.58431
0.11765 0.37647 0.58039
0.1098 0.35294 0.55686
0.10588 0.34902 0.54902
0.098039 0.33725 0.53725
0.090196 0.32549 0.51765
0.078431 0.32157 0.50588
0.082353 0.32549 0.5098
0.078431 0.32157 0.50588
0.078431 0.3098 0.49412
0.090196 0.31373 0.4902
0.098039 0.31765 0.50196
0.094118 0.31765 0.49804
0.078431 0.29804 0.47451
0.078431 0.30196 0.47059
0.078431 0.29804 0.46275
0.082353 0.29412 0.46275
0.090196 0.29412 0.47059
0.094118 0.29804 0.47843
0.082353 0.29412 0.47451
0.082353 0.29804 0.47843
0.066667 0.2902 0.46667
0.10588 0.39608 0.58824
0.11765 0.4 0.59608
0.10588 0.38431 0.58431
0.11373 0.38431 0.59216
0.11765 0.38039 0.58431
0.11373 0.36863 0.56863
0.1098 0.36078 0.56078
0.098039 0.3451 0.54118
0.10196 0.34118 0.53333
0.090196 0.33333 0.52157
0.086275 0.32941 0.51765
0.082353 0.32549 0.51373
0.082353 0.31765 0.50588
0.082353 0.31373 0.49804
0.078431 0.3098 0.49804
0.07451 0.30196 0.4902
0.07451 0.30196 0.48235
0.078431 0.30588 0.48235
0.07451 0.30196 0.47451
0.086275 0.30196 0.47843
0.086275 0.29412 0.47451
0.086275 0.2902 0.47451
0.094118 0.30588 0.48627
0.082353 0.29804 0.47843
0.070588 0.29412 0.47059
0.12549 0.4 0.6
0.12157 0.39216 0.59608
0.11373 0.38824 0.59216
0.10196 0.37255 0.57647
0.1098 0.38039 0.57255
0.094118 0.35294 0.5451
0.094118 0.3451 0.53333
0.090196 0.33725 0.52941
0.082353 0.32549 0.51765
0.082353 0.29804 0.47843
0.07451 0.29804 0.47451
0.070588 0.29804 0.47451
