0.98431 0.93333 0.84706
0.99216 0.93725 0.8549
0.98431 0.93725 0.85882
0.96863 0.92157 0.84314
0.98431 0.93725 0.85098
0.98039 0.93333 0.84706
0.98431 0.93725 0.85098
0.98431 0.93725 0.86275
0.97255 0.92157 0.85098
0.99216 0.94902 0.8549
0.99608 0.94902 0.85882
0.99216 0.9451 0.8549
0.98039 0.93725 0.84314
0.98431 0.93725 0.85098
0.96471 0.91373 0.83529
0.92941 0.87843 0.80392
0.98039 0.93725 0.83529
0.99216 0.9451 0.83922
0.99608 0.95294 0.85098
0.99216 0.9451 0.85098
0.97647 0.93333 0.84314
0.96078 0.91373 0.82745
0.93725 0.88627 0.81176
0.99608 0.94902 0.85098
0.98431 0.93725 0.84706
0.96471 0.91765 0.82745
0.9451 0.89412 0.81176
0.98039 0.92941 0.83529
0.95686 0.9098 0.81569
