0.59608 0.67451 0.75686
0.58824 0.67059 0.75294
0.58824 0.67059 0.75294
0.59216 0.67059 0.75686
0.59608 0.67451 0.75686
0.58824 0.67059 0.75294
0.58824 0.67059 0.75294
0.58824 0.66667 0.75294
0.59216 0.67451 0.75686
0.59216 0.67451 0.75686
0.59216 0.67059 0.74902
0.58824 0.67059 0.74902
0.59216 0.67451 0.75294
0.58824 0.67059 0.75294
0.59216 0.67059 0.7451
0.58824 0.67059 0.75294
0.58824 0.67059 0.75294
0.58824 0.66667 0.74902
0.59608 0.66667 0.75294
0.59608 0.67451 0.75686
0.59216 0.66667 0.74902
