0.023529 0.17255 0.34902
0.023529 0.17255 0.34902
0.023529 0.16863 0.34902
0.019608 0.17255 0.34118
0.015686 0.16863 0.33725
0.015686 0.17255 0.33333
0.023529 0.17255 0.34902
0.023529 0.17255 0.34902
0.023529 0.17255 0.34902
0.019608 0.16863 0.34118
0.015686 0.16471 0.33333
0.019608 0.16863 0.32941
0.015686 0.17255 0.3451
0.019608 0.17647 0.34902
0.019608 0.17255 0.34902
0.019608 0.17647 0.3451
0.023529 0.17255 0.34118
0.031373 0.16863 0.34118
0.015686 0.17647 0.3451
0.011765 0.17255 0.3451
0.011765 0.17647 0.34118
0.019608 0.17255 0.34118
0.035294 0.17647 0.34902
0.011765 0.17255 0.3451
0.015686 0.17647 0.34902
0.015686 0.18039 0.34902
0.015686 0.17255 0.34118
0.019608 0.17255 0.34118
0.015686 0.18039 0.34902
0.015686 0.18039 0.35294
0.015686 0.18039 0.34902
0.015686 0.18039 0.3451
0.015686 0.17647 0.3451
0.011765 0.18039 0.3451
0.015686 0.17647 0.34902
0.019608 0.17647 0.35294
0.019608 0.16863 0.3451
0.011765 0.18039 0.3451
0.015686 0.17647 0.34902
0.023529 0.18039 0.35294
0.0078431 0.17647 0.34118
0.011765 0.18039 0.34902
0.019608 0.18039 0.35294
0.023529 0.18824 0.35686
