0.34902 0.41176 0.55294
0.35294 0.41176 0.56471
0.35294 0.41569 0.56078
0.36471 0.42745 0.56078
0.35294 0.41569 0.55686
0.36078 0.41961 0.57255
0.36078 0.41569 0.57255
0.35294 0.41961 0.55294
0.33725 0.4 0.54118
0.3451 0.40392 0.55686
0.35686 0.41961 0.57647
0.35294 0.42745 0.55686
0.34118 0.41569 0.54902
0.34902 0.41961 0.56471
0.34118 0.41176 0.56078
0.31765 0.38824 0.53725
0.35686 0.42353 0.56078
0.32941 0.4 0.5451
0.31765 0.39216 0.54118
0.31373 0.39216 0.53725
0.35294 0.41961 0.56471
0.32157 0.4 0.5451
0.32549 0.40392 0.54902
