0.92549 0.81176 0.6902
0.92157 0.80392 0.67843
0.93333 0.81569 0.69804
0.92157 0.80392 0.68235
0.92157 0.81961 0.6902
0.93725 0.81961 0.70588
0.92941 0.81176 0.6902
0.93725 0.82353 0.69804
0.9451 0.83137 0.69804
0.91373 0.8 0.68235
0.93725 0.81961 0.70588
0.92941 0.81176 0.6902
0.93725 0.82353 0.69804
0.93725 0.82353 0.69412
0.94118 0.82745 0.69412
0.93725 0.81569 0.70196
0.92941 0.81176 0.69412
0.92941 0.81961 0.6902
0.93725 0.82353 0.69804
0.93725 0.82353 0.69804
0.94118 0.82745 0.69804
0.93333 0.81569 0.69804
0.93725 0.82353 0.69804
0.93333 0.81961 0.69412
0.93725 0.82353 0.69804
0.94118 0.82745 0.69804
0.93725 0.82353 0.69804
0.93725 0.82353 0.69804
0.93725 0.82353 0.69804
0.94118 0.82745 0.70196
0.93333 0.81961 0.69412
0.94118 0.82745 0.70196
0.9451 0.83137 0.70588
0.94118 0.82745 0.70196
0.94118 0.82745 0.70196
0.93725 0.82353 0.69804
0.93333 0.81961 0.69412
0.9451 0.83137 0.70588
0.93725 0.82353 0.69804
0.93725 0.82353 0.69804
0.93725 0.82353 0.69804
