0.25098 0.36078 0.49412
0.2549 0.36471 0.49804
0.24314 0.35686 0.4902
0.24314 0.35686 0.4902
0.24706 0.36078 0.49412
0.24706 0.36078 0.49412
0.24314 0.36078 0.49412
0.23529 0.35294 0.4902
0.23922 0.35686 0.49804
0.24706 0.36078 0.49412
0.24314 0.35686 0.4902
0.23529 0.34902 0.48627
0.24314 0.35686 0.4902
0.25098 0.36471 0.49804
0.23922 0.35294 0.48627
0.24314 0.35686 0.4902
0.25098 0.36471 0.49804
0.23922 0.35294 0.48627
0.24706 0.36078 0.49412
0.23922 0.35686 0.4902
0.24706 0.36078 0.49412
0.24706 0.36078 0.49412
0.24314 0.35686 0.4902
0.24314 0.35686 0.4902
0.23922 0.35686 0.4902
0.24706 0.36078 0.49412
0.24314 0.35686 0.4902
0.24314 0.35686 0.4902
