0.23922 0.35294 0.49412
0.24706 0.3451 0.49412
0.2549 0.3451 0.49412
0.23529 0.3451 0.4902
0.24314 0.35294 0.49804
0.24706 0.34902 0.49412
0.23922 0.34118 0.48235
0.24706 0.34902 0.49412
0.2549 0.35686 0.50196
0.23922 0.34118 0.4902
0.23137 0.32941 0.47843
0.25098 0.34118 0.47843
0.24706 0.3451 0.4902
0.25098 0.35686 0.50196
0.23922 0.35294 0.48627
0.24706 0.34902 0.49412
0.25882 0.3451 0.48627
0.25098 0.33333 0.48235
0.2549 0.34902 0.48235
0.2549 0.35294 0.50588
0.25098 0.34902 0.49412
0.26275 0.3451 0.50196
0.27059 0.36078 0.48627
0.25882 0.33725 0.47059
0.25882 0.35294 0.49412
0.26275 0.36078 0.50196
0.26275 0.3451 0.4902
0.36863 0.41961 0.47451
0.35686 0.38039 0.40784
0.36471 0.4 0.39608
0.37647 0.39608 0.39216
