0.96863 0.90196 0.80392
0.96863 0.90588 0.81176
0.96078 0.90196 0.81569
0.94118 0.8902 0.80392
0.96863 0.89804 0.80392
0.95686 0.8902 0.79608
0.95294 0.8902 0.79608
0.94902 0.8902 0.80392
0.95686 0.89804 0.79608
0.96863 0.90196 0.80392
0.96078 0.89804 0.79608
0.95686 0.89804 0.80392
0.95294 0.89412 0.8
0.96078 0.89412 0.79608
0.93725 0.87843 0.77647
0.94902 0.8902 0.78824
0.95294 0.8902 0.80392
0.96078 0.90196 0.81176
0.95686 0.8902 0.8
0.92549 0.86275 0.76471
0.94902 0.88627 0.78824
0.94902 0.88627 0.79608
0.96863 0.90588 0.81569
0.96471 0.90588 0.81569
0.9451 0.88627 0.79608
0.95686 0.89804 0.80784
0.97647 0.91765 0.82745
0.96863 0.91373 0.81569
0.95686 0.90196 0.80784
0.95294 0.8902 0.80784
0.96078 0.90588 0.80392
0.95294 0.89412 0.80392
