0.84706 0.80392 0.73333
0.84706 0.80392 0.73333
0.85098 0.80784 0.73725
0.85098 0.80784 0.73725
0.8549 0.81176 0.74118
0.85882 0.81569 0.7451
0.8549 0.81569 0.74118
0.86275 0.81961 0.74902
0.87059 0.81961 0.75294
0.87451 0.81961 0.75294
0.87451 0.82353 0.75686
0.87451 0.82353 0.75686
0.88235 0.83137 0.76078
0.8902 0.83529 0.75686
0.89412 0.83529 0.76078
0.89804 0.83922 0.76471
0.90196 0.84314 0.76863
0.90196 0.84706 0.76863
0.90588 0.85098 0.77255
0.91373 0.8549 0.77255
0.91765 0.8549 0.77255
0.91765 0.85882 0.77647
0.92157 0.87059 0.78431
0.92549 0.87843 0.79216
0.92549 0.87843 0.79216
0.92941 0.87843 0.8
0.89412 0.84706 0.78039
0.89804 0.8549 0.78824
0.89412 0.8549 0.78824
0.89412 0.85882 0.78824
0.89804 0.8549 0.78431
0.89804 0.8549 0.78431
0.89804 0.85882 0.78824
0.89804 0.85882 0.78431
0.90196 0.85882 0.78824
0.90588 0.85882 0.79216
0.90588 0.85882 0.78824
0.9098 0.86275 0.79216
0.90588 0.85882 0.79216
0.91373 0.86667 0.79608
0.91765 0.87059 0.79608
0.91373 0.86667 0.79608
0.91373 0.86275 0.79216
0.91373 0.86667 0.79608
0.91765 0.87059 0.79608
0.91373 0.86667 0.79608
0.92157 0.87059 0.78824
0.92157 0.87059 0.79216
0.92157 0.87059 0.78824
0.92549 0.87843 0.79608
0.92941 0.88235 0.8
0.92549 0.88235 0.8
0.93333 0.88627 0.80784
0.89412 0.84706 0.78431
0.88627 0.84706 0.78039
0.88627 0.85098 0.78431
0.89804 0.8549 0.78431
0.90196 0.85882 0.78824
0.89804 0.8549 0.78431
0.89804 0.8549 0.78431
0.89804 0.8549 0.78431
0.90588 0.86275 0.79216
0.9098 0.86667 0.79608
0.9098 0.86667 0.79608
0.90588 0.86275 0.79216
0.9098 0.86667 0.79608
0.91373 0.87059 0.8
0.9098 0.86667 0.79608
0.9098 0.86667 0.79608
0.91373 0.87059 0.8
0.91373 0.87059 0.8
0.91373 0.87059 0.8
0.91373 0.87059 0.79608
0.91765 0.87451 0.8
0.92157 0.87843 0.8
0.92157 0.87843 0.80392
0.92941 0.88627 0.80784
0.92941 0.88627 0.80784
0.92941 0.88627 0.81176
0.88627 0.84314 0.77255
0.8902 0.84314 0.77647
0.89412 0.84706 0.78039
0.89804 0.8549 0.78431
0.89412 0.85098 0.78039
0.89804 0.8549 0.78431
0.89412 0.85882 0.78824
0.89412 0.85882 0.78431
0.89412 0.86275 0.78824
0.89412 0.86275 0.78824
0.90196 0.86667 0.79216
0.89804 0.86667 0.79216
0.90588 0.87059 0.79608
0.91373 0.87059 0.8
0.91373 0.87059 0.8
0.91373 0.87059 0.8
0.91373 0.87059 0.8
0.9098 0.86667 0.79608
0.91765 0.87451 0.80392
0.91765 0.87451 0.79608
0.92157 0.87843 0.8
0.92157 0.87843 0.8
0.92941 0.88627 0.80784
0.92941 0.88627 0.80784
0.93333 0.8902 0.81176
0.93333 0.8902 0.81569
0.8902 0.85098 0.78039
0.89412 0.84706 0.78039
0.89804 0.84314 0.78039
0.89804 0.85098 0.78431
0.89804 0.8549 0.78824
0.89804 0.8549 0.78431
0.89412 0.85882 0.78431
0.8902 0.85882 0.78431
0.89412 0.85882 0.78431
0.8902 0.85882 0.78431
0.89412 0.86275 0.78824
0.90196 0.87059 0.79608
0.90196 0.86667 0.79216
0.91373 0.87059 0.79608
0.9098 0.86667 0.79608
0.9098 0.86667 0.79608
0.91765 0.87451 0.80392
0.91765 0.87451 0.8
0.91765 0.87451 0.8
0.91765 0.87451 0.79608
0.92157 0.87843 0.8
0.92941 0.88627 0.80784
0.92941 0.88627 0.80784
0.92941 0.8902 0.81176
0.93725 0.89804 0.81961
0.94118 0.90196 0.82745
0.8902 0.8549 0.78824
0.88627 0.85098 0.78431
0.8902 0.85098 0.78431
0.89804 0.85098 0.78824
0.89804 0.8549 0.78824
0.90196 0.85882 0.78431
0.90196 0.85882 0.78824
0.90196 0.85882 0.78824
0.90588 0.86275 0.79216
0.90196 0.86667 0.79608
0.90196 0.87059 0.79608
0.90196 0.87059 0.79608
0.90588 0.87059 0.79608
0.9098 0.86667 0.78824
0.91373 0.87059 0.79216
0.91373 0.87059 0.79216
0.91373 0.87059 0.79216
0.91765 0.87451 0.79608
0.91765 0.87451 0.79608
0.92157 0.87843 0.8
0.92157 0.87843 0.80392
0.92549 0.88235 0.81176
0.92941 0.88235 0.80784
0.92941 0.8902 0.81176
0.93333 0.89804 0.81961
0.93725 0.9098 0.82353
0.88627 0.85098 0.78431
0.8902 0.8549 0.78824
0.88627 0.8549 0.78431
0.89412 0.8549 0.78431
0.8902 0.8549 0.78431
0.8902 0.8549 0.78431
0.89804 0.85098 0.78824
0.90196 0.8549 0.79216
0.90588 0.85882 0.79608
0.89804 0.86275 0.79216
0.89804 0.86667 0.79216
0.90196 0.87059 0.79608
0.9098 0.87059 0.8
0.91373 0.87059 0.79608
0.91373 0.87059 0.8
0.91765 0.87451 0.79608
0.91373 0.87059 0.79216
0.92157 0.87843 0.8
0.92157 0.87843 0.8
0.92157 0.87843 0.8
0.92549 0.88235 0.80392
0.92549 0.88235 0.81176
0.93333 0.8902 0.81569
0.93725 0.89804 0.82353
0.93725 0.90588 0.82745
0.95294 0.92549 0.84314
0.8902 0.8549 0.78824
0.88627 0.85098 0.78431
0.88627 0.8549 0.78431
0.89412 0.86275 0.78431
0.8902 0.8549 0.78431
0.89412 0.85882 0.79216
0.89804 0.8549 0.79216
0.90196 0.8549 0.79216
0.90196 0.8549 0.79216
0.89412 0.85882 0.78824
0.89804 0.86667 0.79216
0.90196 0.87059 0.79608
0.9098 0.87451 0.8
0.9098 0.86667 0.79608
0.91373 0.87059 0.8
0.92157 0.87843 0.80392
0.91765 0.87451 0.79608
0.91765 0.87451 0.79608
0.92549 0.88235 0.80392
0.92549 0.88235 0.80392
0.92941 0.88627 0.81176
0.93333 0.8902 0.81961
0.93725 0.89412 0.81961
0.93725 0.90196 0.82745
0.9451 0.91373 0.83922
0.8902 0.85882 0.78431
0.88627 0.8549 0.78039
0.89412 0.86275 0.78824
0.89412 0.86275 0.78824
0.89412 0.86275 0.78824
0.8902 0.85882 0.78431
0.89804 0.85882 0.78431
0.90196 0.85882 0.78824
0.90196 0.85882 0.78824
0.89804 0.86275 0.79216
0.90196 0.87059 0.79608
0.90588 0.87451 0.8
0.90588 0.87451 0.8
0.90588 0.87451 0.8
0.91765 0.87451 0.80392
0.92157 0.87843 0.80784
0.92157 0.87843 0.80784
0.92157 0.87843 0.80392
0.92549 0.88235 0.8
0.92549 0.88235 0.80392
0.93333 0.8902 0.81176
0.93725 0.89412 0.81569
0.94118 0.89804 0.82353
0.94118 0.90588 0.83529
0.96078 0.92941 0.8549
0.89412 0.86275 0.78824
0.89412 0.86275 0.78824
0.8902 0.85882 0.78431
0.89412 0.86275 0.78824
0.89804 0.86667 0.79216
0.89804 0.86667 0.79216
0.90196 0.86275 0.78824
0.90588 0.86275 0.79216
0.91373 0.87059 0.8
0.91373 0.87451 0.8
0.90588 0.87451 0.8
0.9098 0.87843 0.80392
0.90588 0.87451 0.8
0.90588 0.87843 0.80392
0.91765 0.87451 0.80392
0.92157 0.87843 0.80784
0.92157 0.87843 0.80392
0.92549 0.88235 0.80784
0.92941 0.88627 0.80784
0.92941 0.88627 0.81176
0.93333 0.8902 0.81569
0.94118 0.89804 0.82353
0.9451 0.90196 0.83137
0.95686 0.91765 0.84314
0.98824 0.95686 0.88235
0.89412 0.86275 0.78824
0.89804 0.86667 0.79216
0.89804 0.86667 0.79216
0.89412 0.86275 0.78824
0.89804 0.86667 0.79216
0.90196 0.87059 0.79608
0.90588 0.86667 0.79608
0.91373 0.87059 0.8
0.91373 0.87059 0.8
0.90588 0.87059 0.8
0.90588 0.87451 0.8
0.9098 0.87843 0.80392
0.9098 0.87843 0.80392
0.91373 0.88235 0.80784
0.91373 0.87451 0.80392
0.92157 0.87843 0.80392
0.92549 0.88235 0.8
0.93333 0.8902 0.81569
0.93333 0.8902 0.81961
0.93333 0.8902 0.81961
0.93725 0.89412 0.82353
0.94118 0.89804 0.82745
0.9451 0.90196 0.83137
0.96863 0.92941 0.85882
1 0.97255 0.89804
0.89412 0.85882 0.79216
0.90196 0.85882 0.79216
0.90196 0.85882 0.79608
0.90196 0.85882 0.79216
0.90196 0.86667 0.8
0.89804 0.86275 0.79608
0.89804 0.86275 0.79608
0.90196 0.86667 0.79216
0.90588 0.86667 0.79608
0.91373 0.87059 0.8
0.91373 0.87059 0.8
0.91765 0.87451 0.80392
0.92157 0.87843 0.80784
0.91765 0.87843 0.80784
0.9098 0.87451 0.8
0.92157 0.87843 0.80784
0.92549 0.87843 0.80784
0.92549 0.88235 0.80392
0.93333 0.8902 0.81176
0.93333 0.8902 0.81569
0.93725 0.8902 0.81961
0.94118 0.89412 0.82745
0.9451 0.90588 0.83137
0.9451 0.91373 0.83922
0.98824 0.96078 0.88627
1 0.97647 0.90196
0.89804 0.85882 0.79216
0.90588 0.85882 0.79608
0.90196 0.8549 0.79216
0.90196 0.85882 0.79608
0.89804 0.86275 0.79608
0.89804 0.86275 0.79608
0.89804 0.86275 0.79608
0.89804 0.87059 0.79608
0.90196 0.87059 0.79608
0.9098 0.86667 0.79608
0.91373 0.87059 0.8
0.91765 0.87059 0.8
0.91765 0.87451 0.8
0.91765 0.87843 0.80784
0.91765 0.87843 0.80392
0.92549 0.87843 0.80784
0.92549 0.87451 0.80784
0.92157 0.87843 0.80392
0.92941 0.88627 0.80784
0.93725 0.8902 0.81569
0.94118 0.8902 0.82353
0.94118 0.89804 0.82745
0.9451 0.9098 0.83529
0.96863 0.94118 0.86667
1 0.97647 0.90196
1 0.97647 0.90196
0.8902 0.8549 0.78824
0.89804 0.85882 0.79216
0.90196 0.8549 0.79216
0.90196 0.8549 0.79216
0.90588 0.85882 0.79608
0.90196 0.86667 0.8
0.89804 0.86275 0.8
0.89804 0.86667 0.8
0.90196 0.87059 0.8
0.90588 0.87059 0.8
0.91373 0.87059 0.8
0.91373 0.87059 0.79608
0.91373 0.87059 0.79216
0.91765 0.87451 0.79608
0.91765 0.87843 0.80392
0.92157 0.88235 0.81176
0.92549 0.87843 0.81176
0.92941 0.87843 0.81176
0.93333 0.8902 0.81176
0.93333 0.8902 0.81176
0.93725 0.8902 0.81569
0.9451 0.89412 0.82745
0.94902 0.90196 0.83529
0.95686 0.92157 0.84706
0.99216 0.96863 0.89412
0.89412 0.86275 0.79216
0.89412 0.86275 0.79216
0.89804 0.85882 0.78824
0.90196 0.86275 0.79608
0.90588 0.87059 0.8
0.9098 0.87059 0.79608
0.90588 0.86667 0.79608
0.9098 0.87059 0.79608
0.90588 0.87059 0.79216
0.9098 0.87059 0.79608
0.91765 0.87451 0.8
0.92157 0.87843 0.8
0.91765 0.87451 0.79608
0.92157 0.87843 0.8
0.92549 0.88235 0.80392
0.92549 0.88627 0.80784
0.92941 0.88235 0.80784
0.92941 0.88627 0.81176
0.93333 0.8902 0.81176
0.93725 0.89412 0.81569
0.94118 0.89804 0.81961
0.94902 0.90196 0.82745
0.95294 0.91373 0.84314
0.98431 0.94902 0.88235
0.89412 0.86275 0.78824
0.8902 0.85882 0.78431
0.8902 0.86275 0.78824
0.89412 0.86667 0.79216
0.89804 0.87059 0.79608
0.90588 0.87843 0.8
0.9098 0.87059 0.79216
0.9098 0.86667 0.78824
0.9098 0.86667 0.78824
0.91765 0.87059 0.79216
0.92157 0.87843 0.8
0.92157 0.87843 0.8
0.92157 0.87843 0.8
0.92157 0.87843 0.8
0.92157 0.87843 0.8
0.92157 0.87843 0.8
0.92549 0.88235 0.80392
0.92941 0.88627 0.80784
0.92941 0.88627 0.80784
0.93333 0.8902 0.81176
0.94118 0.89804 0.81961
0.94118 0.89804 0.81961
0.94902 0.91373 0.83529
0.96471 0.93333 0.86275
0.8902 0.86275 0.78824
0.89804 0.87059 0.79608
0.92157 0.89412 0.81961
0.96863 0.94902 0.87451
0.97647 0.96078 0.88235
0.98039 0.96863 0.8902
0.97647 0.96078 0.88235
0.91765 0.8902 0.80392
0.90196 0.85882 0.78039
0.9098 0.85882 0.78431
0.9098 0.86667 0.78824
0.9098 0.86667 0.78824
0.9098 0.86667 0.78824
0.91373 0.87059 0.79216
0.91373 0.87059 0.79216
0.91373 0.87059 0.79608
0.92157 0.87843 0.79608
0.92157 0.87843 0.79216
0.92549 0.88235 0.79608
0.92941 0.88627 0.80392
0.93333 0.8902 0.81176
0.94118 0.89412 0.81961
0.9451 0.90196 0.82353
0.95294 0.91765 0.83922
0.98431 0.95686 0.88235
0.92157 0.89804 0.82745
0.89412 0.86667 0.79608
0.89412 0.86667 0.79608
0.90196 0.87843 0.80392
0.96471 0.94118 0.86667
1 0.99216 0.91373
1 0.99608 0.91373
1 0.99608 0.91373
0.98824 0.97255 0.8902
0.92157 0.8902 0.80784
0.9098 0.87059 0.79216
0.92157 0.87059 0.79608
0.91765 0.87451 0.79608
0.91765 0.87451 0.79608
0.91373 0.87059 0.79216
0.91765 0.87451 0.79608
0.91765 0.87451 0.79608
0.92157 0.87843 0.8
0.92157 0.87843 0.79608
0.92941 0.88627 0.8
0.92941 0.88627 0.8
0.93333 0.8902 0.80392
0.93725 0.89412 0.81176
0.94118 0.89804 0.81961
0.94902 0.9098 0.82745
0.96471 0.93725 0.85882
0.86667 0.86667 0.78824
0.8902 0.87451 0.8
0.9098 0.8902 0.81569
0.99216 0.97647 0.89412
1 0.99216 0.90588
1 0.99216 0.9098
1 0.98431 0.9098
0.95686 0.92549 0.85098
0.91765 0.87451 0.79608
0.92157 0.87843 0.8
0.91373 0.87451 0.79608
0.91765 0.87451 0.79608
0.92157 0.87843 0.8
0.91765 0.87451 0.79608
0.92157 0.87843 0.8
0.92549 0.88235 0.80392
0.92549 0.88235 0.80392
0.92549 0.88235 0.80392
0.92941 0.88627 0.80784
0.92941 0.88627 0.8
0.93333 0.8902 0.80392
0.93725 0.89412 0.80784
0.93333 0.89804 0.81569
0.9451 0.91373 0.83529
1 0.98824 0.90588
1 0.98431 0.90196
1 0.98824 0.9098
0.99216 0.96471 0.8902
0.92549 0.8902 0.81569
0.91765 0.87451 0.79608
0.91765 0.87059 0.79216
0.91765 0.87451 0.79608
0.91765 0.87451 0.79608
0.91765 0.87451 0.79608
0.91765 0.87451 0.79608
0.91765 0.87451 0.79608
0.92549 0.88235 0.80392
0.92549 0.88235 0.80392
0.92549 0.88235 0.80392
0.92549 0.88235 0.80392
0.93333 0.8902 0.80392
0.93333 0.8902 0.80392
0.94118 0.89804 0.81176
0.93725 0.90196 0.81569
0.96078 0.92941 0.84706
1 0.98039 0.90196
0.91373 0.87059 0.79216
0.91373 0.87059 0.79216
0.91765 0.87451 0.79608
0.91765 0.87451 0.79608
0.92157 0.87843 0.8
0.91765 0.87451 0.79608
0.92157 0.87843 0.8
0.92157 0.87843 0.8
0.92157 0.87843 0.8
0.92941 0.88627 0.80784
0.92941 0.88627 0.80784
0.93333 0.8902 0.80392
0.93725 0.89412 0.80784
0.9451 0.90588 0.81961
0.95686 0.92157 0.83922
0.91765 0.87451 0.79608
0.91765 0.87451 0.79608
0.91765 0.87451 0.79608
0.91765 0.87451 0.79608
0.92157 0.87843 0.8
0.92157 0.87843 0.8
0.92549 0.88235 0.79608
0.92157 0.87843 0.79216
0.92941 0.88627 0.80784
0.92941 0.88627 0.80784
0.93725 0.89412 0.81569
0.94118 0.90196 0.81961
0.94118 0.9098 0.82745
0.91765 0.87451 0.79608
0.91765 0.87451 0.79608
0.92157 0.87843 0.8
0.92157 0.87843 0.8
0.92549 0.88235 0.8
0.92941 0.88627 0.8
0.92941 0.88627 0.81176
0.93725 0.89412 0.81569
0.93725 0.89412 0.81569
0.9451 0.90196 0.82353
0.92157 0.87843 0.8
0.92157 0.87843 0.8
0.92549 0.88235 0.80392
0.92549 0.88235 0.80392
0.92941 0.88627 0.8
0.93333 0.8902 0.80392
0.93333 0.8902 0.81176
0.93725 0.89412 0.81569
0.9451 0.90196 0.82353
0.92549 0.88235 0.80392
0.92549 0.88235 0.80392
0.92941 0.88235 0.80784
0.93333 0.88235 0.80784
0.93725 0.88627 0.81176
0.93333 0.88627 0.81176
0.93725 0.89412 0.81569
0.92549 0.88235 0.80392
0.92941 0.88235 0.80784
0.93333 0.88235 0.80784
0.93725 0.88627 0.81176
0.94118 0.89412 0.81569
0.92549 0.88235 0.80392
0.92941 0.88235 0.80784
0.93725 0.88627 0.81176
