0.97255 0.92549 0.83137
0.96863 0.92157 0.82745
0.96863 0.92549 0.83137
0.97647 0.92549 0.83137
0.96863 0.92157 0.83137
0.97255 0.92549 0.83137
0.97255 0.92549 0.83137
0.97255 0.92549 0.83529
0.97255 0.92549 0.82745
0.97255 0.92549 0.83137
0.97647 0.92941 0.83529
0.98039 0.93333 0.83922
0.97255 0.92549 0.82745
0.97647 0.92941 0.83529
0.97647 0.92941 0.83529
0.98039 0.93333 0.83922
0.97255 0.92549 0.83137
0.98039 0.92941 0.83529
0.98039 0.93333 0.83922
0.98431 0.93333 0.84314
0.98431 0.92941 0.83529
0.98431 0.94118 0.8549
0.98824 0.94902 0.86275
