0.69804 0.64706 0.58039
0.69804 0.64706 0.58039
0.69412 0.64314 0.58431
0.69412 0.63922 0.57647
0.6902 0.64314 0.57647
0.6902 0.63922 0.58039
0.69804 0.64706 0.58824
0.69804 0.64706 0.58824
0.70196 0.64706 0.58431
0.69412 0.64314 0.58431
0.69804 0.64706 0.58431
0.6902 0.63922 0.57647
0.6902 0.64314 0.58039
0.69412 0.64314 0.58039
0.69804 0.64706 0.58431
0.69804 0.64706 0.58431
0.69804 0.64706 0.58431
0.69804 0.64314 0.58431
0.69804 0.64314 0.58824
0.69412 0.64314 0.59216
0.69412 0.64706 0.59216
0.69804 0.64706 0.58824
0.70196 0.65098 0.58824
0.70196 0.65098 0.58824
0.69804 0.64706 0.58431
0.69804 0.64314 0.58431
0.69804 0.64706 0.58824
0.69804 0.64706 0.59216
0.69804 0.65098 0.59216
0.70196 0.65098 0.58824
0.70196 0.65098 0.58824
0.70196 0.64706 0.58824
0.69804 0.64706 0.58431
0.69804 0.64706 0.58431
0.6902 0.64314 0.57647
0.69412 0.64314 0.58039
0.69412 0.64706 0.58039
0.69804 0.64706 0.58431
0.69804 0.64706 0.58431
0.69804 0.64706 0.58431
0.69412 0.64314 0.58039
0.69412 0.64706 0.58039
0.69804 0.64706 0.58431
0.70196 0.64706 0.58431
0.69804 0.64706 0.58431
0.69804 0.65098 0.58431
0.69804 0.64706 0.58431
0.69804 0.64706 0.58431
0.69412 0.64314 0.57255
0.69804 0.64706 0.58039
0.69412 0.64314 0.57647
0.70196 0.6549 0.58824
0.70588 0.65098 0.58824
