0.92157 0.84706 0.72941
0.92941 0.8549 0.74118
0.92549 0.85098 0.73333
0.91373 0.83922 0.72157
0.91373 0.83529 0.72549
0.92549 0.84706 0.72941
0.9098 0.83529 0.71765
0.89412 0.81961 0.70196
0.91373 0.83922 0.72157
0.92549 0.85098 0.72941
0.92157 0.85098 0.73725
0.91373 0.83529 0.71373
0.91373 0.83922 0.72157
0.91765 0.85098 0.73333
0.9098 0.84314 0.72549
0.90588 0.83922 0.72157
0.92157 0.83922 0.71765
0.92549 0.84706 0.72157
0.92941 0.8549 0.73725
0.91765 0.85098 0.73333
0.93333 0.85098 0.72941
0.92941 0.85882 0.73725
