0.27451 0.38824 0.5451
0.26667 0.39216 0.5451
0.27451 0.39216 0.5451
0.27059 0.39216 0.5451
0.2549 0.38039 0.52941
0.27843 0.4 0.55686
0.26667 0.39608 0.5451
0.27059 0.39608 0.54118
0.26275 0.38824 0.53725
0.2549 0.38039 0.52941
0.27059 0.39608 0.54902
0.26275 0.38824 0.53725
0.2549 0.38039 0.52941
0.24706 0.37255 0.52157
0.24706 0.37255 0.52157
0.28235 0.40784 0.56078
0.27059 0.39608 0.5451
0.26275 0.38824 0.53725
0.2549 0.38039 0.52941
0.25098 0.37647 0.52549
0.24706 0.36863 0.51765
0.28627 0.41176 0.56078
0.27843 0.40392 0.55294
0.26667 0.39216 0.54118
0.25882 0.38431 0.53333
0.2549 0.38039 0.52941
0.25882 0.37647 0.52549
0.2549 0.37255 0.52157
0.24314 0.36078 0.5098
0.28235 0.40784 0.55686
0.27059 0.39608 0.5451
0.26667 0.39216 0.5451
0.2549 0.38039 0.52549
0.25098 0.38039 0.51765
0.2549 0.37647 0.51765
0.26667 0.38431 0.52549
0.25098 0.36863 0.51765
0.23922 0.35686 0.50588
0.23922 0.35686 0.50588
0.28235 0.40784 0.56078
0.27059 0.39608 0.5451
0.27059 0.39608 0.54902
0.26275 0.39216 0.53725
0.2549 0.38431 0.52549
0.26275 0.38039 0.52157
0.25882 0.37647 0.52157
0.24706 0.36471 0.51373
0.23529 0.35294 0.50196
0.23922 0.35686 0.50588
0.22745 0.3451 0.49412
0.23529 0.35294 0.49804
0.22745 0.3451 0.49412
0.22353 0.3451 0.49804
0.30196 0.43529 0.58431
0.28235 0.41176 0.56078
0.27451 0.4 0.55294
0.27059 0.39608 0.54902
0.26275 0.38824 0.53725
0.24706 0.37255 0.52157
0.2549 0.37255 0.51765
0.25098 0.36863 0.51765
0.24314 0.36078 0.5098
0.25098 0.36863 0.51765
0.24314 0.36078 0.5098
0.23529 0.35294 0.49412
0.23529 0.35294 0.49412
0.22745 0.3451 0.48627
0.21961 0.33725 0.47843
0.29412 0.42353 0.57647
0.27843 0.40784 0.56078
0.27843 0.40392 0.55686
0.27059 0.39608 0.54902
0.2549 0.38039 0.53333
0.24706 0.37255 0.52157
0.25098 0.36863 0.52157
0.25098 0.36471 0.51765
0.23922 0.36078 0.5098
0.23922 0.36078 0.5098
0.23137 0.35294 0.50196
0.23137 0.35294 0.49804
0.22745 0.34902 0.49412
0.22353 0.3451 0.4902
0.21961 0.34118 0.47843
0.30196 0.42745 0.58039
0.28235 0.40784 0.56078
0.27451 0.4 0.55294
0.26667 0.39216 0.5451
0.2549 0.38039 0.53333
0.24706 0.37255 0.52549
0.2549 0.37255 0.52941
0.25098 0.36863 0.52157
0.24314 0.37255 0.52157
0.23529 0.36078 0.5098
0.22745 0.35294 0.50196
0.22745 0.35294 0.50196
0.22745 0.35294 0.50196
0.21961 0.3451 0.49412
0.22353 0.34118 0.48627
0.22745 0.3451 0.48627
0.31765 0.43922 0.59608
0.30196 0.43137 0.58039
0.28627 0.41176 0.56471
0.27451 0.4 0.55294
0.26667 0.39216 0.5451
0.25882 0.38431 0.53725
0.25882 0.38431 0.53725
0.2549 0.37647 0.53333
0.24314 0.36863 0.52157
0.23529 0.36078 0.5098
0.23137 0.35686 0.50588
0.22745 0.35294 0.50196
0.23137 0.34902 0.49804
0.23922 0.36078 0.5098
0.23137 0.34902 0.49804
0.21961 0.33725 0.48627
0.22353 0.34118 0.48627
0.29804 0.43137 0.58039
0.28627 0.41176 0.56471
0.27451 0.4 0.55294
0.26667 0.39216 0.5451
0.26275 0.38824 0.54118
0.25882 0.38431 0.53725
0.2549 0.38039 0.53333
0.24706 0.37255 0.52549
0.23922 0.36863 0.5098
0.23922 0.36471 0.5098
0.24314 0.36863 0.51373
0.24314 0.36078 0.50588
0.23922 0.35686 0.50196
0.22353 0.34118 0.4902
0.21569 0.33725 0.48627
0.2902 0.42353 0.57255
0.27451 0.40392 0.55686
0.27451 0.4 0.55294
0.27059 0.39608 0.54902
0.25882 0.38431 0.53725
0.2549 0.38039 0.53333
0.25098 0.37647 0.52941
0.24314 0.36863 0.51765
0.24314 0.37255 0.5098
0.24314 0.37255 0.50588
0.23922 0.36863 0.50588
0.24314 0.36078 0.50196
0.23529 0.35294 0.49412
0.23137 0.35294 0.49412
0.21569 0.34118 0.4902
0.21176 0.33725 0.48627
0.30588 0.43137 0.59216
0.29412 0.42353 0.57647
0.27843 0.40392 0.55294
0.26667 0.39216 0.54118
0.26275 0.38824 0.53725
0.25882 0.38431 0.53333
0.24706 0.37255 0.52157
0.23922 0.36471 0.51373
0.23922 0.36471 0.5098
0.23922 0.36471 0.5098
0.22745 0.35294 0.49804
0.23529 0.36078 0.49804
0.23137 0.36078 0.49804
0.22745 0.35294 0.4902
0.22353 0.34902 0.48627
0.21569 0.3451 0.48627
0.30588 0.43137 0.59216
0.29412 0.41961 0.57255
0.27843 0.40392 0.55686
0.26667 0.39216 0.54118
0.26275 0.38824 0.53725
0.25882 0.38431 0.53333
0.2549 0.38039 0.52941
0.25098 0.37647 0.52549
0.23922 0.36471 0.51373
0.23922 0.36471 0.51373
0.23529 0.36078 0.5098
0.22745 0.35294 0.49412
0.23137 0.36078 0.49804
0.21961 0.34902 0.4902
0.21569 0.3451 0.48235
0.20784 0.33725 0.47843
0.30196 0.42745 0.58824
0.28627 0.41176 0.56863
0.27451 0.4 0.54902
0.27059 0.39608 0.5451
0.26275 0.38824 0.53725
0.25882 0.38431 0.53333
0.2549 0.38039 0.52941
0.24706 0.37255 0.52157
0.23922 0.36471 0.51373
0.24314 0.36863 0.51765
0.23922 0.36471 0.51373
0.22745 0.35294 0.50196
0.23137 0.35686 0.50588
0.22353 0.34902 0.49804
0.21961 0.34118 0.49412
0.31373 0.43922 0.59608
0.2902 0.41569 0.56863
0.27451 0.4 0.54902
0.27059 0.39608 0.5451
0.26667 0.39216 0.54118
0.26275 0.38824 0.53725
0.25882 0.38431 0.53333
0.25098 0.37647 0.52549
0.24314 0.36863 0.51765
0.23922 0.36471 0.51373
0.23529 0.36078 0.5098
0.23137 0.35294 0.50196
0.23137 0.35294 0.50196
0.22745 0.34902 0.49804
0.21569 0.33725 0.48627
0.21569 0.33725 0.48235
0.30588 0.43137 0.58431
0.2902 0.41569 0.56471
0.28235 0.40784 0.55686
0.27059 0.39608 0.5451
0.26275 0.38824 0.53725
0.25882 0.38431 0.53333
0.2549 0.38039 0.52941
0.24314 0.36863 0.51765
0.24314 0.36863 0.51765
0.23922 0.36471 0.51373
0.23922 0.36471 0.51373
0.24314 0.36078 0.5098
0.23529 0.35294 0.50196
0.23137 0.34902 0.49804
0.22353 0.34118 0.4902
0.30588 0.43137 0.58431
0.29412 0.41961 0.57255
0.28235 0.40784 0.56078
0.27843 0.40392 0.55686
0.26275 0.38824 0.54118
0.26275 0.38824 0.53725
0.2549 0.38039 0.52941
0.24706 0.37255 0.52157
0.24314 0.36863 0.51765
0.24314 0.36863 0.51765
0.23529 0.36078 0.5098
0.23922 0.35686 0.50588
0.23137 0.34902 0.49804
0.22745 0.3451 0.49412
0.22745 0.3451 0.49412
0.22353 0.34118 0.48627
0.29804 0.42353 0.57647
0.2902 0.41569 0.56863
0.27843 0.40392 0.55686
0.27451 0.4 0.55294
0.26667 0.39216 0.54118
0.25882 0.38431 0.53333
0.25882 0.38431 0.52941
0.25098 0.38039 0.52549
0.25098 0.37647 0.52549
0.24314 0.36863 0.51765
0.23529 0.35686 0.50588
0.24314 0.36471 0.5098
0.23529 0.35686 0.50196
0.22745 0.35294 0.49412
0.22353 0.34118 0.4902
0.2902 0.41569 0.56863
0.27059 0.39608 0.54902
0.27059 0.39608 0.54902
0.26275 0.38824 0.54118
0.26275 0.38824 0.53725
0.25882 0.38824 0.52549
0.25098 0.38039 0.52157
0.24314 0.36863 0.51765
0.24314 0.36863 0.51765
0.23529 0.36078 0.50588
0.23137 0.36471 0.50196
0.23529 0.36471 0.50196
0.22745 0.35686 0.49412
0.22745 0.3451 0.48627
0.22745 0.3451 0.48627
0.28627 0.41176 0.56471
0.27843 0.40392 0.55686
0.27843 0.40392 0.55686
0.27451 0.39608 0.5451
0.27451 0.39216 0.54118
0.26275 0.38431 0.52549
0.25882 0.38431 0.52549
0.24314 0.37647 0.52157
0.23529 0.36471 0.5098
0.22745 0.36078 0.50588
0.23137 0.36078 0.50588
0.23137 0.36078 0.50588
0.22745 0.35294 0.49804
0.23137 0.35686 0.49804
0.22353 0.34902 0.48627
0.21569 0.3451 0.48235
0.2902 0.41569 0.56863
0.28627 0.41176 0.56471
0.28235 0.40392 0.55686
0.28235 0.40392 0.55294
0.27451 0.39216 0.53725
0.26667 0.38431 0.52549
0.25882 0.38431 0.52549
0.24706 0.38039 0.52549
0.23529 0.36863 0.51373
0.22745 0.36078 0.50588
0.22353 0.35294 0.49804
0.22353 0.35294 0.49804
0.22353 0.34902 0.49804
0.21961 0.34902 0.48627
0.2902 0.41961 0.57255
0.27451 0.40392 0.55294
0.27843 0.4 0.5451
0.27451 0.39216 0.53725
0.27059 0.38824 0.53725
0.27059 0.38431 0.53333
0.2549 0.38039 0.52549
0.23529 0.37255 0.51765
0.22745 0.36471 0.50588
0.22745 0.36078 0.50588
0.22353 0.35686 0.50196
0.22353 0.35294 0.49412
0.21961 0.34902 0.48627
0.22745 0.35686 0.49412
0.22353 0.34902 0.4902
0.29412 0.42745 0.57647
0.28235 0.40784 0.55686
0.28235 0.4 0.55294
0.28235 0.4 0.54902
0.27059 0.38824 0.53725
0.26667 0.38431 0.53333
0.25882 0.38039 0.52941
0.24314 0.37255 0.51765
0.23922 0.36863 0.51765
0.24314 0.37255 0.51765
0.23529 0.37255 0.51765
0.23529 0.36863 0.5098
0.22745 0.35686 0.49412
0.22745 0.35686 0.49412
0.23137 0.35686 0.49412
0.29412 0.42745 0.57255
0.28627 0.41176 0.56078
0.28627 0.4 0.56078
0.28235 0.39608 0.55294
0.27059 0.38824 0.53725
0.26667 0.38431 0.53333
0.26275 0.38431 0.53333
0.25098 0.37647 0.52941
0.24706 0.36863 0.51765
0.23922 0.36471 0.51373
0.23137 0.36078 0.5098
0.23137 0.36078 0.50196
0.23137 0.36078 0.49804
0.23529 0.36471 0.50196
0.23137 0.35686 0.49412
0.29804 0.42353 0.56471
0.28627 0.41176 0.56078
0.27451 0.4 0.55294
0.26275 0.38824 0.54118
0.2549 0.37647 0.52941
0.25098 0.37647 0.52941
0.24706 0.37255 0.52549
0.24314 0.36863 0.51765
0.23922 0.36471 0.51373
0.23922 0.36471 0.51373
0.22745 0.35294 0.50196
0.23137 0.36078 0.50588
0.23137 0.35686 0.50196
0.23137 0.35686 0.50588
0.23137 0.35294 0.50196
0.28627 0.41569 0.56078
0.2902 0.41569 0.56471
0.27451 0.4 0.55294
0.26667 0.39216 0.5451
0.2549 0.38039 0.53333
0.2549 0.38039 0.53333
0.2549 0.38039 0.53333
0.24706 0.37255 0.52157
0.24706 0.37255 0.52157
0.24706 0.37255 0.52157
0.23529 0.36078 0.5098
0.23137 0.35686 0.50588
0.23137 0.35686 0.50588
0.21961 0.3451 0.49412
0.21961 0.3451 0.49412
0.29412 0.42353 0.57255
0.28627 0.41176 0.56078
0.27451 0.4 0.55294
0.27059 0.39608 0.54902
0.25882 0.38431 0.53725
0.2549 0.38039 0.53333
0.25098 0.38039 0.52941
0.24706 0.37255 0.52157
0.25098 0.37647 0.52549
0.24314 0.36863 0.51765
0.22745 0.35294 0.50196
0.23137 0.35686 0.50588
0.22745 0.35294 0.50196
0.22353 0.34902 0.49804
0.28627 0.42353 0.56863
0.28627 0.41569 0.56471
0.2902 0.40784 0.56471
0.27451 0.38824 0.5451
0.26667 0.38039 0.53725
0.25882 0.37647 0.52941
0.2549 0.37255 0.52549
0.25882 0.37647 0.52549
0.25882 0.37647 0.52549
0.24706 0.36471 0.51373
0.24314 0.36078 0.51373
0.22745 0.35294 0.50196
0.22745 0.36078 0.50588
0.22745 0.35294 0.50196
0.2902 0.42353 0.56863
0.28235 0.41176 0.55686
0.2902 0.40784 0.56078
0.27843 0.39216 0.54902
0.26667 0.38039 0.53725
0.26275 0.37647 0.53333
0.2549 0.37255 0.52549
0.2549 0.37255 0.52157
0.25098 0.36863 0.51765
0.24314 0.36078 0.50588
0.24706 0.36471 0.51373
0.23922 0.36471 0.51373
0.22745 0.35686 0.50196
0.22745 0.35294 0.50196
0.29804 0.42353 0.57255
0.28235 0.40784 0.55686
0.28627 0.41176 0.56471
0.27451 0.4 0.54902
0.2549 0.38039 0.52941
0.2549 0.38039 0.52941
0.26275 0.38431 0.53333
0.25882 0.37647 0.52549
0.2549 0.37255 0.52157
0.25098 0.36863 0.51765
0.23922 0.35686 0.49804
0.23922 0.36863 0.50588
0.23137 0.36471 0.50196
0.22745 0.35294 0.49804
0.29412 0.41569 0.56863
0.28627 0.41176 0.56078
0.27843 0.40392 0.55686
0.27843 0.4 0.54902
0.26275 0.38039 0.52941
0.2549 0.38039 0.52941
0.25882 0.38431 0.53333
0.25882 0.37255 0.52157
0.25098 0.36863 0.51765
0.2549 0.37255 0.51765
0.24314 0.36078 0.50196
0.23922 0.36471 0.50196
0.23529 0.36471 0.50196
0.22745 0.34902 0.50196
0.30196 0.42745 0.57647
0.28627 0.41176 0.56078
0.28235 0.40784 0.56078
0.28627 0.40392 0.55686
0.27451 0.38824 0.53725
0.26275 0.38431 0.53333
0.2549 0.37647 0.52549
0.24706 0.37255 0.52157
0.24314 0.37255 0.51373
0.23922 0.36471 0.50196
0.24706 0.36078 0.50588
0.23922 0.36078 0.50196
0.23529 0.36471 0.50196
0.28235 0.40784 0.55686
0.28627 0.41176 0.56471
0.27843 0.40392 0.55294
0.27451 0.39608 0.5451
0.27059 0.38824 0.53725
0.27059 0.38824 0.53725
0.25882 0.38039 0.52941
0.24706 0.37647 0.51765
0.24706 0.37255 0.5098
0.2549 0.37255 0.51373
0.23529 0.36078 0.49804
0.23137 0.36078 0.49804
0.23922 0.35686 0.5098
0.26667 0.38039 0.53333
0.26275 0.38039 0.52941
0.25098 0.37255 0.52157
0.24706 0.36863 0.51373
0.25882 0.38039 0.51765
0.25098 0.37647 0.51373
0.24314 0.36863 0.5098
0.23529 0.36471 0.50588
