0.61961 0.57255 0.52549
0.61569 0.56863 0.52157
0.61961 0.57255 0.52549
0.62353 0.57647 0.52941
0.62353 0.57647 0.52941
0.61961 0.57255 0.52549
0.61961 0.57255 0.52549
0.61961 0.57255 0.52549
0.61176 0.56863 0.52157
0.62353 0.57255 0.52549
0.61961 0.57255 0.52549
0.62353 0.57647 0.52941
0.62353 0.57647 0.52941
0.61569 0.56863 0.52549
0.62353 0.56863 0.52549
0.62353 0.57647 0.52549
0.62745 0.57647 0.52549
0.63137 0.57647 0.52941
0.61961 0.56863 0.52157
0.62353 0.56863 0.52549
0.61961 0.57255 0.51765
0.62353 0.57255 0.51765
0.63137 0.57647 0.52549
