0.62353 0.6902 0.76863
0.63137 0.69412 0.77647
0.63137 0.68627 0.76863
0.62745 0.6902 0.76863
0.62353 0.6902 0.76863
0.62353 0.69412 0.77255
0.62745 0.69412 0.77255
0.63137 0.6902 0.77255
0.63137 0.69412 0.77255
0.62745 0.69412 0.76863
0.62353 0.6902 0.76863
0.62745 0.69412 0.77255
0.62353 0.6902 0.76863
0.62745 0.69412 0.77255
0.62353 0.6902 0.76863
0.62745 0.69412 0.77255
0.62745 0.69412 0.77255
0.63137 0.69804 0.77647
0.62353 0.6902 0.76863
0.61961 0.68627 0.76471
0.62353 0.6902 0.76863
0.61961 0.6902 0.76078
0.62353 0.69412 0.77255
0.62745 0.69412 0.77255
0.62353 0.6902 0.76863
0.62353 0.6902 0.76863
0.62353 0.6902 0.76863
0.61961 0.69412 0.76471
0.62745 0.69412 0.77647
0.62745 0.69412 0.77255
0.62745 0.69412 0.76471
0.62745 0.69412 0.76471
0.62353 0.69412 0.76471
