0.23529 0.32549 0.45882
0.24314 0.32941 0.46667
0.2549 0.33333 0.46667
0.2549 0.32941 0.45882
0.25098 0.33725 0.47059
0.25098 0.33725 0.47059
0.23922 0.32549 0.46275
0.24706 0.33333 0.47059
0.24706 0.32549 0.46275
0.24706 0.32157 0.4549
0.27451 0.34902 0.48627
0.2549 0.33333 0.47059
0.25098 0.32941 0.47451
0.24706 0.32549 0.46667
0.24706 0.32549 0.45882
0.25098 0.32941 0.45882
0.2549 0.33333 0.46667
0.23529 0.32157 0.46275
0.23529 0.32549 0.46275
0.23137 0.32157 0.45098
0.23922 0.32941 0.4549
0.26667 0.3451 0.47451
0.25098 0.32941 0.45882
0.24314 0.32941 0.47059
0.23922 0.32941 0.46667
0.23529 0.32549 0.4549
0.23922 0.32941 0.4549
0.24314 0.32941 0.45882
0.24314 0.33725 0.46275
0.24314 0.33333 0.46667
0.24314 0.33333 0.46667
0.23922 0.32941 0.46275
0.2549 0.33725 0.47059
0.25098 0.32941 0.46667
0.25882 0.3451 0.47059
0.24314 0.32941 0.46275
0.24314 0.32549 0.46275
0.24314 0.32941 0.46275
0.27059 0.35294 0.4902
0.26275 0.34118 0.47843
0.23922 0.31765 0.4549
0.27059 0.34902 0.48627
0.24314 0.31765 0.4549
0.25098 0.32941 0.46667
0.26275 0.34118 0.47843
0.26275 0.34118 0.47843
0.26667 0.34902 0.47451
0.24706 0.32549 0.4549
0.24706 0.32549 0.45882
0.24706 0.32549 0.4549
