0.15686 0.25098 0.35686
0.15686 0.25098 0.35294
0.15686 0.24706 0.35294
0.16078 0.24706 0.35294
0.15686 0.23922 0.3451
0.15294 0.24706 0.35294
0.14902 0.24314 0.34902
0.14902 0.24314 0.3451
0.15686 0.25098 0.35294
0.16078 0.2549 0.35686
0.16471 0.25098 0.35294
0.15686 0.23922 0.3451
0.15686 0.24706 0.34902
0.14902 0.24314 0.3451
0.15294 0.24706 0.34902
0.16078 0.2549 0.35686
0.15294 0.24706 0.34902
0.15686 0.25098 0.35294
0.15294 0.24706 0.34902
0.14902 0.24314 0.3451
0.15294 0.25098 0.35294
0.15294 0.24706 0.34902
0.15686 0.25098 0.35294
0.15686 0.25098 0.35294
0.14902 0.24314 0.3451
0.16471 0.25882 0.36078
0.15294 0.24706 0.34902
0.15686 0.25098 0.35294
0.14902 0.24314 0.3451
0.15686 0.25098 0.35294
0.15294 0.24706 0.34902
