0.2 0.29804 0.41961
0.18824 0.28627 0.40392
0.20392 0.30196 0.41961
0.19216 0.2902 0.40784
0.19216 0.2902 0.40784
0.18824 0.29412 0.40784
0.18824 0.2902 0.40784
0.19216 0.29412 0.40784
0.19216 0.2902 0.40784
0.20392 0.30196 0.41961
0.2 0.30588 0.41961
0.19216 0.29804 0.41176
0.19216 0.29804 0.41176
0.18824 0.28627 0.40392
0.20784 0.30588 0.42353
0.20784 0.30588 0.42745
0.19216 0.29412 0.41176
0.18431 0.28235 0.40392
0.19608 0.29412 0.41176
0.21569 0.31373 0.43529
0.2 0.29804 0.41961
0.18824 0.28627 0.40784
0.2 0.29804 0.41961
0.22353 0.32157 0.44314
0.19216 0.29412 0.41176
0.22353 0.32157 0.44314
0.2 0.30196 0.41961
0.20784 0.30588 0.42745
0.21176 0.31373 0.43529
0.2 0.29412 0.41961
0.18824 0.2902 0.40784
0.17647 0.27059 0.39608
