0.98039 0.92157 0.83922
0.97647 0.91765 0.83529
0.96863 0.9098 0.82745
0.98431 0.92941 0.85098
0.98431 0.92941 0.85098
0.97647 0.92157 0.83922
0.98039 0.92549 0.84314
0.98431 0.93333 0.85098
0.98039 0.93333 0.8549
0.97647 0.92549 0.85098
0.98431 0.93333 0.86275
0.98431 0.93333 0.8549
0.97647 0.92941 0.84314
0.97647 0.92941 0.84314
0.98039 0.93333 0.84706
0.98431 0.93333 0.85882
0.98431 0.93333 0.85882
0.99216 0.9451 0.8549
0.96863 0.91765 0.84314
0.98039 0.92941 0.85882
0.98039 0.92941 0.84706
0.97647 0.92941 0.83922
0.98039 0.93333 0.84706
0.98039 0.93333 0.84314
0.98431 0.93725 0.8549
0.99216 0.94118 0.87059
0.99608 0.9451 0.86667
0.99216 0.94118 0.86667
0.99216 0.94118 0.85882
0.98431 0.93333 0.85882
0.97647 0.92941 0.8549
0.97647 0.92549 0.8549
0.98039 0.92941 0.85098
0.97647 0.92941 0.84314
0.98039 0.93333 0.84314
0.98431 0.93725 0.84706
0.98824 0.93725 0.8549
0.98824 0.93725 0.86667
0.99216 0.94118 0.87059
0.99216 0.94118 0.87059
0.99216 0.94118 0.86667
0.99216 0.9451 0.86275
0.98039 0.93333 0.85098
0.98039 0.93725 0.86667
0.98039 0.92941 0.86667
0.98431 0.93333 0.86275
0.98039 0.92941 0.85098
0.97647 0.92941 0.83922
0.98039 0.93333 0.84706
0.98039 0.92941 0.8549
0.98431 0.93333 0.85882
0.98824 0.93725 0.86275
0.98824 0.93725 0.86275
0.99216 0.94118 0.86667
0.99608 0.9451 0.87059
0.99216 0.94118 0.86667
0.98824 0.93725 0.86275
0.98431 0.93725 0.86275
0.98431 0.93333 0.86667
0.98039 0.92941 0.85882
0.98824 0.93725 0.86275
0.98431 0.93725 0.85098
0.96863 0.92157 0.83922
0.96863 0.91765 0.84314
0.98431 0.93333 0.85882
0.98431 0.93333 0.85882
0.98431 0.93333 0.86275
0.99216 0.94118 0.87059
0.99608 0.9451 0.87843
0.99608 0.95294 0.87843
0.99216 0.94902 0.87451
0.99216 0.94902 0.87843
0.98824 0.92941 0.84314
0.98824 0.93725 0.87059
0.98431 0.93333 0.86667
0.98431 0.93333 0.86275
0.99216 0.94118 0.86667
0.98431 0.93333 0.8549
0.96863 0.91765 0.84706
0.97647 0.92549 0.85098
0.98039 0.92941 0.8549
0.98824 0.93725 0.87059
0.99608 0.9451 0.87843
0.99608 0.94902 0.88235
0.99608 0.95294 0.88235
0.99216 0.95294 0.87843
0.99216 0.95294 0.87843
0.92549 0.85098 0.76078
0.99608 0.9451 0.88235
0.98824 0.93725 0.87451
0.98431 0.93333 0.86667
0.98824 0.93725 0.87059
0.99216 0.94118 0.87059
0.98431 0.93333 0.85882
0.98039 0.92941 0.8549
0.98431 0.93333 0.85882
0.98431 0.94118 0.87059
0.99608 0.95294 0.88235
0.99216 0.95294 0.88627
0.98824 0.95686 0.87843
0.99216 0.95294 0.88235
0.98039 0.93333 0.85098
0.98824 0.94118 0.87451
0.99216 0.9451 0.87451
0.98824 0.94118 0.87451
0.98824 0.94118 0.87059
0.99216 0.9451 0.87059
0.98431 0.93725 0.86667
0.98431 0.94118 0.86667
0.98824 0.9451 0.87451
0.99608 0.95294 0.88235
0.99608 0.95686 0.88627
0.99216 0.95686 0.88627
1 0.96078 0.8902
0.92941 0.85882 0.76863
0.98824 0.9451 0.87843
0.99216 0.94902 0.87843
0.99216 0.94902 0.87843
0.98824 0.94902 0.87451
0.98824 0.9451 0.87451
0.98824 0.9451 0.87451
0.98824 0.9451 0.87843
0.99216 0.94902 0.87843
0.98824 0.9451 0.87451
0.99216 0.94902 0.87451
0.99216 0.95686 0.8902
0.98824 0.93333 0.85882
0.98824 0.93725 0.87451
0.98431 0.93725 0.87059
0.98824 0.9451 0.87843
0.99608 0.95294 0.87843
0.99216 0.94902 0.87451
0.98824 0.9451 0.87451
0.98824 0.9451 0.87451
0.99608 0.95294 0.88235
0.99608 0.95294 0.88627
0.99608 0.94902 0.88235
0.98824 0.9451 0.88235
0.98824 0.95686 0.88235
0.93333 0.8549 0.76471
0.98431 0.93333 0.87059
0.98824 0.94118 0.87843
0.98824 0.94118 0.87843
0.99216 0.94902 0.87451
0.99608 0.95294 0.87843
0.99608 0.95294 0.88235
0.99216 0.94902 0.87843
0.98824 0.9451 0.87451
0.99216 0.9451 0.88235
0.99608 0.94902 0.88627
0.99608 0.95294 0.8902
0.98039 0.92941 0.85098
0.98824 0.93725 0.87059
0.98431 0.93333 0.87059
0.98824 0.94118 0.87843
0.98431 0.94118 0.87451
0.99216 0.94902 0.87451
0.99608 0.95294 0.87843
0.99608 0.95294 0.88235
0.99608 0.95294 0.88235
0.98824 0.9451 0.87451
0.98824 0.9451 0.87451
0.99608 0.95294 0.88235
0.99608 0.95686 0.88627
0.93333 0.85882 0.77647
0.98431 0.94118 0.87059
0.98824 0.94118 0.87059
0.98431 0.93333 0.86667
0.98824 0.94118 0.87843
0.99216 0.94902 0.88235
0.98824 0.9451 0.87843
0.98824 0.94902 0.88235
0.98824 0.95294 0.88235
0.98824 0.94902 0.87843
0.99216 0.9451 0.87843
0.99216 0.95294 0.88627
0.98039 0.92157 0.84706
0.99608 0.95294 0.88235
0.98039 0.94118 0.87059
0.98431 0.93725 0.87059
0.98431 0.93725 0.87451
0.98824 0.94118 0.87843
0.99216 0.94902 0.88627
0.98824 0.9451 0.88235
0.99216 0.94902 0.88627
0.99216 0.9451 0.88235
0.98431 0.9451 0.88235
0.98824 0.94902 0.87843
0.92549 0.8549 0.76471
0.82745 0.78431 0.7098
0.98039 0.95294 0.8902
0.98431 0.94118 0.87451
0.98824 0.94118 0.87843
0.98824 0.93725 0.87451
0.99608 0.94902 0.88627
0.99216 0.9451 0.88235
0.98824 0.94118 0.87843
0.99216 0.94118 0.88235
0.98431 0.94902 0.88627
0.97647 0.92549 0.83922
0.95294 0.92941 0.87451
0.98039 0.9451 0.87843
0.98431 0.9451 0.88235
0.98431 0.94118 0.87843
0.98824 0.94118 0.87843
0.99608 0.9451 0.88235
0.99608 0.9451 0.88235
0.99216 0.9451 0.88627
0.99608 0.94902 0.87843
0.92941 0.84706 0.76078
0.92157 0.89804 0.83922
0.96863 0.93725 0.87451
0.97255 0.9451 0.88235
0.98431 0.94902 0.88235
0.99216 0.95294 0.88627
0.99216 0.9451 0.88235
0.99216 0.9451 0.88235
0.99608 0.95294 0.8902
0.97255 0.91765 0.83137
0.90196 0.88235 0.82353
0.95686 0.92549 0.86667
0.96078 0.93333 0.87059
0.97647 0.94118 0.87451
0.98824 0.94902 0.88235
0.99608 0.94902 0.88627
0.99608 0.94902 0.88627
0.99608 0.94902 0.88627
0.92549 0.84314 0.75686
0.85098 0.83529 0.77647
0.95294 0.92549 0.86667
0.94902 0.92157 0.8549
0.95686 0.91765 0.8549
0.96863 0.92549 0.85882
0.99216 0.9451 0.88235
0.99608 0.95294 0.89412
0.97647 0.91765 0.85098
0.87451 0.78039 0.68627
0.78824 0.76078 0.70588
0.95294 0.92941 0.87059
0.9451 0.91765 0.8549
0.95294 0.91765 0.85098
0.95686 0.91765 0.84706
0.96078 0.93333 0.86275
0.99216 0.94902 0.88235
0.92549 0.85098 0.76078
0.95294 0.92941 0.86667
0.94118 0.91765 0.85098
0.95294 0.92549 0.8549
0.95294 0.92549 0.8549
0.96078 0.93333 0.86275
0.96863 0.91373 0.83137
0.88235 0.79216 0.67843
0.94902 0.92549 0.86275
0.94118 0.91765 0.8549
0.9451 0.92941 0.8549
0.9451 0.92941 0.8549
0.96078 0.93725 0.86275
0.92941 0.8549 0.78431
0.86667 0.76471 0.67059
0.94118 0.91373 0.85882
0.93725 0.91765 0.85098
0.94118 0.92549 0.85098
0.95294 0.92549 0.85882
0.96078 0.92157 0.83922
0.89412 0.79608 0.70196
0.85882 0.76863 0.66667
0.9098 0.89412 0.83529
0.94118 0.91765 0.85098
0.9451 0.92157 0.85098
0.95294 0.92549 0.85098
0.93725 0.87059 0.78824
0.86667 0.76863 0.67059
0.85882 0.76078 0.66275
0.87059 0.86275 0.79608
0.94902 0.92157 0.85882
0.9451 0.91765 0.85098
0.94902 0.92941 0.84706
0.90196 0.80784 0.72157
0.85882 0.76471 0.66275
0.83529 0.81569 0.7451
0.94118 0.92549 0.85882
0.94902 0.92549 0.85882
0.93725 0.8902 0.80392
0.87451 0.77647 0.68235
0.87451 0.77255 0.67451
0.77647 0.74902 0.68627
0.93725 0.92549 0.86667
0.95686 0.92549 0.85098
0.90196 0.83137 0.73725
0.8549 0.75686 0.65882
0.75686 0.71373 0.66667
0.9451 0.92549 0.87843
0.94118 0.90196 0.81961
0.87451 0.78824 0.6902
0.86275 0.76078 0.65882
0.94902 0.92549 0.88627
0.92157 0.85882 0.77255
0.86275 0.76863 0.66275
0.9451 0.90588 0.85882
0.8902 0.80392 0.71373
0.90588 0.83922 0.78039
0.87843 0.77647 0.67843
0.80784 0.72549 0.64706
