0.45882 0.56078 0.73333
0.4549 0.55294 0.72549
0.45882 0.55294 0.72157
0.45882 0.55294 0.72549
0.45882 0.55294 0.72549
0.46275 0.55686 0.72941
0.47059 0.56471 0.73725
0.47059 0.56471 0.73725
0.46275 0.55686 0.72941
0.46667 0.56078 0.73333
0.46275 0.55686 0.72941
0.46667 0.56078 0.73333
0.47451 0.56863 0.74118
0.46667 0.56078 0.73333
0.47451 0.56863 0.74118
0.47843 0.56863 0.74118
0.46667 0.56078 0.73333
0.46667 0.56078 0.73333
0.4549 0.54902 0.72157
0.45882 0.55294 0.72549
0.46275 0.55686 0.72941
0.46275 0.55686 0.72941
0.46667 0.56078 0.73333
0.46667 0.56078 0.73333
0.47059 0.56471 0.73725
0.46667 0.56078 0.73333
0.46667 0.56078 0.73333
0.4549 0.55686 0.72941
