0.19216 0.54118 0.75686
0.20392 0.55294 0.77255
0.19216 0.54118 0.76471
0.18431 0.54118 0.75686
0.18431 0.54118 0.76471
0.20392 0.56078 0.78431
0.20392 0.56078 0.78431
0.2 0.55686 0.78039
0.2 0.55686 0.77255
0.19216 0.54902 0.76863
0.18824 0.5451 0.76863
0.20392 0.56078 0.78431
0.2 0.55686 0.78039
0.20784 0.56471 0.78824
0.20784 0.56471 0.78039
0.2 0.55686 0.77647
0.2 0.55686 0.78039
0.20392 0.56471 0.78824
0.20784 0.56471 0.78824
0.20392 0.56078 0.78824
0.21176 0.56863 0.78824
0.21176 0.56863 0.79216
0.20784 0.56078 0.78431
0.20784 0.56471 0.78431
0.20392 0.56863 0.79216
0.21176 0.57255 0.79608
0.20784 0.57255 0.79608
0.21176 0.57255 0.79608
0.21961 0.57255 0.8
0.22353 0.58039 0.80392
0.22353 0.57647 0.79216
0.2 0.56863 0.79216
0.20784 0.57255 0.79608
0.2 0.57255 0.79216
0.20392 0.56863 0.79216
0.21176 0.56863 0.79216
0.21961 0.58431 0.8
0.21569 0.58824 0.80392
0.23529 0.6 0.83137
