0.56471 0.68235 0.79216
0.56078 0.67843 0.78824
0.55686 0.67843 0.78824
0.56471 0.67843 0.79216
0.56863 0.67843 0.79216
0.57255 0.67843 0.79216
0.57255 0.67843 0.79216
0.55294 0.67451 0.78431
0.56078 0.67843 0.78824
0.56863 0.67843 0.78824
0.57255 0.67843 0.79216
0.57255 0.67843 0.78824
0.56078 0.67843 0.79216
0.56078 0.68235 0.79216
0.56471 0.68235 0.79216
0.57647 0.68235 0.79608
0.56863 0.67451 0.78824
0.57255 0.67843 0.78824
0.57647 0.67843 0.78431
0.57647 0.68235 0.78824
0.57647 0.68235 0.78824
0.56078 0.68235 0.79216
0.56471 0.68235 0.79216
0.56863 0.68235 0.79216
0.56863 0.67843 0.79608
0.56471 0.67451 0.78824
0.57647 0.68235 0.79216
0.57647 0.68235 0.78824
0.56863 0.67451 0.78039
0.57255 0.67843 0.78431
0.57255 0.67843 0.78431
0.55686 0.67843 0.79216
0.55294 0.67451 0.78431
0.56078 0.68235 0.79216
0.56471 0.68627 0.79608
0.56078 0.68235 0.78824
0.56078 0.67451 0.79216
0.56471 0.67843 0.79216
0.57647 0.68235 0.79216
0.57255 0.67843 0.78431
0.56863 0.67451 0.78039
0.57647 0.68235 0.78824
0.57647 0.68235 0.78824
0.57255 0.67843 0.78431
0.57647 0.68235 0.78824
0.57647 0.68235 0.78824
0.55686 0.67843 0.79216
0.55686 0.67843 0.78824
0.56078 0.68235 0.79216
0.56471 0.68235 0.79216
0.56471 0.68235 0.79216
0.56078 0.67451 0.79216
0.56471 0.67843 0.79216
0.57255 0.67843 0.78824
0.57647 0.68235 0.78824
0.57647 0.68235 0.78824
0.57647 0.68235 0.78824
0.57647 0.68235 0.78824
0.57647 0.68235 0.78824
0.58431 0.6902 0.79608
0.58039 0.68627 0.79216
0.58039 0.68627 0.79216
0.56078 0.68235 0.79608
0.55686 0.67843 0.78824
0.55686 0.67843 0.78824
0.56078 0.67843 0.78824
0.56078 0.67843 0.78824
0.56471 0.68235 0.79608
0.56471 0.68235 0.79216
0.57255 0.67843 0.79216
0.57255 0.67843 0.78824
0.58039 0.68627 0.78824
0.57647 0.68235 0.78824
0.57647 0.68235 0.78824
0.57647 0.68235 0.78824
0.57255 0.67843 0.78431
0.57647 0.68235 0.78824
0.57647 0.68627 0.78431
0.58039 0.68627 0.78431
0.58039 0.6902 0.78431
0.57647 0.68627 0.78039
0.55686 0.67843 0.79216
0.55686 0.67843 0.78824
0.56471 0.68627 0.79608
0.56471 0.68235 0.79216
0.56471 0.68235 0.79216
0.56078 0.67843 0.78824
0.56471 0.67843 0.78824
0.57255 0.67843 0.79216
0.57255 0.67843 0.78824
0.57647 0.68235 0.78824
0.58039 0.68627 0.79216
0.57647 0.68235 0.78824
0.57255 0.67843 0.78431
0.57255 0.67843 0.78431
0.58039 0.68627 0.78824
0.57647 0.68627 0.78039
0.57647 0.68627 0.78039
0.57647 0.68627 0.78039
0.57647 0.68627 0.78039
0.58039 0.68235 0.78039
0.58824 0.68235 0.78431
0.55686 0.67843 0.79216
0.55686 0.67843 0.79216
0.56471 0.68627 0.79608
0.56471 0.68627 0.79608
0.56471 0.68235 0.79216
0.56078 0.67843 0.78824
0.56863 0.68235 0.79216
0.57647 0.68235 0.79608
0.57647 0.68235 0.79216
0.57647 0.68235 0.78824
0.57647 0.68235 0.78824
0.58039 0.68627 0.79216
0.57647 0.68235 0.78824
0.57255 0.67843 0.78431
0.57647 0.68627 0.78824
0.58039 0.68627 0.78039
0.57647 0.68627 0.78039
0.58039 0.6902 0.78431
0.58039 0.6902 0.78431
0.58431 0.68627 0.78431
0.58431 0.67843 0.78039
0.55686 0.67843 0.79216
0.55686 0.67451 0.78824
0.56078 0.67843 0.78824
0.56863 0.68627 0.79608
0.56471 0.68235 0.79216
0.56471 0.68235 0.79216
0.57255 0.68235 0.79608
0.57647 0.68235 0.8
0.57647 0.68235 0.79216
0.57647 0.68235 0.78824
0.57647 0.68235 0.78824
0.57647 0.68235 0.78824
0.57647 0.68235 0.78824
0.57647 0.68235 0.78824
0.58039 0.68627 0.79216
0.57647 0.6902 0.78431
0.57255 0.68627 0.78039
0.57255 0.68235 0.77647
0.57647 0.68235 0.77647
0.58039 0.68235 0.78039
0.58824 0.68235 0.78431
0.56471 0.67843 0.79608
0.56471 0.67843 0.79216
0.56078 0.67843 0.78824
0.56471 0.67451 0.78824
0.56863 0.67451 0.78824
0.57255 0.67843 0.79216
0.57255 0.67843 0.79216
0.57255 0.67843 0.79216
0.57255 0.67843 0.79216
0.57647 0.68235 0.78824
0.57647 0.68235 0.78824
0.57647 0.68235 0.78824
0.57255 0.67843 0.78431
0.57647 0.68235 0.78824
0.58039 0.68627 0.79216
0.57647 0.68627 0.78824
0.56863 0.68627 0.78824
0.57255 0.68627 0.78431
0.58039 0.6902 0.78431
0.58431 0.68627 0.78431
0.58039 0.67843 0.77647
0.58824 0.68235 0.77647
0.56078 0.67451 0.79216
0.56078 0.67843 0.79216
0.56078 0.67843 0.78824
0.57255 0.67843 0.79216
0.57255 0.67843 0.79216
0.57255 0.67843 0.79216
0.57647 0.68235 0.79608
0.57255 0.67843 0.79216
0.57647 0.68235 0.79608
0.57647 0.68235 0.78824
0.57647 0.68235 0.78824
0.58039 0.68627 0.79216
0.58039 0.68627 0.79216
0.57647 0.68235 0.78824
0.57647 0.68235 0.78824
0.57647 0.68235 0.78824
0.57255 0.68627 0.78824
0.57647 0.68235 0.78431
0.58824 0.6902 0.78824
0.58824 0.6902 0.78824
0.58431 0.68235 0.78039
0.59216 0.68627 0.78039
0.56078 0.67451 0.79216
0.55686 0.67451 0.78824
0.56078 0.67843 0.78824
0.57255 0.67843 0.79216
0.57647 0.68627 0.79608
0.57647 0.68235 0.79608
0.57647 0.68627 0.79608
0.57255 0.67843 0.79216
0.57255 0.67843 0.79216
0.58039 0.68627 0.79608
0.58039 0.68627 0.79216
0.58039 0.68627 0.79216
0.58039 0.68627 0.79216
0.58039 0.68627 0.79216
0.58039 0.68627 0.79216
0.58039 0.68627 0.79216
0.58039 0.68627 0.79216
0.58431 0.68627 0.78824
0.58824 0.6902 0.78824
0.58431 0.68627 0.78824
0.58431 0.68235 0.78039
0.59216 0.68627 0.78039
0.55294 0.67843 0.79216
0.55294 0.67451 0.78824
0.56078 0.67843 0.78824
0.56471 0.68235 0.79216
0.56471 0.68235 0.79216
0.56863 0.68627 0.79216
0.56863 0.68627 0.78824
0.57255 0.6902 0.79216
0.57647 0.6902 0.79216
0.57255 0.67843 0.78431
0.57647 0.68235 0.78824
0.58039 0.68627 0.79216
0.58039 0.68627 0.79216
0.57647 0.68235 0.78824
0.57647 0.68235 0.79608
0.58039 0.68627 0.79216
0.58039 0.6902 0.78431
0.57647 0.6902 0.78431
0.58431 0.6902 0.78824
0.59216 0.69412 0.79216
0.58824 0.6902 0.79608
0.58824 0.68627 0.78824
0.58824 0.68235 0.78039
0.55686 0.67843 0.79608
0.55294 0.67451 0.78824
0.55686 0.67843 0.79216
0.56078 0.68235 0.79216
0.56471 0.68235 0.79216
0.56471 0.68235 0.79216
0.56863 0.68627 0.79216
0.56471 0.68235 0.78431
0.56863 0.68627 0.78824
0.57255 0.68627 0.79216
0.57255 0.67843 0.78431
0.57647 0.68235 0.78824
0.58431 0.6902 0.79608
0.57647 0.68235 0.78824
0.57647 0.68235 0.79216
0.57255 0.67843 0.79216
0.58039 0.68627 0.79216
0.58039 0.6902 0.78824
0.57647 0.6902 0.78431
0.58431 0.69412 0.78824
0.58824 0.6902 0.79216
0.58824 0.6902 0.79608
0.58824 0.68627 0.78824
0.58824 0.68235 0.78039
0.55294 0.67451 0.78824
0.55686 0.67843 0.79216
0.56471 0.68235 0.79216
0.56471 0.68235 0.79216
0.56471 0.68235 0.79608
0.56863 0.68627 0.79216
0.56471 0.68235 0.78431
0.57255 0.6902 0.79216
0.57255 0.6902 0.79216
0.57647 0.68235 0.78824
0.58039 0.68627 0.79216
0.58431 0.6902 0.79608
0.58431 0.6902 0.79216
0.58039 0.68627 0.79216
0.58039 0.68627 0.79608
0.58039 0.68627 0.79216
0.58039 0.6902 0.78431
0.58039 0.69412 0.78824
0.58431 0.69412 0.78824
0.58431 0.68627 0.78431
0.58431 0.68627 0.79216
0.59216 0.6902 0.79216
0.59216 0.68627 0.78431
0.55686 0.67843 0.79608
0.54902 0.67059 0.78431
0.55294 0.67451 0.78824
0.55686 0.67843 0.79216
0.56471 0.68627 0.79608
0.56471 0.68235 0.79216
0.56863 0.67451 0.78824
0.56863 0.68235 0.79216
0.56471 0.68235 0.79216
0.56863 0.6902 0.79608
0.57255 0.68627 0.79608
0.58039 0.68627 0.79216
0.57255 0.67843 0.78431
0.58039 0.68627 0.79216
0.58431 0.6902 0.79608
0.58039 0.68627 0.79216
0.58039 0.68627 0.79216
0.58039 0.68627 0.79216
0.57647 0.68627 0.78824
0.57647 0.68627 0.79216
0.58039 0.68627 0.79216
0.58824 0.6902 0.79216
0.58824 0.6902 0.79216
0.58824 0.68627 0.78431
0.59216 0.68627 0.78039
0.60392 0.6902 0.78431
0.55686 0.67843 0.79608
0.55686 0.67843 0.79216
0.55686 0.67843 0.79216
0.55686 0.67843 0.79216
0.55686 0.67843 0.79216
0.56078 0.67843 0.79216
0.56078 0.67843 0.78824
0.57647 0.68235 0.79608
0.57255 0.67843 0.79216
0.56471 0.68627 0.79216
0.56471 0.68627 0.79608
0.56863 0.68627 0.79608
0.57647 0.68627 0.79216
0.58039 0.68627 0.79216
0.58039 0.68627 0.79216
0.58431 0.6902 0.79608
0.57647 0.68235 0.78824
0.57255 0.67843 0.78431
0.58039 0.68627 0.79216
0.57647 0.68235 0.78824
0.58039 0.68627 0.79216
0.58431 0.68627 0.79216
0.58431 0.68627 0.79216
0.58824 0.6902 0.78824
0.58431 0.68235 0.77647
0.58824 0.68235 0.77647
0.55686 0.67843 0.79608
0.55686 0.67451 0.78824
0.55686 0.67843 0.79216
0.55294 0.67451 0.78824
0.55686 0.67843 0.79216
0.56078 0.68235 0.79216
0.56863 0.68627 0.79608
0.57647 0.68627 0.8
0.57255 0.68235 0.79216
0.56471 0.68235 0.79216
0.56078 0.68235 0.79216
0.56078 0.68235 0.79216
0.56471 0.68235 0.78431
0.57647 0.68627 0.79216
0.57647 0.68235 0.78824
0.58039 0.68627 0.79216
0.57647 0.68235 0.78824
0.57647 0.68235 0.78824
0.58039 0.68627 0.79216
0.57647 0.68235 0.78824
0.57647 0.68235 0.78824
0.58431 0.68627 0.79216
0.58431 0.68627 0.79216
0.58431 0.68627 0.78431
0.58431 0.68627 0.78039
0.54902 0.67843 0.79216
0.55294 0.67843 0.79216
0.55686 0.67843 0.79216
0.56078 0.67843 0.79608
0.56471 0.68235 0.79216
0.56863 0.68627 0.79608
0.57647 0.68235 0.79608
0.57647 0.68235 0.79608
0.56863 0.67843 0.79216
0.56471 0.68235 0.78824
0.56863 0.68627 0.79216
0.57255 0.69412 0.79216
0.57647 0.6902 0.79216
0.57647 0.68235 0.78824
0.57647 0.68235 0.78824
0.57255 0.68235 0.78431
0.57255 0.68627 0.78824
0.57647 0.6902 0.79216
0.57647 0.68627 0.78824
0.58039 0.68235 0.79216
0.58824 0.6902 0.79216
0.58824 0.6902 0.79216
0.59216 0.69412 0.79216
0.55686 0.68235 0.79608
0.56078 0.67843 0.79608
0.56471 0.67843 0.79608
0.56471 0.68235 0.79608
0.56863 0.68627 0.79608
0.58039 0.68627 0.8
0.57647 0.68235 0.79608
0.57647 0.68235 0.79608
0.57255 0.68627 0.79216
0.56863 0.68627 0.78824
0.57647 0.6902 0.79608
0.58039 0.6902 0.79216
0.57647 0.68235 0.78824
0.58039 0.68627 0.79216
0.58039 0.68627 0.79216
0.57255 0.68235 0.78824
0.57647 0.68627 0.79216
0.58039 0.68627 0.79216
0.58431 0.68627 0.79216
0.58824 0.6902 0.78824
0.58431 0.68627 0.78431
0.56078 0.67843 0.79608
0.56471 0.67843 0.79608
0.56863 0.68235 0.8
0.56471 0.68235 0.79608
0.56471 0.67843 0.78824
0.57647 0.68235 0.79608
0.58039 0.68627 0.8
0.58039 0.68627 0.8
0.57647 0.68627 0.79216
0.58039 0.6902 0.79608
0.58824 0.69412 0.8
0.58039 0.6902 0.79608
0.58039 0.68627 0.79216
0.58039 0.68627 0.79608
0.58431 0.6902 0.79608
0.58431 0.6902 0.79608
0.58039 0.68627 0.79216
0.58431 0.6902 0.79608
0.58824 0.6902 0.79608
0.58431 0.68627 0.78824
0.56078 0.67451 0.79216
0.56471 0.67451 0.79608
0.56471 0.67843 0.79608
0.56863 0.68235 0.8
0.56471 0.68235 0.79216
0.57255 0.68235 0.79608
0.57647 0.68627 0.79608
0.58039 0.68627 0.8
0.57647 0.68235 0.79216
0.57647 0.68235 0.79216
0.58039 0.68627 0.79216
0.58431 0.6902 0.79216
0.58431 0.68627 0.78824
0.58431 0.6902 0.79216
0.59216 0.69412 0.8
0.58431 0.68627 0.78824
0.58039 0.68627 0.78824
0.56863 0.68235 0.8
0.56471 0.67843 0.79608
0.56471 0.67843 0.79608
0.56471 0.67843 0.79608
0.56863 0.68627 0.79608
0.56863 0.68235 0.79608
0.58039 0.68627 0.8
0.58039 0.68627 0.8
0.58039 0.68627 0.79608
0.58039 0.68627 0.79216
0.56078 0.67843 0.79608
0.56078 0.67843 0.79608
0.56471 0.68627 0.8
0.56471 0.68627 0.8
0.56863 0.68627 0.79608
0.57255 0.68627 0.79608
0.58039 0.68627 0.8
0.58039 0.68627 0.8
0.58039 0.68235 0.79608
0.58039 0.68627 0.79216
0.56078 0.68235 0.79608
0.56078 0.68235 0.79608
0.56863 0.68627 0.79608
0.57255 0.6902 0.8
0.58039 0.6902 0.8
0.57647 0.68627 0.8
0.57647 0.68235 0.79608
0.57647 0.68627 0.79216
0.58039 0.68627 0.79216
0.56471 0.68235 0.79216
0.56471 0.68235 0.79216
0.56863 0.68627 0.79608
0.56471 0.68235 0.79216
0.56863 0.68627 0.79608
0.56863 0.68627 0.79608
0.56471 0.68235 0.8
0.56471 0.68627 0.79608
0.57255 0.6902 0.8
0.56863 0.68627 0.79608
0.57255 0.6902 0.8
0.56471 0.68235 0.79608
0.56863 0.6902 0.80392
0.56078 0.68235 0.79216
0.56863 0.68627 0.79608
0.56471 0.68627 0.8
0.56471 0.68627 0.8
