0.99216 0.9451 0.85098
1 0.96078 0.86667
1 0.95686 0.87059
0.99608 0.96078 0.87059
1 0.96078 0.86275
1 0.95686 0.87059
1 0.96078 0.87451
1 0.96078 0.87451
1 0.96078 0.87451
1 0.96078 0.87451
1 0.95686 0.86275
1 0.95686 0.87059
1 0.95686 0.87059
1 0.95686 0.87059
1 0.95686 0.87059
1 0.95686 0.87059
0.99608 0.94902 0.85882
0.99608 0.95294 0.86667
1 0.95686 0.87059
1 0.95686 0.87059
1 0.95686 0.87843
0.99216 0.9451 0.85098
0.99608 0.95294 0.86667
1 0.95686 0.87059
1 0.95686 0.87059
1 0.95686 0.87843
0.99216 0.94902 0.86275
1 0.95686 0.87059
1 0.95686 0.87059
0.99608 0.95294 0.87451
0.99608 0.95686 0.87059
0.99608 0.95686 0.86667
