0.12549 0.18039 0.25098
0.12549 0.18824 0.2902
0.13725 0.19216 0.2902
0.12157 0.17255 0.25882
0.11765 0.18431 0.28627
0.12157 0.18039 0.28627
0.12941 0.18431 0.28627
0.12941 0.17647 0.28235
0.11765 0.18824 0.28627
0.12157 0.18431 0.28627
0.11765 0.17647 0.28235
0.12941 0.18431 0.2902
0.13333 0.18039 0.2902
0.12157 0.18431 0.28627
0.12157 0.17647 0.28235
0.12941 0.18431 0.2902
0.13333 0.18824 0.29804
0.12549 0.16863 0.2549
0.12549 0.18039 0.28627
0.12941 0.18431 0.2902
0.12941 0.18431 0.2902
0.12157 0.16471 0.27451
0.12549 0.18039 0.28627
