0.98431 0.97255 0.89804
0.98431 0.97255 0.89804
0.98824 0.97647 0.90196
0.99216 0.98039 0.90588
0.99608 0.98039 0.90588
1 0.98824 0.91373
1 0.98039 0.90588
0.99608 0.97647 0.90196
1 0.97647 0.90588
1 0.98824 0.91765
1 0.98824 0.92157
1 0.98824 0.92157
0.99608 0.98431 0.9098
1 0.98039 0.90588
1 0.98039 0.90588
0.99608 0.97255 0.89804
1 0.98824 0.91765
1 0.98824 0.91373
1 0.98824 0.9098
0.99608 0.99216 0.9098
0.99608 0.98039 0.89804
1 0.97647 0.90196
0.98039 0.95294 0.87451
1 0.98431 0.89804
0.99608 0.98431 0.90588
1 0.98039 0.90196
1 0.98039 0.90196
