0.66667 0.72549 0.8
0.66667 0.72549 0.8
0.65882 0.71765 0.79608
0.66667 0.72549 0.8
0.66667 0.72157 0.79608
0.66275 0.71765 0.79216
0.66667 0.72549 0.8
0.66667 0.72157 0.79608
0.66667 0.71765 0.79216
0.67059 0.72157 0.78824
0.67059 0.72549 0.79216
0.67059 0.72157 0.8
0.67451 0.72549 0.8
0.67451 0.72549 0.79216
0.67059 0.72157 0.78824
0.67059 0.72157 0.78824
0.67059 0.72157 0.78824
0.67059 0.72157 0.79608
0.67059 0.72157 0.79216
0.67451 0.72549 0.78824
0.67451 0.72549 0.79216
0.67451 0.72549 0.79216
0.66667 0.72157 0.78431
0.67451 0.72549 0.79216
0.67059 0.72157 0.78824
0.67059 0.72157 0.78824
0.67451 0.72549 0.79216
0.67451 0.72549 0.79216
0.67059 0.72157 0.78824
