0.24314 0.35686 0.51373
0.23529 0.34902 0.50588
0.23137 0.34902 0.50588
0.22353 0.34118 0.49412
0.21961 0.33725 0.48627
0.23137 0.35294 0.5098
0.23529 0.36078 0.51373
0.23137 0.35294 0.50588
0.21961 0.34118 0.49412
0.21569 0.34118 0.4902
0.23529 0.36078 0.51373
0.23529 0.36078 0.51373
0.22745 0.35294 0.50588
0.21961 0.3451 0.49412
0.22353 0.3451 0.49412
0.23922 0.36471 0.51765
0.23137 0.35686 0.5098
0.22353 0.34902 0.49804
0.21569 0.34118 0.4902
0.22353 0.3451 0.49412
0.23922 0.36471 0.51765
0.22745 0.35294 0.50588
0.21961 0.3451 0.49804
0.22353 0.34902 0.49804
0.23922 0.36471 0.51765
0.22745 0.34902 0.50588
