0.27451 0.63529 0.84314
0.27451 0.63529 0.84314
0.28235 0.63922 0.84706
0.27059 0.63922 0.85098
0.27451 0.64314 0.85098
0.27059 0.63922 0.84706
0.26667 0.63529 0.84314
0.27059 0.63529 0.84314
0.27843 0.63922 0.84706
0.27451 0.64706 0.85882
0.27059 0.63922 0.85098
0.26667 0.63529 0.84706
0.26667 0.63922 0.85098
0.26667 0.63922 0.84314
0.26667 0.63529 0.83922
0.26275 0.64314 0.85098
0.25882 0.63922 0.84706
0.26667 0.63922 0.85098
0.27451 0.64314 0.85098
0.27451 0.64314 0.84706
0.27059 0.63922 0.84314
0.26667 0.64314 0.85882
0.2549 0.64314 0.8549
0.26275 0.64706 0.8549
0.26667 0.63922 0.8549
0.27059 0.63922 0.85098
0.27059 0.63922 0.84706
0.26667 0.63529 0.84706
