0.69412 0.64314 0.58039
0.69412 0.64314 0.58039
0.69804 0.64706 0.58431
0.69412 0.64314 0.58039
0.69804 0.64706 0.58431
0.69412 0.64314 0.58039
0.69412 0.64314 0.58431
0.69804 0.64314 0.58431
0.70588 0.64314 0.58431
0.70196 0.64706 0.58431
0.70196 0.65098 0.58824
0.70196 0.65098 0.58824
0.70196 0.65098 0.58824
0.70196 0.65098 0.58824
0.69412 0.64706 0.58039
0.69804 0.64706 0.58431
0.70588 0.64314 0.58431
0.70196 0.63922 0.57647
0.69804 0.63529 0.57255
0.69804 0.64314 0.59216
0.70588 0.64314 0.58431
0.70588 0.64706 0.58431
0.70196 0.65098 0.58824
0.69804 0.64706 0.58431
0.69804 0.64706 0.58431
0.70196 0.65098 0.58824
0.70196 0.65098 0.58824
0.69804 0.64706 0.58431
0.70196 0.63922 0.58039
0.70196 0.63922 0.58039
0.70196 0.63922 0.57647
0.70196 0.63922 0.57647
0.70196 0.63922 0.57647
0.6902 0.63922 0.58039
0.69804 0.64706 0.58824
0.69804 0.64314 0.58824
0.69804 0.64706 0.58824
0.70196 0.64706 0.58431
0.70196 0.65098 0.58824
0.70588 0.6549 0.59216
0.70196 0.65098 0.58824
0.69804 0.64706 0.58039
0.70588 0.65098 0.58824
0.70588 0.65098 0.58824
0.70196 0.64706 0.58431
0.70588 0.64314 0.58431
0.70588 0.64314 0.58039
0.70588 0.64314 0.57647
0.70588 0.64706 0.58039
0.7098 0.64706 0.58039
0.69412 0.63922 0.58824
0.69412 0.64314 0.58431
0.69804 0.64706 0.58431
0.6902 0.63922 0.57647
0.6902 0.64314 0.58039
0.69412 0.64314 0.58039
0.69804 0.64706 0.58431
0.69804 0.64706 0.58431
0.69804 0.64706 0.58431
0.69804 0.64706 0.58431
0.70196 0.65098 0.58431
0.70196 0.64706 0.58431
0.7098 0.64706 0.58824
0.7098 0.64706 0.58824
0.70588 0.64314 0.58431
0.7098 0.64706 0.58824
0.7098 0.64706 0.58431
0.70588 0.64706 0.57647
0.70588 0.64314 0.57647
0.71765 0.6549 0.58431
0.68627 0.63529 0.59216
0.6902 0.63529 0.58431
0.69804 0.64314 0.58431
0.69804 0.64314 0.58824
0.69412 0.64314 0.59216
0.69412 0.64706 0.59216
0.69804 0.64706 0.58824
0.70196 0.65098 0.58824
0.70196 0.65098 0.58824
0.69804 0.64706 0.58431
0.69804 0.64706 0.58431
0.70196 0.65098 0.58431
0.70196 0.65098 0.58431
0.70196 0.65098 0.58824
0.70196 0.65098 0.58824
0.70588 0.65098 0.59216
0.7098 0.65098 0.59216
0.7098 0.64706 0.58824
0.71373 0.65098 0.58039
0.7098 0.64706 0.58431
0.71765 0.65882 0.58824
0.6902 0.63137 0.58824
0.69804 0.63922 0.58824
0.69804 0.64314 0.58431
0.69804 0.64706 0.58824
0.69804 0.64706 0.59216
0.69804 0.65098 0.59216
0.70196 0.65098 0.58824
0.70196 0.65098 0.58824
0.70196 0.64706 0.58824
0.69804 0.64706 0.58431
0.70196 0.65098 0.58431
0.70196 0.65098 0.58824
0.70588 0.65098 0.59216
0.70196 0.65098 0.58824
0.70588 0.6549 0.59216
0.7098 0.65882 0.59608
0.71373 0.6549 0.59608
0.7098 0.64706 0.58824
0.71373 0.65882 0.58824
0.72157 0.65882 0.59216
0.6902 0.63529 0.58431
0.69804 0.63529 0.58431
0.70196 0.63922 0.58824
0.70196 0.63922 0.58824
0.69804 0.64706 0.58431
0.6902 0.64314 0.57647
0.69412 0.64314 0.58039
0.69412 0.64706 0.58039
0.69804 0.64706 0.58431
0.7098 0.64314 0.59608
0.70196 0.64314 0.58824
0.69804 0.64706 0.58431
0.70196 0.64706 0.59608
0.70588 0.65098 0.6
0.70588 0.6549 0.59216
0.70196 0.65098 0.58824
0.70588 0.6549 0.59216
0.7098 0.65882 0.59608
0.7098 0.65882 0.59216
0.7098 0.65882 0.58824
0.71765 0.6549 0.58431
0.6902 0.63529 0.58039
0.69804 0.63529 0.57647
0.69804 0.63529 0.58039
0.70196 0.63922 0.58431
0.69804 0.64706 0.58431
0.69804 0.64706 0.58431
0.69412 0.64314 0.58039
0.69412 0.64706 0.58039
0.69804 0.64706 0.58431
0.70196 0.63529 0.58431
0.70196 0.63922 0.58824
0.70588 0.64706 0.59216
0.70588 0.64706 0.59216
0.7098 0.65098 0.59216
0.7098 0.65098 0.59216
0.70588 0.64706 0.58824
0.70588 0.64706 0.58824
0.7098 0.65098 0.59216
0.71373 0.6549 0.59216
0.71765 0.65882 0.58824
0.72549 0.66275 0.58824
0.68627 0.63137 0.57647
0.69804 0.63529 0.57647
0.70196 0.63922 0.58039
0.70196 0.63922 0.58039
0.70196 0.64706 0.58431
0.69804 0.64706 0.58431
0.69804 0.65098 0.58431
0.69804 0.64706 0.58431
0.69804 0.64706 0.58431
0.69804 0.63922 0.58824
0.70196 0.63922 0.59216
0.70588 0.64314 0.59608
0.7098 0.64706 0.59216
0.71373 0.65098 0.58824
0.71373 0.64706 0.58824
0.70588 0.64314 0.58431
0.7098 0.64314 0.58431
0.71373 0.65098 0.59216
0.71765 0.6549 0.59216
0.72157 0.65882 0.58824
0.72941 0.66275 0.59216
0.66275 0.62353 0.56863
0.65882 0.62353 0.56471
0.65882 0.61961 0.56078
0.67843 0.62745 0.57255
0.67843 0.62745 0.58039
0.67843 0.63137 0.58039
0.67843 0.63137 0.57647
0.67451 0.62745 0.57255
0.68627 0.63529 0.58431
0.6902 0.63529 0.58431
0.6902 0.62745 0.57647
0.69804 0.63137 0.57255
0.69804 0.63922 0.57255
0.69412 0.64314 0.57255
0.69804 0.64706 0.58039
0.69412 0.64314 0.57647
0.70196 0.6549 0.58824
0.70588 0.65098 0.58824
0.70588 0.64706 0.59216
0.70588 0.64314 0.6
0.7098 0.64314 0.60392
0.70588 0.65098 0.60392
0.70196 0.65098 0.58824
0.7098 0.65098 0.58039
0.71373 0.65098 0.58431
0.71765 0.64706 0.58824
0.71765 0.6549 0.58824
0.71765 0.65882 0.58431
0.71765 0.65882 0.58431
0.72157 0.66275 0.58824
0.64314 0.60392 0.57647
0.64314 0.60392 0.57255
0.63529 0.6 0.56078
0.63922 0.60392 0.56863
0.63922 0.60392 0.57255
0.63137 0.59608 0.56471
0.62353 0.59216 0.55686
0.61961 0.58824 0.54902
0.62353 0.58824 0.55686
0.63137 0.59216 0.56078
0.63137 0.58431 0.55294
0.63137 0.58431 0.55294
0.63137 0.58824 0.54902
0.63137 0.59608 0.54902
0.63137 0.59608 0.55294
0.63529 0.6 0.55686
0.63922 0.6 0.56078
0.63529 0.6 0.55686
0.63529 0.59608 0.56078
0.62353 0.58824 0.54902
0.62353 0.58431 0.54902
0.63529 0.59216 0.54118
0.6549 0.60784 0.53725
0.67843 0.62745 0.56471
0.69804 0.64314 0.58039
0.70588 0.63922 0.56863
0.71373 0.65098 0.58431
0.72157 0.66275 0.58824
0.72157 0.66275 0.58824
0.72157 0.66275 0.58824
0.63529 0.59216 0.53725
0.7098 0.64706 0.56863
0.71373 0.64706 0.58039
0.72157 0.66275 0.59216
0.72157 0.66275 0.58824
0.72549 0.66667 0.59216
0.62353 0.58039 0.53333
0.71373 0.64706 0.58039
0.71765 0.64706 0.58039
0.71765 0.6549 0.57647
0.71373 0.65882 0.57647
0.72549 0.66275 0.58431
0.61961 0.56078 0.48627
0.71765 0.63922 0.52941
0.71765 0.63922 0.52941
0.71373 0.64314 0.53725
0.7098 0.65098 0.5451
0.72549 0.6549 0.55686
0.63529 0.55294 0.43922
0.71373 0.61961 0.44706
0.71765 0.62745 0.46667
0.72549 0.63529 0.47843
0.72157 0.63922 0.4902
0.63137 0.55294 0.41961
0.71373 0.61569 0.43922
0.71373 0.61569 0.43529
0.72157 0.62353 0.4549
0.71765 0.62745 0.46667
0.64314 0.56863 0.43529
0.71373 0.61961 0.45882
0.7098 0.61961 0.45098
0.72549 0.63137 0.47059
0.73725 0.64314 0.4902
0.67059 0.59608 0.48235
0.71373 0.61961 0.48235
0.71373 0.63137 0.49412
0.72549 0.63922 0.50196
0.72941 0.64314 0.5098
0.69412 0.61961 0.52941
0.7098 0.63137 0.52157
0.72549 0.65098 0.54118
0.72157 0.6549 0.54118
0.72157 0.6549 0.54118
0.41961 0.39608 0.35686
0.70588 0.64314 0.55686
0.7098 0.65098 0.5451
0.72549 0.65882 0.55686
0.72549 0.6549 0.55686
0.46275 0.43922 0.41176
0.71765 0.6549 0.58039
0.72157 0.6549 0.56471
0.48627 0.46275 0.43922
0.71765 0.65098 0.58431
0.52157 0.49412 0.47059
