0.054902 0.19216 0.35686
0.043137 0.17647 0.33333
0.019608 0.15686 0.32157
0.019608 0.14902 0.31373
0.019608 0.14118 0.30196
0.031373 0.15294 0.31373
0.019608 0.16471 0.32549
0.019608 0.14902 0.31373
0.019608 0.1451 0.30588
0.027451 0.1451 0.30588
0.019608 0.16078 0.32549
0.019608 0.15294 0.31765
0.023529 0.15294 0.3098
0.019608 0.1451 0.29804
0.023529 0.15686 0.32157
0.023529 0.15686 0.31373
0.019608 0.1451 0.30196
0.011765 0.14118 0.28627
0.019608 0.15686 0.30588
0.023529 0.15294 0.3098
0.011765 0.14118 0.29412
