0.94902 0.83137 0.70196
0.96078 0.84314 0.7098
0.9451 0.83137 0.69804
0.94902 0.83529 0.70196
0.95294 0.83529 0.70196
0.95294 0.83529 0.70196
0.95294 0.83529 0.70196
0.95294 0.83922 0.70588
0.95686 0.83922 0.70588
0.95686 0.83922 0.70588
0.95686 0.83922 0.70588
0.96078 0.84314 0.7098
0.96078 0.84314 0.7098
0.95686 0.84314 0.7098
0.95686 0.83922 0.70588
0.95686 0.83922 0.70588
0.96078 0.83922 0.70588
0.96471 0.84314 0.7098
0.96078 0.84706 0.71373
0.95686 0.84314 0.7098
0.95686 0.83922 0.70588
0.96471 0.83922 0.7098
0.96078 0.83922 0.7098
0.96078 0.84314 0.7098
0.95686 0.83922 0.70588
0.96078 0.84314 0.7098
0.96078 0.84314 0.7098
0.95686 0.84314 0.7098
0.95686 0.84314 0.7098
0.95686 0.83922 0.70588
0.96078 0.83529 0.70588
0.96471 0.84314 0.7098
0.96078 0.84314 0.7098
0.95294 0.83529 0.70196
0.95294 0.83529 0.70588
0.96471 0.84706 0.71373
0.96078 0.84314 0.7098
0.95294 0.83922 0.70588
0.95686 0.83922 0.70588
0.96471 0.83922 0.70588
0.96471 0.84314 0.7098
0.95686 0.83922 0.70588
0.95686 0.83922 0.70588
0.95686 0.83922 0.70588
0.96078 0.84314 0.71373
0.96078 0.84314 0.7098
0.96078 0.84314 0.7098
0.95294 0.83529 0.70196
0.96078 0.84314 0.7098
0.96078 0.84314 0.7098
0.95686 0.83922 0.70588
0.96078 0.84314 0.70588
0.95686 0.83529 0.7098
0.95294 0.83529 0.69804
0.96078 0.84314 0.70588
0.96078 0.84314 0.70588
0.96471 0.84706 0.7098
0.94902 0.82745 0.70196
0.94902 0.83137 0.69804
0.96078 0.84314 0.7098
0.96078 0.84314 0.7098
0.95686 0.83922 0.70588
0.95294 0.83529 0.69804
0.95294 0.83529 0.70588
0.96863 0.85098 0.7098
0.95294 0.83529 0.7098
0.95686 0.83922 0.70588
0.96078 0.84314 0.7098
0.96078 0.84314 0.7098
0.96078 0.84314 0.7098
0.95686 0.83922 0.70196
0.95294 0.83529 0.70588
0.95294 0.83922 0.70588
0.95294 0.83922 0.70588
0.94902 0.83529 0.70196
