0.99216 0.94118 0.84314
0.98431 0.93725 0.84314
0.98824 0.93725 0.84314
0.98039 0.93725 0.84706
0.98824 0.9451 0.8549
0.99216 0.9451 0.85882
0.99216 0.93725 0.83922
0.99216 0.9451 0.8549
0.99216 0.94902 0.86275
0.99216 0.9451 0.85882
0.99216 0.9451 0.85882
0.99216 0.94118 0.85098
0.98039 0.92157 0.82353
1 0.9451 0.8549
0.99608 0.94902 0.86275
0.98431 0.94118 0.8549
0.98824 0.94118 0.8549
0.99608 0.9451 0.8549
0.99608 0.93725 0.84314
0.99608 0.9451 0.85098
0.98431 0.93333 0.84314
0.99216 0.93725 0.85098
1 0.9451 0.85098
0.99608 0.93725 0.83529
0.99216 0.93333 0.84314
