0.49804 0.61176 0.74118
0.50196 0.61569 0.74118
0.50196 0.61569 0.74118
0.50588 0.61961 0.7451
0.50196 0.61569 0.74118
0.50196 0.61176 0.74118
0.50196 0.61569 0.74118
0.50196 0.61569 0.74118
0.50588 0.61961 0.7451
0.50588 0.62353 0.74902
0.50588 0.61569 0.74118
0.50588 0.61569 0.74118
0.50196 0.61569 0.7451
0.50196 0.61569 0.74118
0.49804 0.61569 0.73725
0.50196 0.61569 0.74118
0.50196 0.61569 0.74118
0.5098 0.62353 0.74902
0.50196 0.61569 0.74118
0.50196 0.61569 0.7451
0.49804 0.61176 0.73725
0.49412 0.60784 0.73333
0.50196 0.61961 0.74118
0.50588 0.61961 0.7451
0.50588 0.61961 0.7451
0.50196 0.61569 0.74118
0.50196 0.61569 0.7451
0.50588 0.61569 0.7451
0.5098 0.61961 0.74902
0.50196 0.61569 0.74118
