0.18824 0.28627 0.39608
0.21176 0.3098 0.41569
0.18824 0.28627 0.39608
0.20784 0.2902 0.40392
0.20784 0.29804 0.41569
0.21176 0.30588 0.42353
0.18431 0.27843 0.39608
0.21176 0.29412 0.41176
0.20784 0.27843 0.40392
0.21176 0.29412 0.41961
0.23137 0.31373 0.43529
0.19216 0.27843 0.4
0.2 0.28235 0.41176
0.21569 0.28235 0.38824
0.21176 0.29804 0.42353
0.21961 0.30196 0.42745
0.20784 0.28627 0.40784
0.19216 0.27843 0.4
0.38431 0.41961 0.48627
0.20784 0.2902 0.40784
0.21176 0.28627 0.40392
0.21176 0.27451 0.36863
0.64706 0.64314 0.63922
0.21176 0.29412 0.40392
0.2902 0.34118 0.41961
0.38824 0.43529 0.48235
0.47843 0.51373 0.53725
