0.52549 0.65882 0.81176
0.52549 0.65882 0.80784
0.52941 0.66275 0.81569
0.52157 0.65882 0.81176
0.52549 0.66275 0.81176
0.52941 0.66275 0.81176
0.52941 0.66275 0.81176
0.52157 0.65882 0.80392
0.52157 0.65882 0.80784
0.52549 0.66667 0.81569
0.53725 0.66667 0.81569
0.52549 0.65882 0.80784
0.52941 0.66275 0.81176
0.52941 0.66275 0.81176
0.51765 0.6549 0.80392
0.51373 0.6549 0.80392
0.52941 0.66275 0.81176
0.52549 0.65882 0.80784
0.52941 0.66275 0.81176
0.52549 0.66275 0.81569
0.52157 0.65882 0.81176
0.51373 0.6549 0.80392
0.52157 0.6549 0.80392
0.52157 0.6549 0.80392
0.52941 0.66275 0.81176
0.52157 0.65882 0.81176
0.52549 0.66275 0.81569
