0.2902 0.65098 0.86275
0.28627 0.65882 0.87451
0.27843 0.6549 0.87059
0.27059 0.65098 0.86667
0.25882 0.63922 0.8549
0.30196 0.66667 0.87059
0.28627 0.65098 0.85882
0.28627 0.6549 0.86275
0.27059 0.6549 0.85882
0.26275 0.6549 0.85882
0.26667 0.64706 0.85882
0.25882 0.63922 0.85098
0.25882 0.63529 0.84706
0.26275 0.63137 0.84706
0.27059 0.63529 0.84706
0.33333 0.67059 0.87059
0.29412 0.65098 0.85882
0.27843 0.65098 0.85098
0.27843 0.66275 0.85882
0.26275 0.66275 0.8549
0.26275 0.64706 0.85098
0.26667 0.64706 0.8549
0.26275 0.64314 0.85098
0.26275 0.63529 0.84706
0.26667 0.63529 0.84706
0.27843 0.63529 0.84314
0.32157 0.62745 0.82353
0.27843 0.64706 0.85098
0.28235 0.6549 0.85882
0.28627 0.66275 0.86275
0.27843 0.66275 0.86275
0.27843 0.65882 0.86667
0.27843 0.65882 0.86667
0.27059 0.65098 0.85882
0.27059 0.64314 0.8549
0.27059 0.63922 0.85098
0.27843 0.63529 0.84314
0.28627 0.63922 0.84706
0.30588 0.55686 0.76078
0.30196 0.65882 0.86667
0.28627 0.65098 0.8549
0.28627 0.65882 0.85882
0.28235 0.65882 0.85882
0.28235 0.66275 0.86667
0.28627 0.66275 0.87059
0.28235 0.65882 0.86667
0.28627 0.65882 0.86667
0.2902 0.6549 0.86667
0.29804 0.6549 0.86275
0.29412 0.64706 0.8549
0.32549 0.67451 0.87451
0.29412 0.6549 0.85098
0.30196 0.6549 0.86275
0.29412 0.66667 0.86667
0.28627 0.66275 0.86275
0.2902 0.66667 0.86667
0.28627 0.66275 0.86275
0.2902 0.66275 0.86275
0.29412 0.65882 0.86275
0.29804 0.6549 0.86275
0.29804 0.65098 0.85882
0.33725 0.65882 0.8549
0.30588 0.65882 0.85882
0.30588 0.6549 0.86275
0.30196 0.66667 0.86667
0.30196 0.67059 0.87451
0.30196 0.67451 0.87451
0.30196 0.67059 0.87451
0.30196 0.67059 0.87451
0.29804 0.66275 0.87059
0.30196 0.65882 0.86667
0.29804 0.6549 0.86275
0.31373 0.58824 0.79216
0.31373 0.66275 0.86667
0.3098 0.65098 0.86275
0.30196 0.66667 0.86667
0.30588 0.67451 0.87843
0.3098 0.67843 0.88235
0.30196 0.67059 0.87451
0.29804 0.67059 0.87451
0.30196 0.66667 0.87451
0.30588 0.65882 0.87059
0.3098 0.66275 0.87059
0.27059 0.5098 0.68627
0.31765 0.67059 0.87843
0.30588 0.6549 0.86275
0.30588 0.66275 0.86667
0.30588 0.67059 0.87059
0.29804 0.67059 0.86667
0.2902 0.66667 0.86275
0.29804 0.67059 0.87059
0.30588 0.67451 0.87843
0.3098 0.66667 0.87451
0.32549 0.66667 0.86275
0.3098 0.67059 0.87451
0.31373 0.66275 0.87059
0.3098 0.66667 0.86667
0.30196 0.66667 0.86667
0.30196 0.67059 0.87451
0.30588 0.67451 0.87843
0.31373 0.67451 0.88235
0.31765 0.67059 0.87843
0.32157 0.60784 0.8
0.3098 0.67451 0.87843
0.3098 0.66667 0.86667
0.3098 0.66275 0.86667
0.31373 0.67451 0.87451
0.3098 0.67451 0.87451
0.31373 0.67451 0.87843
0.31373 0.67059 0.87843
0.32941 0.67451 0.87843
0.31765 0.66667 0.86275
0.31765 0.66667 0.86667
0.31373 0.67059 0.87059
0.3098 0.67451 0.87451
0.31373 0.67451 0.87451
0.3451 0.66275 0.85882
0.30588 0.66275 0.85882
0.31373 0.66667 0.86275
0.3098 0.66667 0.86667
0.3098 0.67059 0.87059
0.30588 0.58039 0.76863
0.32157 0.67451 0.87451
0.32549 0.67843 0.87451
