0.30196 0.38039 0.50588
0.29412 0.37255 0.4902
0.2902 0.36471 0.48235
0.28627 0.36863 0.4902
0.29804 0.37647 0.49412
0.29804 0.37255 0.4902
0.30588 0.38039 0.49804
0.3098 0.38431 0.50588
0.2902 0.37255 0.49412
0.29412 0.36863 0.4902
0.29804 0.37255 0.4902
0.31373 0.38824 0.50588
0.2902 0.36471 0.4902
0.29804 0.38039 0.50196
0.30196 0.38039 0.49804
0.29804 0.37255 0.4902
0.29412 0.36863 0.48627
0.27451 0.34902 0.47059
0.2902 0.37255 0.49412
0.3098 0.38431 0.50196
0.29412 0.36863 0.48627
0.28627 0.36078 0.48627
0.30588 0.38431 0.50588
0.31765 0.39216 0.51373
0.29412 0.36863 0.4902
0.29412 0.36863 0.49412
0.32157 0.39608 0.52157
0.31373 0.38824 0.51373
0.2902 0.36471 0.49412
0.28235 0.35686 0.48627
