0.81569 0.75686 0.67843
0.81961 0.76078 0.68235
0.81961 0.75686 0.68235
0.82353 0.76078 0.6902
0.82353 0.76471 0.6902
0.82353 0.75686 0.68627
0.81569 0.7451 0.67451
0.82353 0.76471 0.68627
0.82745 0.76078 0.6902
0.81961 0.75686 0.68235
0.81961 0.75294 0.68235
0.81176 0.74118 0.67451
0.83922 0.77255 0.70196
0.84314 0.77647 0.70588
0.83137 0.76471 0.69412
0.81176 0.7451 0.67451
0.82353 0.75686 0.68235
0.81176 0.7451 0.67059
0.83137 0.76863 0.70196
0.82353 0.76078 0.69412
0.81961 0.75294 0.68627
0.83529 0.77255 0.7098
0.83137 0.76471 0.70588
