0.31765 0.31765 0.35686
0.3098 0.32157 0.34902
0.35294 0.3451 0.35294
0.31373 0.32549 0.36471
0.31765 0.32157 0.35294
0.31373 0.32941 0.36863
0.30196 0.32157 0.36863
0.3098 0.31765 0.36471
0.3098 0.31373 0.36078
0.31765 0.32549 0.37647
0.34902 0.34118 0.35294
0.29804 0.31373 0.35686
0.31373 0.32549 0.36863
0.32157 0.32941 0.36471
0.3098 0.31765 0.36471
0.3098 0.31765 0.36078
0.30588 0.3098 0.35686
0.31765 0.32157 0.37647
0.3451 0.3451 0.40392
0.49804 0.47059 0.47059
0.33725 0.32941 0.37255
0.30196 0.31765 0.36471
0.31373 0.32941 0.37255
0.31373 0.32941 0.36471
0.31373 0.32549 0.36078
0.30588 0.31765 0.35294
0.31373 0.32157 0.36471
0.32941 0.33725 0.38824
0.35294 0.34118 0.39608
0.38039 0.37255 0.4
0.32941 0.33333 0.38431
0.3098 0.32941 0.37647
0.31765 0.33333 0.37647
0.30588 0.32157 0.35686
0.31373 0.32549 0.36078
0.3098 0.32157 0.35294
0.30588 0.31373 0.36078
0.33333 0.34118 0.39216
0.35686 0.34902 0.38824
0.34902 0.3451 0.38431
0.34118 0.34118 0.38431
0.31373 0.32549 0.36471
0.31765 0.33333 0.37647
0.29804 0.31373 0.34902
0.30196 0.31373 0.34902
0.3098 0.32157 0.35686
0.31765 0.32549 0.36863
0.33333 0.3451 0.39216
0.38431 0.38039 0.4
0.53333 0.4902 0.46275
0.34118 0.33725 0.38039
0.32549 0.32157 0.36078
0.3098 0.32157 0.36078
0.30588 0.32157 0.36078
0.30588 0.32157 0.35686
0.29412 0.30588 0.34118
0.29412 0.3098 0.34902
0.31765 0.32941 0.37647
0.32941 0.34902 0.39608
0.39608 0.38824 0.39608
0.40784 0.38039 0.38431
0.33333 0.33725 0.38431
0.31765 0.31765 0.35686
0.29804 0.31765 0.35294
0.3098 0.32157 0.36078
0.30196 0.31765 0.35686
0.29804 0.31373 0.35294
0.2902 0.30588 0.3451
0.31765 0.33725 0.38039
0.31765 0.33725 0.38431
0.40784 0.4 0.40392
0.35686 0.3451 0.37647
0.32941 0.34902 0.4
0.31373 0.32157 0.35686
0.29412 0.31373 0.35686
0.3098 0.32549 0.36863
0.29804 0.31373 0.35686
0.29804 0.31373 0.35294
0.30196 0.31765 0.35686
0.32549 0.34118 0.38824
0.32157 0.34118 0.38824
0.41569 0.40784 0.41569
0.51373 0.48235 0.46667
0.32941 0.34118 0.38039
0.32941 0.34118 0.38039
0.31373 0.32549 0.36471
0.29804 0.31765 0.36471
0.3098 0.32549 0.37255
0.30196 0.31765 0.36471
0.30588 0.31765 0.36471
0.32549 0.33333 0.38039
0.32549 0.34118 0.38431
0.32941 0.3451 0.39216
0.39216 0.38431 0.40392
0.38431 0.37647 0.4
0.32941 0.34902 0.39216
0.33725 0.3451 0.38824
0.32549 0.33725 0.38039
0.31373 0.32549 0.37255
0.32157 0.32941 0.38039
0.3098 0.31765 0.36863
0.31373 0.32157 0.37255
0.32941 0.33725 0.38431
0.32549 0.34118 0.38431
0.34118 0.35686 0.4
0.37647 0.36863 0.39216
0.35294 0.3451 0.39216
0.3451 0.35294 0.40392
0.32157 0.33725 0.39216
0.31765 0.32941 0.38039
0.31373 0.32157 0.36863
0.3098 0.32157 0.36863
0.31373 0.32157 0.37255
0.31765 0.32549 0.37647
0.32941 0.33725 0.38431
0.33333 0.3451 0.38824
0.33333 0.34902 0.39216
0.37255 0.36471 0.38824
0.51373 0.46275 0.44314
0.35294 0.35294 0.40784
0.35294 0.35686 0.40392
0.32549 0.34118 0.39608
0.32157 0.33725 0.38824
0.3098 0.32549 0.37255
0.30588 0.32157 0.36863
0.31373 0.32941 0.37647
0.32941 0.3451 0.39216
0.32941 0.34118 0.38824
0.32941 0.3451 0.38824
0.32941 0.3451 0.38824
0.36078 0.35686 0.38039
0.41961 0.37647 0.39608
0.35294 0.35686 0.42745
0.34902 0.35686 0.40784
0.33725 0.3451 0.39608
0.3098 0.32941 0.37647
0.30588 0.32549 0.37255
0.3098 0.32157 0.36863
0.31765 0.33333 0.38039
0.33725 0.35294 0.4
0.32941 0.3451 0.39216
0.32549 0.34118 0.38824
0.32941 0.34118 0.39216
0.34118 0.34118 0.37255
0.36471 0.3451 0.40392
0.35294 0.35294 0.41569
0.33333 0.34118 0.39216
0.32941 0.33725 0.38824
0.3098 0.32941 0.37647
0.3098 0.32941 0.37647
0.30588 0.32157 0.36863
0.32157 0.33725 0.38431
0.33725 0.35294 0.4
0.32157 0.33725 0.38431
0.32157 0.33725 0.38431
0.33725 0.35294 0.4
0.34118 0.3451 0.37647
0.51765 0.4902 0.46667
0.35294 0.35294 0.41961
0.34902 0.34902 0.40784
0.33333 0.3451 0.39608
0.32549 0.34118 0.38824
0.30588 0.32941 0.37647
0.30196 0.32157 0.36863
0.3098 0.32549 0.37647
0.34118 0.35686 0.40392
0.34902 0.36863 0.41569
0.33333 0.34902 0.39608
0.33333 0.34902 0.39608
0.34118 0.35686 0.40784
0.34118 0.34902 0.38039
0.57647 0.54902 0.4902
0.40784 0.39608 0.41569
0.33725 0.34902 0.41176
0.32941 0.3451 0.40392
0.32157 0.3451 0.39608
0.32157 0.34118 0.38431
0.30196 0.32157 0.36863
0.29412 0.31765 0.37255
0.3098 0.33333 0.38824
0.34118 0.36471 0.40784
0.33333 0.35294 0.39608
0.32549 0.34118 0.38824
0.33725 0.35294 0.4
0.33725 0.34902 0.4
0.33725 0.33725 0.36863
0.50588 0.48235 0.43137
0.36078 0.36471 0.41569
0.32549 0.35686 0.41176
0.32549 0.35294 0.39216
0.31765 0.34118 0.38824
0.31373 0.32549 0.37255
0.31373 0.32941 0.37647
0.3098 0.32157 0.37647
0.33725 0.35294 0.40784
0.34902 0.36471 0.41176
0.34118 0.36078 0.40392
0.32549 0.34118 0.38824
0.33725 0.35294 0.40392
0.33725 0.34902 0.4
0.33725 0.33725 0.37255
0.45882 0.42745 0.40392
0.55294 0.51373 0.50196
0.36078 0.36471 0.42353
0.33333 0.35294 0.40784
0.32941 0.34118 0.39608
0.32157 0.33333 0.39216
0.32157 0.32941 0.38039
0.32549 0.33333 0.38431
0.31765 0.32549 0.38431
0.3451 0.36078 0.41176
0.33333 0.34902 0.39608
0.34118 0.35686 0.4
0.32157 0.34118 0.38431
0.34118 0.36078 0.40392
0.33333 0.34902 0.39216
0.3451 0.3451 0.38431
0.39608 0.36863 0.36078
0.43922 0.41961 0.44314
0.36078 0.36863 0.42745
0.3451 0.35294 0.41176
0.33333 0.33725 0.4
0.32549 0.33725 0.39608
0.31765 0.32941 0.38431
0.3098 0.32157 0.38039
0.33725 0.34902 0.40392
0.35294 0.37255 0.42353
0.32549 0.35294 0.39216
0.32549 0.36078 0.39608
0.31373 0.34118 0.38039
0.34118 0.36078 0.39608
0.3451 0.36078 0.4
0.34118 0.34902 0.39608
0.35686 0.35294 0.34902
0.37255 0.37647 0.43137
0.35686 0.36863 0.43137
0.3451 0.35686 0.41569
0.33725 0.3451 0.40392
0.32941 0.34118 0.4
0.31765 0.32941 0.38824
0.3098 0.32157 0.38039
0.35686 0.36471 0.42745
0.34902 0.36471 0.41961
0.32941 0.35686 0.40392
0.32549 0.35686 0.39608
0.31765 0.33725 0.37647
0.33725 0.35294 0.38824
0.34118 0.36078 0.39216
0.35294 0.36078 0.4
0.33725 0.33725 0.35686
0.57255 0.54118 0.4902
0.55686 0.51765 0.5098
0.37255 0.38039 0.43922
0.34902 0.36471 0.42353
0.33333 0.34902 0.40784
0.33333 0.3451 0.40392
0.31765 0.32941 0.38824
0.31373 0.32549 0.38431
0.32157 0.33333 0.39216
0.36078 0.37255 0.43922
0.3451 0.36078 0.42353
0.32941 0.35294 0.40392
0.32941 0.35686 0.4
0.33333 0.34902 0.39216
0.33725 0.34902 0.38824
0.34118 0.35686 0.38431
0.3451 0.35686 0.39216
0.33725 0.33725 0.37647
0.43137 0.41961 0.40392
0.42745 0.40392 0.44314
0.36078 0.37647 0.43529
0.34902 0.36471 0.41961
0.33725 0.34902 0.40784
0.33725 0.34902 0.40784
0.32157 0.33725 0.38824
0.31373 0.32549 0.38039
0.34902 0.36078 0.42745
0.36078 0.37647 0.44314
0.34118 0.36471 0.42353
0.32549 0.34902 0.40392
0.33725 0.35686 0.40784
0.33333 0.34118 0.39216
0.34118 0.34902 0.39216
0.3451 0.35686 0.39216
0.3451 0.36078 0.39216
0.34118 0.34902 0.38039
0.36078 0.36078 0.36471
0.36863 0.36863 0.41176
0.35686 0.37255 0.41961
0.3451 0.35686 0.41176
0.33333 0.3451 0.40392
0.32941 0.33725 0.39608
0.31373 0.32549 0.37647
0.33333 0.3451 0.4
0.35686 0.36863 0.43529
0.35294 0.36863 0.43529
0.34118 0.36078 0.42353
0.33725 0.35686 0.41176
0.33725 0.35294 0.4
0.32157 0.32941 0.38039
0.34118 0.34902 0.39608
0.34118 0.35686 0.38431
0.32549 0.34118 0.37255
0.33333 0.3451 0.37255
0.33333 0.34118 0.35294
0.57647 0.56078 0.49804
0.37255 0.39216 0.43529
0.37255 0.38039 0.42745
0.36078 0.36863 0.41961
0.34902 0.35686 0.40784
0.32941 0.33725 0.38824
0.33725 0.35294 0.4
0.36863 0.38039 0.43529
0.37255 0.38431 0.44706
0.35294 0.36471 0.43529
0.33725 0.34902 0.41569
0.32549 0.34118 0.39608
0.33725 0.34902 0.39608
0.32941 0.33725 0.38824
0.33725 0.3451 0.39216
0.33333 0.34902 0.38039
0.33725 0.35294 0.37255
0.34118 0.34902 0.38039
0.32941 0.33725 0.36078
