0.81961 0.76471 0.73725
0.82353 0.76863 0.72157
0.78824 0.74902 0.73725
0.84706 0.78431 0.72941
0.83529 0.77255 0.72941
0.81961 0.76078 0.71373
0.75686 0.72157 0.74118
0.84706 0.80392 0.76471
0.82745 0.77255 0.72157
0.82745 0.76471 0.72157
0.81961 0.75686 0.70588
0.70588 0.69412 0.70196
0.86275 0.82745 0.77255
0.84314 0.8 0.75294
0.82353 0.77647 0.72549
0.81961 0.76078 0.70196
0.78039 0.71765 0.66275
0.60392 0.58824 0.63529
0.85882 0.82353 0.79216
0.82745 0.78431 0.72157
0.83137 0.78431 0.72941
0.82353 0.77255 0.7098
0.81569 0.75686 0.6902
0.78824 0.72549 0.66275
0.76863 0.70588 0.64314
0.52157 0.49804 0.54902
0.85098 0.81569 0.8
0.81961 0.77255 0.72157
0.80784 0.75686 0.69804
0.81569 0.76471 0.7098
0.81176 0.75686 0.68627
0.79608 0.73333 0.66275
0.78824 0.72157 0.6549
0.77255 0.70588 0.63922
0.76863 0.70588 0.64314
0.83137 0.8 0.78824
0.81569 0.78039 0.72549
0.8 0.76078 0.6902
0.82353 0.77255 0.7098
0.81176 0.75294 0.6902
0.80784 0.7451 0.66667
0.8 0.72941 0.65098
0.78824 0.72157 0.64706
0.78039 0.71373 0.64314
0.76863 0.70588 0.64314
0.76471 0.70196 0.64314
0.81176 0.77647 0.74902
0.84706 0.80784 0.74902
0.81569 0.77255 0.7098
0.81569 0.76863 0.70588
0.81176 0.76078 0.69412
0.79608 0.73725 0.66667
0.8 0.73333 0.6549
0.79216 0.72549 0.63922
0.79216 0.72157 0.64314
0.77255 0.7098 0.63529
0.76471 0.70196 0.63529
0.76078 0.69804 0.63922
0.67451 0.63922 0.63922
0.86275 0.81569 0.76078
0.83137 0.77255 0.7098
0.83137 0.77647 0.71373
0.81176 0.75686 0.69804
0.79216 0.73725 0.67059
0.77255 0.71373 0.63922
0.79216 0.72941 0.6549
0.8 0.72941 0.65098
0.78824 0.71765 0.64314
0.77255 0.7098 0.63922
0.78039 0.72157 0.65882
0.76078 0.69804 0.63922
0.75294 0.6902 0.63137
0.84706 0.79608 0.76863
0.78824 0.73333 0.6902
0.82745 0.76078 0.70588
0.83922 0.77647 0.71373
0.79216 0.73333 0.66667
0.78039 0.72157 0.64706
0.76863 0.70588 0.63137
0.78824 0.72157 0.6549
0.79608 0.72549 0.66275
0.79216 0.72549 0.66275
0.78824 0.72157 0.66667
0.78039 0.71765 0.65882
0.78431 0.72157 0.66275
0.76078 0.69804 0.63922
0.74902 0.68627 0.62745
0.75294 0.72549 0.72157
0.84706 0.79608 0.75294
0.81569 0.75294 0.70588
0.84314 0.78039 0.72157
0.81961 0.75686 0.69412
0.80392 0.73725 0.67451
0.77255 0.70588 0.63529
0.78431 0.71765 0.65098
0.78824 0.72549 0.66275
0.77647 0.71373 0.65098
0.78431 0.72549 0.65882
0.78431 0.72157 0.65882
0.78039 0.71765 0.6549
0.78431 0.72157 0.66275
0.76863 0.70588 0.64706
0.74902 0.6902 0.62745
0.74118 0.6902 0.62745
0.56863 0.5451 0.59216
0.86667 0.82745 0.78039
0.85098 0.79216 0.74118
0.84706 0.78431 0.74118
0.83529 0.77255 0.71373
0.81569 0.75294 0.6902
0.8 0.73333 0.67059
0.78039 0.71373 0.64706
0.78431 0.72549 0.65882
0.79216 0.74118 0.67843
0.78431 0.73333 0.67059
0.78824 0.73333 0.67059
0.78039 0.72549 0.66275
0.77647 0.72157 0.66275
0.78431 0.72549 0.67451
0.77255 0.71373 0.66275
0.76078 0.70588 0.65098
0.76471 0.70196 0.65098
0.82745 0.77255 0.7451
0.83922 0.78824 0.73725
0.86275 0.8 0.75294
0.8549 0.79216 0.74118
0.82745 0.76863 0.7098
0.80784 0.7451 0.68235
0.78431 0.71765 0.6549
0.80392 0.74118 0.67843
0.80784 0.75294 0.6902
0.8 0.74902 0.6902
0.79608 0.74902 0.68627
0.79608 0.7451 0.68235
0.78824 0.73725 0.67451
0.78039 0.72549 0.66667
0.76863 0.71373 0.66275
0.77647 0.72157 0.67059
0.77255 0.71373 0.66275
0.77647 0.71373 0.66275
0.75686 0.69412 0.63922
0.64314 0.61569 0.61961
0.84706 0.8 0.74118
0.83137 0.78039 0.72549
0.87059 0.81176 0.76471
0.85098 0.78824 0.73725
0.82353 0.76078 0.70196
0.80784 0.7451 0.68235
0.80392 0.74118 0.68235
0.80784 0.7451 0.68627
0.81176 0.75294 0.6902
0.81176 0.76078 0.69804
0.81176 0.76078 0.69804
0.80784 0.75686 0.69412
0.78431 0.73333 0.67059
0.76863 0.71373 0.65882
0.76863 0.71373 0.66275
0.77255 0.71765 0.66667
0.77647 0.72157 0.67059
0.76471 0.7098 0.65882
0.75294 0.69412 0.63529
0.74118 0.67843 0.61569
0.83922 0.80784 0.77255
0.82745 0.79608 0.72941
0.86275 0.81176 0.75294
0.87451 0.81961 0.76078
0.8549 0.79216 0.73725
0.82745 0.76471 0.70588
0.82353 0.76078 0.69804
0.81961 0.75686 0.69412
0.81176 0.7451 0.6902
0.81176 0.75294 0.6902
0.81569 0.76471 0.70196
0.81176 0.76078 0.69804
0.80392 0.75294 0.68627
0.77647 0.72549 0.66275
0.77647 0.72549 0.66275
0.78039 0.72549 0.67059
0.78431 0.73333 0.67451
0.78039 0.72549 0.67059
0.76471 0.7098 0.65882
0.68235 0.66667 0.66667
0.84706 0.8 0.73725
0.84314 0.8 0.73725
0.87059 0.81961 0.75686
0.86275 0.80784 0.7451
0.84314 0.78039 0.72157
0.82353 0.76078 0.70196
0.82745 0.76471 0.70196
0.82353 0.76078 0.69804
0.81569 0.75294 0.69412
0.81176 0.75294 0.69412
0.81176 0.76078 0.69804
0.81176 0.76078 0.69412
0.78431 0.72941 0.66275
0.77647 0.72549 0.65882
0.77255 0.72157 0.6549
0.78431 0.73333 0.67059
0.78824 0.73333 0.67059
0.78431 0.73333 0.67059
0.77255 0.71765 0.66275
0.8549 0.82353 0.76471
0.83137 0.79216 0.72157
0.86275 0.81961 0.74902
0.86667 0.81569 0.74902
0.85882 0.80784 0.74118
0.82745 0.77647 0.7098
0.81176 0.76078 0.69412
0.83922 0.78431 0.71765
0.83922 0.77647 0.71373
0.81961 0.75686 0.69412
0.80784 0.7451 0.68235
0.80784 0.74902 0.68627
0.80784 0.7451 0.68235
0.80392 0.74118 0.67843
0.79608 0.73333 0.67059
0.77647 0.71373 0.65098
0.78431 0.72157 0.65882
0.79608 0.73725 0.67451
0.78824 0.72549 0.66667
0.74902 0.7098 0.70588
0.83137 0.78431 0.71765
0.85098 0.80784 0.73333
0.87451 0.82745 0.76078
0.86667 0.81569 0.74902
0.85098 0.8 0.73333
0.83529 0.78431 0.71765
0.83529 0.78431 0.71765
0.83529 0.78039 0.71373
0.83922 0.77647 0.71373
0.82353 0.76078 0.69412
0.81569 0.75294 0.68627
0.81176 0.74902 0.68235
0.80784 0.74902 0.68235
0.81176 0.74902 0.68627
0.8 0.73725 0.67451
0.78824 0.72549 0.66275
0.78039 0.71765 0.6549
0.79216 0.72941 0.66667
0.84706 0.79216 0.73333
0.85882 0.79608 0.72941
0.87059 0.81961 0.73725
0.87843 0.82745 0.76078
0.87059 0.81961 0.75294
0.85098 0.8 0.73333
0.8549 0.80392 0.73725
0.85098 0.8 0.73333
0.82745 0.77255 0.70588
0.83529 0.77255 0.7098
0.83137 0.77255 0.69804
0.81961 0.76078 0.68627
0.80784 0.74902 0.67451
0.80392 0.74118 0.67451
0.81961 0.75686 0.69412
0.80784 0.7451 0.68235
0.77647 0.71373 0.65098
0.76863 0.70588 0.64314
0.78431 0.72157 0.65882
0.83137 0.78431 0.76471
0.81569 0.75686 0.68627
0.87843 0.81569 0.74118
0.86667 0.81569 0.73725
0.86275 0.80784 0.73725
0.85882 0.80784 0.74118
0.84706 0.79216 0.72549
0.8549 0.80392 0.73725
0.85098 0.79216 0.72941
0.82745 0.76863 0.70588
0.83137 0.76471 0.70196
0.83922 0.77255 0.70588
0.83137 0.76863 0.69804
0.82745 0.76471 0.69412
0.82353 0.76078 0.68627
0.82745 0.76863 0.6902
0.80784 0.74902 0.67843
0.78039 0.71765 0.65098
0.78039 0.71765 0.6549
0.86275 0.79608 0.72941
0.88235 0.81961 0.74902
0.87451 0.81961 0.7451
0.8549 0.80392 0.73333
0.8549 0.79216 0.72941
0.86667 0.80784 0.7451
0.86667 0.80392 0.74118
0.83922 0.77647 0.71373
0.83137 0.76863 0.70588
0.83137 0.76863 0.70588
0.84314 0.77647 0.70588
0.84314 0.77647 0.70588
0.83922 0.77255 0.70196
0.82745 0.76471 0.68627
0.82353 0.76471 0.68235
0.8 0.7451 0.66667
0.78039 0.72157 0.6549
0.86275 0.80784 0.7451
0.86275 0.79608 0.73333
0.87059 0.80784 0.7451
0.86275 0.8 0.73725
0.84314 0.78039 0.71765
0.83922 0.77647 0.71373
0.82745 0.76471 0.70196
0.83529 0.76863 0.70196
0.84314 0.77647 0.70588
0.83922 0.77255 0.70588
0.84314 0.77647 0.69804
0.80392 0.74118 0.65882
0.8549 0.78431 0.71765
0.84706 0.78431 0.71765
0.85098 0.78431 0.72157
0.83137 0.76471 0.70588
0.83922 0.77647 0.70588
0.84706 0.78431 0.71373
0.83529 0.77255 0.70196
0.84314 0.77255 0.7098
0.84314 0.78039 0.7098
0.84706 0.78824 0.71373
