0.28235 0.34902 0.28627
0.28627 0.33333 0.2549
0.28235 0.34902 0.28235
0.27451 0.36471 0.3098
0.29412 0.36078 0.28627
0.27451 0.36863 0.30588
0.26275 0.37647 0.32549
0.30196 0.36863 0.28627
0.28235 0.37255 0.30588
0.26667 0.38039 0.32549
0.25098 0.37647 0.33333
0.30588 0.38039 0.30196
0.29804 0.38039 0.31373
0.2902 0.38431 0.32549
0.26275 0.38039 0.33333
0.34118 0.42353 0.32157
0.30196 0.38824 0.30588
0.28627 0.38431 0.3098
0.27451 0.38431 0.32157
0.25882 0.38039 0.32549
0.36863 0.40784 0.34902
0.29804 0.36863 0.31373
0.28235 0.38039 0.32549
0.25098 0.37255 0.31765
0.40784 0.43922 0.43137
0.36863 0.41569 0.42745
