0.027451 0.18039 0.34902
0.031373 0.18039 0.35686
0.023529 0.17255 0.35294
0.019608 0.16471 0.3451
0.011765 0.16863 0.33725
0.011765 0.16863 0.33333
0.015686 0.16078 0.32157
0.023529 0.1451 0.30588
0.027451 0.17647 0.35294
0.015686 0.17255 0.3451
0.015686 0.17647 0.34902
0.011765 0.16471 0.34118
0.011765 0.16078 0.33725
0.011765 0.16471 0.33333
0.015686 0.16078 0.32941
0.011765 0.1451 0.29804
0.027451 0.17255 0.34902
0.015686 0.17255 0.3451
0.011765 0.17647 0.3451
0.0078431 0.16471 0.33725
0.011765 0.16078 0.33725
0.0078431 0.16078 0.32941
0.015686 0.15686 0.32941
0.015686 0.14118 0.30196
0.019608 0.18431 0.34902
0.023529 0.17647 0.35294
0.015686 0.17255 0.34902
0.0078431 0.17255 0.3451
0.011765 0.16471 0.33725
0.015686 0.16471 0.33725
0.0078431 0.16078 0.32941
0.015686 0.15686 0.33333
0.011765 0.14118 0.30588
0.011765 0.17647 0.34118
0.015686 0.18039 0.34902
0.015686 0.18431 0.34902
0.0078431 0.17647 0.34118
0.0078431 0.16863 0.34118
0.015686 0.16863 0.34118
0.015686 0.16471 0.33333
0.019608 0.16471 0.33333
0.0078431 0.14118 0.30588
0.15294 0.33333 0.5098
0.023529 0.19216 0.35686
0.015686 0.18431 0.34902
0.011765 0.18039 0.3451
0.011765 0.18039 0.3451
0.015686 0.18431 0.34902
0.015686 0.17647 0.34902
0.015686 0.16863 0.34118
0.015686 0.16078 0.32941
0.011765 0.15686 0.31765
0.015686 0.13725 0.30196
0.12941 0.3098 0.49804
0.015686 0.18824 0.34902
0.011765 0.18039 0.3451
0.015686 0.18039 0.3451
0.015686 0.18431 0.3451
0.011765 0.17647 0.34118
0.011765 0.17255 0.34118
0.015686 0.16863 0.34118
0.019608 0.16471 0.33333
0.015686 0.16471 0.32941
0.015686 0.13725 0.31373
0.11765 0.29804 0.48627
0.019608 0.18824 0.35686
0.015686 0.18039 0.34902
0.011765 0.17255 0.34118
0.027451 0.18039 0.35294
0.027451 0.18039 0.35294
0.015686 0.18039 0.3451
0.019608 0.18039 0.3451
0.015686 0.16863 0.33725
0.011765 0.16471 0.33333
0.011765 0.14902 0.32941
0.10588 0.28627 0.48235
0.019608 0.18824 0.35294
0.019608 0.18431 0.34902
0.015686 0.17255 0.3451
0.031373 0.17255 0.35294
0.027451 0.17647 0.34902
0.015686 0.18039 0.3451
0.015686 0.18039 0.3451
0.0039216 0.16471 0.33725
0.0078431 0.16863 0.33333
0.0078431 0.15294 0.32549
0.086275 0.26667 0.46667
0.019608 0.18431 0.34902
0.023529 0.18824 0.35686
0.019608 0.18431 0.35294
0.019608 0.16863 0.3451
0.011765 0.17255 0.3451
0.019608 0.18039 0.35294
0.011765 0.17255 0.3451
0.0078431 0.16863 0.3451
0.0039216 0.17255 0.34902
0 0.16078 0.32549
0.07451 0.24314 0.43137
0.015686 0.18039 0.34902
0.015686 0.18039 0.35294
0.015686 0.17647 0.34902
0.019608 0.17647 0.35294
0.015686 0.17647 0.34902
0.011765 0.17255 0.3451
0.0078431 0.16863 0.34902
0.011765 0.16863 0.35294
0.0039216 0.16863 0.35294
0 0.16078 0.33333
0.058824 0.21961 0.41176
0.011765 0.17647 0.3451
0.015686 0.17647 0.34902
0.019608 0.18039 0.35294
0.019608 0.18039 0.35294
0.011765 0.17255 0.35294
0.015686 0.17647 0.35686
0.011765 0.17255 0.35294
0.0078431 0.16863 0.35294
0.0039216 0.16471 0.33725
0.043137 0.20392 0.4
0.015686 0.17647 0.34902
0.011765 0.17255 0.3451
0.011765 0.17255 0.34118
0.011765 0.17255 0.34902
0.011765 0.17255 0.35294
0.011765 0.17255 0.35294
0.011765 0.17255 0.35686
0.0078431 0.16863 0.34118
0.035294 0.18824 0.37647
0.011765 0.16863 0.34118
0.0078431 0.16863 0.34118
0.011765 0.17255 0.35294
0.0078431 0.16863 0.34902
0.0078431 0.16863 0.34902
0.011765 0.16863 0.35294
0.011765 0.16471 0.3451
0.027451 0.16863 0.35294
0.011765 0.16863 0.35294
0.011765 0.16078 0.33725
0.015686 0.16863 0.34902
0.0039216 0.15294 0.32157
