0.0039216 0.48235 0.65882
0.082353 0.42353 0.55294
0.015686 0.45098 0.59608
0.011765 0.46275 0.6549
0.011765 0.46275 0.65098
0 0.48235 0.65098
0.039216 0.4549 0.58824
0.035294 0.44706 0.55294
0.0078431 0.46275 0.64314
0.011765 0.46275 0.63922
0.0078431 0.47059 0.66275
0.023529 0.46667 0.64314
0.38039 0.55294 0.67059
0.094118 0.41569 0.49412
0.0078431 0.43529 0.6
0.019608 0.45098 0.62353
0.0078431 0.47843 0.65098
0.015686 0.47843 0.6549
0.12157 0.42353 0.56471
0.0078431 0.43922 0.57255
0.011765 0.46667 0.62353
0.0039216 0.48235 0.64706
0.0039216 0.47451 0.64314
0.090196 0.47059 0.61569
