0.047059 0.2549 0.42745
0.054902 0.26275 0.43529
0.05098 0.25882 0.43137
0.05098 0.2549 0.43137
0.043137 0.2549 0.42745
0.043137 0.2549 0.42745
0.047059 0.2549 0.42745
0.05098 0.26275 0.43137
0.054902 0.26275 0.43529
0.05098 0.2549 0.42745
0.047059 0.2549 0.42745
0.05098 0.26275 0.43529
0.05098 0.25882 0.43137
0.047059 0.25882 0.42745
0.05098 0.25882 0.42745
0.054902 0.26275 0.43529
0.05098 0.25882 0.43137
0.047059 0.2549 0.42745
0.047059 0.26275 0.43137
0.047059 0.25882 0.43529
0.054902 0.25882 0.43922
0.054902 0.25882 0.43922
0.05098 0.25882 0.43922
0.05098 0.26275 0.43529
0.043137 0.25882 0.41961
0.05098 0.26275 0.44314
0.054902 0.25882 0.44314
0.047059 0.25098 0.43529
0.047059 0.25098 0.43922
0.058824 0.26275 0.43137
0.047059 0.25882 0.43922
0.05098 0.26275 0.44314
0.047059 0.25882 0.44314
0.062745 0.26275 0.43922
