0.54902 0.67059 0.79608
0.54902 0.67059 0.79608
0.54902 0.67059 0.79608
0.54902 0.67059 0.79608
0.55294 0.67059 0.79608
0.55294 0.66667 0.79216
0.55686 0.67059 0.79608
0.55686 0.67843 0.8
0.56471 0.68235 0.80392
0.55686 0.67843 0.8
0.5451 0.66667 0.78824
0.55686 0.67843 0.8
0.55686 0.67843 0.8
0.55294 0.67451 0.79608
0.55686 0.67451 0.8
0.55686 0.67843 0.8
0.55294 0.67451 0.79608
0.55294 0.67451 0.79608
0.54902 0.67451 0.79608
0.55294 0.67451 0.79608
0.56078 0.67451 0.8
0.55294 0.67451 0.79608
0.55686 0.67843 0.8
0.54902 0.67059 0.79216
0.54902 0.67059 0.79608
0.55686 0.67843 0.8
0.54902 0.67059 0.79608
