0.094118 0.1098 0.14118
0.098039 0.10588 0.14118
0.094118 0.10196 0.13725
0.098039 0.1098 0.14902
0.094118 0.10196 0.14902
0.098039 0.10588 0.15686
0.1098 0.11765 0.16863
0.10588 0.1098 0.16078
0.10588 0.11373 0.16078
0.10588 0.1098 0.16078
0.078431 0.094118 0.13725
0.082353 0.090196 0.14118
0.090196 0.094118 0.1451
0.086275 0.094118 0.1451
0.090196 0.098039 0.14902
0.090196 0.098039 0.14902
0.086275 0.094118 0.1451
0.094118 0.10196 0.14902
0.086275 0.094118 0.1451
0.086275 0.094118 0.1451
0.086275 0.098039 0.1451
0.090196 0.098039 0.1451
0.094118 0.10196 0.14902
0.090196 0.098039 0.14902
0.090196 0.098039 0.1451
0.098039 0.10588 0.15294
0.094118 0.10196 0.1451
0.094118 0.10196 0.14902
0.094118 0.10196 0.14902
0.094118 0.10196 0.15294
0.090196 0.090196 0.12941
0.090196 0.086275 0.12157
