0.58431 0.69804 0.82353
0.58431 0.69804 0.82353
0.58039 0.69412 0.81961
0.58431 0.69804 0.82353
0.58431 0.69804 0.82353
0.58824 0.69804 0.81961
0.57647 0.6902 0.81569
0.58431 0.69804 0.82353
0.58431 0.69804 0.82353
0.58431 0.69804 0.82353
0.58824 0.69804 0.81569
0.58039 0.69412 0.81961
0.58431 0.69804 0.82353
0.58431 0.69804 0.82353
0.58039 0.69412 0.81961
0.59216 0.69804 0.81961
0.58039 0.69412 0.81961
0.57647 0.6902 0.81569
0.58431 0.69804 0.81961
0.58824 0.70196 0.82353
0.58039 0.69412 0.81961
