0.63137 0.58824 0.56471
0.62353 0.58824 0.56078
0.62353 0.58824 0.56471
0.61961 0.58431 0.56471
0.61961 0.58039 0.56078
0.63922 0.59608 0.56863
0.63529 0.58824 0.56471
0.63137 0.58431 0.56471
0.62353 0.58039 0.56471
0.63922 0.58824 0.56471
0.63922 0.58824 0.56471
0.63922 0.58824 0.56471
0.62745 0.58039 0.56471
0.64314 0.59216 0.56863
0.64314 0.59216 0.56863
0.63922 0.58824 0.56471
0.63137 0.58824 0.56471
0.65098 0.60392 0.57647
0.64706 0.59216 0.56863
0.64706 0.59216 0.56863
0.64314 0.59216 0.56863
0.63529 0.59216 0.56863
0.6549 0.59608 0.56863
0.64706 0.59608 0.56863
