0.078431 0.078431 0.11765
0.078431 0.078431 0.11765
0.082353 0.082353 0.11765
0.082353 0.082353 0.11373
0.086275 0.082353 0.11373
0.090196 0.086275 0.11765
0.066667 0.082353 0.11765
0.07451 0.07451 0.11373
0.078431 0.078431 0.11765
0.078431 0.078431 0.1098
0.082353 0.078431 0.1098
0.090196 0.086275 0.11765
0.078431 0.082353 0.12157
0.082353 0.082353 0.12157
0.078431 0.07451 0.11373
0.086275 0.086275 0.11765
0.090196 0.086275 0.11373
0.090196 0.086275 0.11373
0.094118 0.090196 0.11765
0.090196 0.086275 0.12549
0.082353 0.082353 0.12157
0.078431 0.078431 0.11765
0.090196 0.086275 0.11765
0.094118 0.090196 0.11373
0.12157 0.11765 0.14118
0.1098 0.10588 0.12941
0.098039 0.094118 0.11373
0.07451 0.07451 0.11373
0.082353 0.082353 0.11765
0.086275 0.086275 0.11765
0.094118 0.090196 0.11373
