0.83137 0.80784 0.75686
0.81176 0.78431 0.74118
0.83529 0.80784 0.75686
0.84314 0.81961 0.76471
0.81961 0.79216 0.74902
0.83529 0.80784 0.76078
0.84706 0.81569 0.76471
0.84706 0.81569 0.76471
0.8549 0.82353 0.77255
0.80392 0.76863 0.72549
0.83137 0.8 0.75294
0.83922 0.81176 0.76078
0.85098 0.81961 0.76863
0.84706 0.81569 0.76471
0.8549 0.82353 0.77255
0.81569 0.78824 0.74118
0.83529 0.80392 0.75294
0.84314 0.81176 0.76078
0.85098 0.81961 0.76863
0.8549 0.82353 0.77255
0.8549 0.82353 0.77255
0.85882 0.82745 0.77647
0.81961 0.79216 0.7451
0.83529 0.80392 0.75294
0.84706 0.81569 0.76471
0.85098 0.81961 0.76863
0.84706 0.81569 0.76471
0.8549 0.82353 0.77255
0.8549 0.82353 0.77255
0.79608 0.76471 0.72157
0.82745 0.79608 0.75294
0.83922 0.80784 0.75294
0.84706 0.81569 0.76471
0.8549 0.82353 0.76863
0.85098 0.82353 0.76863
0.8549 0.81961 0.76863
0.83137 0.8 0.75294
0.84706 0.81176 0.75686
