0.27451 0.35686 0.47843
0.29412 0.38039 0.5098
0.27059 0.36471 0.49412
0.28235 0.36078 0.48235
0.28235 0.36471 0.49412
0.29412 0.38431 0.51765
0.2549 0.3451 0.47843
0.26275 0.35294 0.4902
0.2902 0.36863 0.48627
0.27843 0.36078 0.4902
0.27451 0.36471 0.49804
0.25882 0.35294 0.48235
0.26275 0.35686 0.48627
0.25098 0.3451 0.47451
0.26275 0.35686 0.48235
0.29804 0.37255 0.49412
0.28627 0.36863 0.49804
0.26275 0.35686 0.48627
0.27059 0.36471 0.49412
0.26275 0.36078 0.48235
0.25098 0.34902 0.47059
0.26275 0.36471 0.48235
0.26667 0.35294 0.47451
0.27451 0.36863 0.49412
0.2902 0.38431 0.5098
0.27451 0.37255 0.49412
0.27843 0.37647 0.49804
0.27451 0.37255 0.49412
0.28627 0.37647 0.50588
