0.50196 0.57647 0.70196
0.50588 0.58039 0.7098
0.50588 0.57647 0.7098
0.5098 0.58039 0.7098
0.5098 0.58039 0.7098
0.5098 0.58431 0.71373
0.50588 0.58039 0.7098
0.50588 0.57255 0.70588
0.51373 0.58039 0.71373
0.51765 0.57647 0.7098
0.5098 0.58431 0.7098
0.5098 0.58431 0.71373
0.50588 0.58039 0.70588
0.50588 0.58039 0.70588
0.5098 0.58039 0.71373
0.51765 0.58039 0.71373
0.51373 0.58431 0.71373
0.50588 0.58039 0.70588
0.50588 0.58039 0.70588
0.51373 0.58824 0.7098
0.50588 0.57647 0.7098
0.51373 0.57647 0.7098
0.5098 0.58039 0.7098
0.5098 0.58431 0.7098
0.50196 0.57647 0.70588
0.50588 0.58039 0.70588
0.50588 0.58039 0.7098
0.5098 0.57647 0.7098
0.5098 0.58039 0.71373
0.50588 0.58039 0.7098
0.50196 0.57647 0.70588
0.50196 0.57647 0.69804
0.50588 0.58039 0.69804
0.50196 0.57647 0.70588
0.50588 0.58039 0.7098
0.50588 0.58039 0.7098
0.50588 0.58039 0.7098
0.5098 0.58431 0.7098
0.50588 0.58039 0.7098
0.50588 0.58039 0.7098
0.51373 0.58824 0.71373
0.5098 0.58431 0.7098
0.5098 0.58431 0.7098
