0.56078 0.53333 0.53333
0.58431 0.5451 0.53725
0.58039 0.5451 0.53725
0.57255 0.54118 0.53333
0.56078 0.54118 0.52941
0.55294 0.53333 0.52549
0.58039 0.54118 0.53725
0.58039 0.5451 0.54118
0.57255 0.54118 0.53333
0.56078 0.53725 0.52549
0.58824 0.54902 0.5451
0.58039 0.5451 0.54118
0.57255 0.54118 0.53333
0.56078 0.53725 0.52549
0.58039 0.54902 0.54118
0.57255 0.54118 0.53333
0.57647 0.5451 0.53725
0.57647 0.54902 0.54118
0.57647 0.5451 0.53333
0.57647 0.5451 0.53333
0.56471 0.5451 0.52941
0.58039 0.54902 0.54118
0.57647 0.5451 0.53333
0.57255 0.54902 0.53725
