0.24706 0.28235 0.18039
0.26275 0.2902 0.20784
0.25098 0.27843 0.14118
0.23529 0.27451 0.17255
0.27451 0.31765 0.2549
0.27059 0.32549 0.21176
0.20784 0.27059 0.20392
0.2549 0.32549 0.2549
0.25882 0.31373 0.21176
0.26275 0.31373 0.33333
0.25098 0.32157 0.3098
0.2549 0.30588 0.26275
0.24314 0.28627 0.27843
0.29804 0.33725 0.3098
0.2549 0.2902 0.26667
0.31373 0.33333 0.29412
0.32549 0.36078 0.37647
0.34902 0.36471 0.27059
0.22353 0.23529 0.13333
0.26667 0.25882 0.20784
0.36471 0.34902 0.28627
0.42353 0.38824 0.32157
0.39216 0.36471 0.29804
