0.55686 0.67059 0.78039
0.55686 0.67059 0.78039
0.55686 0.66667 0.78039
0.56078 0.66667 0.78039
0.56471 0.67059 0.78431
0.55686 0.67059 0.78039
0.55686 0.67059 0.78431
0.56078 0.67059 0.78431
0.56078 0.66667 0.78039
0.56078 0.66667 0.78039
0.56471 0.67059 0.78431
0.56078 0.66667 0.78039
0.56078 0.66667 0.78039
0.55686 0.67059 0.78039
0.56078 0.66667 0.78039
0.56471 0.67059 0.78431
0.56471 0.67059 0.78039
0.56078 0.67059 0.78431
0.56078 0.67059 0.78431
0.56471 0.67059 0.78039
0.55686 0.67059 0.78431
0.55686 0.67059 0.78824
0.55686 0.67059 0.78431
0.55294 0.67059 0.78431
