0.51765 0.65098 0.79608
0.51373 0.64706 0.79608
0.51765 0.65098 0.79608
0.51765 0.65098 0.79608
0.51373 0.64706 0.79216
0.51765 0.65098 0.79608
0.51373 0.64706 0.79216
0.51373 0.64706 0.79216
0.51373 0.64706 0.79216
0.51765 0.65098 0.79608
0.51765 0.65098 0.79608
0.51373 0.64706 0.79216
0.51373 0.64706 0.79216
0.51373 0.64706 0.79216
0.51765 0.65098 0.79608
0.51373 0.64706 0.79216
0.51765 0.65098 0.79608
0.51765 0.65098 0.79608
0.51765 0.65098 0.79608
0.52157 0.6549 0.80392
0.51765 0.65098 0.79608
