0.66667 0.73333 0.80392
0.65098 0.72157 0.8
0.64314 0.72157 0.79608
0.67451 0.73725 0.80784
0.66275 0.73333 0.80392
0.6549 0.72157 0.8
0.63922 0.72157 0.79608
0.64314 0.72549 0.80784
0.66667 0.73725 0.80392
0.65882 0.73333 0.8
0.65882 0.72549 0.80392
0.65098 0.72549 0.8
0.64706 0.72941 0.81176
0.67451 0.73725 0.81176
0.66667 0.73725 0.80784
0.65882 0.73333 0.80392
0.6549 0.72549 0.80392
0.6549 0.72941 0.80784
0.6549 0.73333 0.81961
0.67451 0.74118 0.81961
0.67451 0.73725 0.81961
0.66667 0.73333 0.81569
0.65098 0.72549 0.8
0.64706 0.72549 0.80392
0.64706 0.72157 0.81569
0.66667 0.73333 0.81176
0.67059 0.73725 0.81569
0.67059 0.73725 0.81569
0.6549 0.72941 0.80784
0.64314 0.72941 0.8
0.61176 0.6902 0.78824
