0.53725 0.67059 0.81176
0.53725 0.67059 0.81176
0.54118 0.67451 0.80784
0.53725 0.67059 0.80784
0.53725 0.67059 0.80392
0.54118 0.67059 0.80784
0.54118 0.67059 0.80784
0.54118 0.67059 0.80784
0.54118 0.67059 0.80784
0.5451 0.67451 0.81176
0.53725 0.67059 0.80784
0.53725 0.67059 0.80784
0.54118 0.67059 0.80784
0.53725 0.66667 0.80392
0.54118 0.67059 0.80784
0.5451 0.67451 0.81176
0.53725 0.66667 0.80392
0.53725 0.66667 0.80392
0.53725 0.66667 0.80392
0.5451 0.67451 0.81176
0.53725 0.66667 0.80392
0.53725 0.66667 0.80784
0.5451 0.67451 0.81176
