0.26667 0.37647 0.51765
0.26667 0.38039 0.52941
0.27059 0.38039 0.52941
0.27451 0.38431 0.52941
0.27059 0.38039 0.52549
0.26275 0.37647 0.51765
0.26667 0.37647 0.52157
0.27059 0.38039 0.52549
0.26667 0.37255 0.51765
0.27451 0.38431 0.52549
0.27059 0.38039 0.52941
0.27059 0.38039 0.52549
0.26275 0.37255 0.51765
0.26275 0.37255 0.51765
0.26275 0.37255 0.51765
0.27451 0.38431 0.52941
0.27059 0.38431 0.53333
0.26667 0.38431 0.52549
0.26275 0.38039 0.52157
0.26275 0.38039 0.52157
0.2549 0.36471 0.5098
0.26667 0.37647 0.52157
0.27059 0.38039 0.52549
0.26275 0.38039 0.52549
0.26667 0.38039 0.52549
0.26667 0.38039 0.52157
0.26667 0.37647 0.52157
0.28627 0.39608 0.53725
0.28627 0.4 0.53725
0.27059 0.38431 0.52941
0.26275 0.37255 0.51765
0.27843 0.39216 0.52941
0.28235 0.39608 0.52941
0.26275 0.37647 0.52157
