0.91765 0.83529 0.71765
0.9098 0.82745 0.71373
0.9098 0.83137 0.71765
0.9098 0.82745 0.71373
0.9098 0.82745 0.71373
0.9098 0.82745 0.71373
0.91765 0.83529 0.72157
0.90196 0.81961 0.70588
0.90588 0.82353 0.7098
0.9098 0.82745 0.71373
0.90588 0.82353 0.7098
0.9098 0.83137 0.71765
0.89412 0.81176 0.69804
0.9098 0.82745 0.7098
0.91765 0.83529 0.71373
0.90196 0.81961 0.69804
0.91765 0.83529 0.71765
0.8902 0.81176 0.69412
0.87059 0.78824 0.67451
0.90196 0.81961 0.69804
0.92157 0.83922 0.71765
0.90588 0.82353 0.70588
0.9098 0.83529 0.71765
0.88235 0.8 0.68627
0.90196 0.81961 0.69804
0.9098 0.82745 0.70588
0.92157 0.84706 0.72941
0.89412 0.81176 0.69412
0.90588 0.82353 0.7098
0.91765 0.83529 0.71765
0.90588 0.82353 0.7098
0.90196 0.81961 0.70588
0.92549 0.84314 0.72941
0.92157 0.83922 0.72549
