0.21176 0.32549 0.49804
0.21569 0.32941 0.4902
0.21569 0.32941 0.49412
0.20392 0.31373 0.48235
0.20784 0.31373 0.48235
0.21961 0.33333 0.49804
0.20784 0.31765 0.48235
0.21569 0.32157 0.4902
0.20784 0.31373 0.48235
0.21569 0.32157 0.4902
0.21176 0.31765 0.48627
0.21176 0.31765 0.48627
0.20392 0.3098 0.47843
0.21569 0.32157 0.4902
0.21569 0.32157 0.4902
0.21176 0.31765 0.48627
0.20392 0.3098 0.47843
0.20392 0.3098 0.47843
0.20784 0.31765 0.48235
0.21961 0.32549 0.49412
0.20784 0.31373 0.48235
0.21176 0.31765 0.48627
0.20784 0.31373 0.48235
0.20392 0.31373 0.47843
0.21569 0.31373 0.48235
