0.20784 0.58824 0.80392
0.19608 0.57647 0.79216
0.19608 0.57647 0.79216
0.19608 0.57255 0.78824
0.2 0.57647 0.79216
0.21961 0.59608 0.81569
0.21176 0.59216 0.81176
0.20784 0.58824 0.81176
0.20392 0.58039 0.80392
0.20392 0.57647 0.79608
0.21569 0.59608 0.81569
0.21961 0.59608 0.82353
0.21176 0.59216 0.81961
0.20784 0.58431 0.80784
0.21176 0.58431 0.80392
0.21176 0.58039 0.8
0.21176 0.58039 0.80392
0.20784 0.58039 0.8
0.20392 0.57255 0.79608
0.21176 0.58039 0.80392
0.21961 0.60784 0.83137
0.20784 0.59608 0.81961
0.20392 0.58824 0.81176
0.21176 0.59216 0.80784
0.21569 0.58824 0.80784
0.22353 0.59216 0.81569
0.21569 0.59216 0.81569
0.21961 0.59216 0.81569
0.22353 0.6 0.81961
0.21569 0.60392 0.82745
0.20784 0.59608 0.81569
0.21569 0.6 0.81961
0.22353 0.6 0.81961
0.22745 0.6 0.82353
0.22745 0.60392 0.83137
0.22353 0.60392 0.82353
0.22745 0.60784 0.82353
0.21961 0.60784 0.83137
0.21961 0.60784 0.83137
0.21961 0.60392 0.83137
0.21961 0.59608 0.82745
0.21961 0.60392 0.83137
0.22353 0.60784 0.83137
0.21961 0.61176 0.83137
0.22353 0.61176 0.83529
0.21961 0.60784 0.83137
0.21961 0.60392 0.82745
0.22353 0.61176 0.83529
0.23137 0.61961 0.84314
