0.6549 0.60784 0.56078
0.66275 0.60784 0.55686
0.65098 0.60392 0.55294
0.6549 0.60784 0.55686
0.65098 0.60392 0.55294
0.6549 0.60784 0.55294
0.66275 0.60784 0.55686
0.64706 0.6 0.5451
0.6549 0.60784 0.55294
0.65098 0.60392 0.5451
0.65098 0.60392 0.54902
0.65098 0.60392 0.55294
0.6549 0.60784 0.55686
0.65098 0.60392 0.54902
0.65882 0.61176 0.55686
0.66275 0.61569 0.55686
0.65098 0.60392 0.55294
0.64706 0.6 0.5451
0.6549 0.60784 0.55294
0.65882 0.61176 0.55294
0.6549 0.60784 0.5451
0.65882 0.61176 0.54902
0.64706 0.6 0.5451
0.65882 0.61176 0.55686
0.65882 0.61176 0.55294
0.6549 0.60784 0.5451
0.65882 0.60784 0.5451
0.65098 0.60392 0.54902
0.6549 0.60784 0.55294
0.6549 0.60784 0.55294
0.6549 0.60784 0.55294
0.6549 0.60784 0.54902
0.65098 0.60392 0.54902
0.6549 0.60784 0.55294
0.6549 0.60784 0.55294
0.6549 0.60784 0.55294
0.6549 0.60784 0.55294
