0.015686 0.15686 0.23529
0.015686 0.15686 0.23529
0.015686 0.15686 0.23529
0.015686 0.15686 0.23529
0.015686 0.15686 0.23529
0.015686 0.15294 0.23137
0.015686 0.15294 0.23137
0.011765 0.15294 0.23137
0.015686 0.15294 0.23137
0.015686 0.15294 0.23137
0.023529 0.15686 0.23529
0.023529 0.15686 0.23529
0.023529 0.15686 0.23529
0.023529 0.15686 0.23529
0.019608 0.16078 0.23922
0.019608 0.16078 0.23922
0.019608 0.16078 0.23922
0.019608 0.16078 0.23922
0.015686 0.16078 0.23529
0.015686 0.16078 0.23529
