0.57255 0.6902 0.81961
0.56863 0.6902 0.81961
0.56863 0.68627 0.81961
0.57255 0.6902 0.82353
0.57255 0.6902 0.82353
0.57255 0.6902 0.82353
0.57255 0.6902 0.82353
0.57255 0.6902 0.82353
0.57647 0.69412 0.82745
0.57255 0.6902 0.81961
0.56863 0.68627 0.81961
0.57255 0.6902 0.82353
0.57255 0.6902 0.82353
0.57255 0.6902 0.82353
0.57255 0.6902 0.82353
0.57255 0.6902 0.82353
0.56863 0.68627 0.81961
0.57255 0.6902 0.82353
0.57255 0.6902 0.82353
0.57255 0.69412 0.82353
0.57255 0.6902 0.82353
0.57255 0.6902 0.82353
0.57255 0.6902 0.82353
0.56863 0.68627 0.81961
0.57255 0.6902 0.82353
0.57255 0.6902 0.82353
0.57255 0.6902 0.82353
0.56863 0.68627 0.81961
0.56863 0.68627 0.81961
