0.1451 0.1451 0.18431
0.12941 0.14902 0.19216
0.12549 0.11765 0.12549
0.10588 0.10588 0.14118
0.14118 0.18431 0.21961
0.20784 0.18039 0.16471
0.11373 0.10588 0.12941
0.13725 0.15294 0.2
0.16471 0.20392 0.25882
0.32549 0.2902 0.2549
0.11373 0.090196 0.11373
0.13333 0.13725 0.18039
0.16078 0.2 0.24314
0.15686 0.2 0.22745
0.22745 0.19216 0.17647
0.12549 0.12157 0.1451
0.15294 0.18824 0.22353
0.18824 0.22353 0.24706
0.40784 0.36471 0.32941
0.15686 0.13333 0.14118
0.12941 0.15294 0.19216
0.3098 0.32157 0.34118
0.18824 0.15686 0.15294
0.10588 0.10196 0.11765
0.51373 0.48627 0.47451
0.13725 0.11373 0.10588
0.7098 0.63922 0.6
0.83137 0.7451 0.67451
0.86275 0.76078 0.67451
