0.68627 0.63529 0.56863
0.6902 0.63922 0.57255
0.6902 0.63922 0.57255
0.68235 0.63137 0.56471
0.68627 0.63529 0.56863
0.6902 0.63922 0.57255
0.6902 0.63922 0.57255
0.68627 0.63529 0.56863
0.68627 0.63922 0.57255
0.69804 0.63922 0.57255
0.68235 0.63137 0.56863
0.68235 0.63137 0.56471
0.68235 0.63137 0.56471
0.68627 0.63529 0.56863
0.68627 0.63529 0.57255
0.68627 0.63529 0.57255
0.6902 0.63922 0.56863
0.6902 0.63922 0.56863
0.69804 0.64314 0.57647
0.68235 0.63137 0.56471
0.68235 0.63137 0.56471
0.68235 0.63137 0.56471
0.68627 0.63529 0.57255
0.6902 0.63922 0.57647
0.6902 0.63922 0.56863
0.68235 0.63137 0.56863
0.68235 0.63137 0.56863
0.68235 0.63137 0.56863
0.68627 0.63529 0.57255
0.68627 0.63529 0.57255
0.69412 0.64314 0.57255
0.67843 0.62745 0.56471
0.67843 0.62745 0.56471
0.68235 0.63137 0.56471
0.6902 0.63922 0.57255
0.6902 0.63922 0.57255
0.67843 0.62745 0.56471
0.68235 0.63137 0.56471
0.6902 0.63922 0.57255
0.68627 0.63529 0.57255
0.68235 0.63137 0.56863
0.67843 0.63137 0.56863
0.68235 0.63137 0.56863
0.6902 0.63922 0.57255
0.6902 0.63922 0.57647
0.68235 0.63137 0.56471
0.68627 0.63529 0.56863
0.6902 0.63922 0.57255
0.68627 0.63529 0.56863
0.68627 0.63529 0.56863
0.6902 0.63922 0.57255
