0.46667 0.56471 0.72549
0.46275 0.56078 0.72157
0.45882 0.56078 0.72157
0.4549 0.55686 0.71373
0.46275 0.55686 0.71765
0.46667 0.55686 0.71765
0.46667 0.55686 0.71765
0.47059 0.56471 0.71765
0.47451 0.56863 0.7098
0.48235 0.57647 0.71373
0.47843 0.57255 0.71373
0.47843 0.57255 0.71373
0.46667 0.55686 0.71373
0.46667 0.55686 0.71765
0.47843 0.56471 0.72549
0.47451 0.56078 0.71373
0.46667 0.56471 0.72549
0.46667 0.56471 0.72549
0.45882 0.56471 0.72157
0.45882 0.56471 0.71765
0.46667 0.56471 0.72157
0.47059 0.56078 0.72157
0.46275 0.55294 0.71373
0.46275 0.55686 0.7098
0.47059 0.56471 0.7098
0.47451 0.56863 0.71373
0.47451 0.56863 0.71373
0.47059 0.56471 0.7098
0.47059 0.56078 0.71765
0.47451 0.56471 0.72549
0.47843 0.56471 0.72941
0.48235 0.56863 0.72157
0.46275 0.56078 0.72157
0.46275 0.56078 0.72157
0.4549 0.55686 0.71373
0.45882 0.56078 0.71765
0.47843 0.57255 0.72941
0.47451 0.56471 0.72549
0.46667 0.55686 0.71765
0.46667 0.56078 0.7098
0.47059 0.56471 0.7098
0.46667 0.56078 0.7098
0.46667 0.56078 0.7098
0.47843 0.57255 0.72157
0.47843 0.56863 0.72941
0.47451 0.56471 0.72549
0.48235 0.56863 0.72941
0.48235 0.56863 0.71765
0.46275 0.55686 0.72157
0.46275 0.55294 0.71765
0.45882 0.55294 0.71373
0.45882 0.55294 0.71373
0.47843 0.56863 0.72941
0.47843 0.56471 0.72941
0.47059 0.56078 0.72157
0.47451 0.56471 0.72157
0.47059 0.56078 0.71765
0.47059 0.56471 0.71373
0.47059 0.56471 0.71373
0.47059 0.56471 0.71373
0.47451 0.56863 0.72157
0.47451 0.56471 0.71765
0.48627 0.57255 0.72549
0.47843 0.56471 0.71373
0.47059 0.56078 0.72549
0.47059 0.56078 0.72549
0.46275 0.55294 0.71765
0.47059 0.55686 0.72549
0.46667 0.55686 0.72157
0.47059 0.56078 0.72157
0.47059 0.56078 0.72157
0.47843 0.56471 0.72549
0.48235 0.57647 0.72549
0.47451 0.56863 0.71765
0.47059 0.56471 0.71373
0.47451 0.56863 0.71765
0.47843 0.57255 0.72157
0.48627 0.57255 0.72549
0.47451 0.56471 0.72941
0.46667 0.55686 0.72157
0.47059 0.55686 0.72549
0.47059 0.56078 0.72549
0.47843 0.56863 0.73333
0.47451 0.56471 0.72941
0.47059 0.56078 0.72157
0.47059 0.56078 0.72157
0.47843 0.56863 0.72549
0.47451 0.56863 0.71765
0.47451 0.56863 0.71765
0.47451 0.56863 0.71765
0.47843 0.57255 0.72157
0.47843 0.56863 0.71765
0.4902 0.57647 0.72941
0.47451 0.56471 0.72941
0.46667 0.55686 0.71765
0.46667 0.56078 0.72157
0.47059 0.56471 0.72941
0.47843 0.56863 0.73333
0.48235 0.56471 0.73333
0.46667 0.56078 0.72157
0.46667 0.55686 0.72157
0.47843 0.56863 0.72941
0.47843 0.57255 0.72157
0.47843 0.57255 0.72157
0.47843 0.57255 0.72157
0.48235 0.57647 0.72941
0.47451 0.56471 0.72157
0.47843 0.56863 0.72549
0.46667 0.55686 0.71765
0.46667 0.56863 0.72549
0.46667 0.56078 0.72549
0.46667 0.55294 0.72157
0.48627 0.56863 0.73725
0.47843 0.56863 0.73333
0.47059 0.56078 0.72549
0.47451 0.56471 0.72549
0.47843 0.57255 0.72157
0.47843 0.57255 0.72157
0.47451 0.56863 0.71765
0.47451 0.56471 0.72549
0.47059 0.56078 0.72157
0.47451 0.56471 0.72549
0.47059 0.56078 0.72549
0.47059 0.57255 0.72941
0.47059 0.56471 0.72941
0.47451 0.56471 0.72941
0.48235 0.56471 0.73333
0.48235 0.56471 0.73333
0.47843 0.56078 0.72549
0.48235 0.56863 0.72941
0.47843 0.56863 0.72941
0.47843 0.56863 0.72941
0.47451 0.56471 0.72549
0.47059 0.56471 0.72157
0.47843 0.56863 0.72941
0.47059 0.56078 0.72549
0.46667 0.56471 0.72549
0.46667 0.56078 0.72549
0.47843 0.56471 0.72941
0.47451 0.56078 0.72941
0.47451 0.56078 0.72941
0.48235 0.56471 0.72941
0.4902 0.56863 0.73333
0.47843 0.56863 0.72941
0.47843 0.56471 0.72549
0.47843 0.56471 0.72549
0.47843 0.56863 0.72941
0.47059 0.56078 0.72549
0.47059 0.56078 0.72549
0.47451 0.56471 0.72941
0.47451 0.56471 0.72941
0.47843 0.56863 0.73333
0.47843 0.56863 0.73333
0.48627 0.56471 0.73333
0.49412 0.56863 0.73725
0.48627 0.56863 0.72941
0.47843 0.56471 0.72549
0.47843 0.56863 0.73333
0.47451 0.56471 0.72941
0.47451 0.56471 0.72941
0.47059 0.56078 0.72549
0.47451 0.56471 0.72941
0.47451 0.56471 0.72941
0.48235 0.56078 0.72941
0.48627 0.56078 0.72941
0.48627 0.56471 0.72941
0.47451 0.56471 0.72941
0.46667 0.56078 0.72549
0.47451 0.56863 0.73333
0.47059 0.56863 0.72941
0.47059 0.56078 0.72549
0.47843 0.56078 0.72941
0.47451 0.57255 0.73333
0.46667 0.56471 0.72941
0.47059 0.56078 0.73333
0.48235 0.56471 0.73333
