0.88627 0.80392 0.69412
0.88235 0.80392 0.69804
0.89412 0.81569 0.71373
0.86667 0.78824 0.68235
0.87451 0.79608 0.6902
0.88235 0.80392 0.69804
0.89412 0.81569 0.7098
0.87843 0.8 0.69412
0.87059 0.79216 0.6902
0.87059 0.79216 0.68627
0.88235 0.8 0.69412
0.89804 0.81569 0.7098
0.87059 0.79216 0.68627
0.86275 0.78431 0.67451
0.87843 0.79608 0.6902
0.87451 0.79608 0.6902
0.87451 0.79216 0.68627
0.87451 0.79216 0.67843
0.87451 0.79216 0.67843
0.87451 0.78824 0.67843
0.87451 0.79216 0.67843
0.87451 0.79216 0.68235
0.88627 0.80392 0.6902
0.88627 0.81176 0.69804
0.88235 0.80784 0.69412
