0.67059 0.61961 0.54902
0.72549 0.67451 0.59608
0.71765 0.66275 0.58431
0.69412 0.64706 0.56863
0.70196 0.67843 0.62353
0.74118 0.68235 0.6
0.73725 0.67843 0.59608
0.72549 0.67059 0.58824
0.70588 0.64706 0.56471
0.72157 0.69412 0.63137
0.75686 0.69804 0.61176
0.75294 0.69412 0.60784
0.74902 0.68627 0.60392
0.73725 0.67451 0.59608
0.67451 0.62745 0.5451
0.74118 0.69804 0.62353
0.75294 0.69804 0.60784
0.75686 0.70196 0.61176
0.76078 0.70588 0.61569
0.76471 0.69804 0.61569
0.76078 0.6902 0.61176
0.71373 0.65882 0.57255
0.78039 0.72941 0.65098
0.78824 0.74118 0.6549
0.79608 0.74902 0.66275
0.80392 0.75686 0.66667
0.80784 0.75686 0.67059
0.81176 0.76078 0.67451
0.81569 0.76863 0.68235
0.86275 0.81569 0.73725
0.91373 0.86275 0.79608
0.91765 0.87451 0.79608
0.91765 0.87059 0.79608
