0.19608 0.54902 0.76863
0.19608 0.55294 0.77647
0.19608 0.55686 0.77647
0.19608 0.55294 0.77647
0.2 0.55294 0.77255
0.2 0.54902 0.76863
0.20392 0.56078 0.77647
0.2 0.55686 0.77255
0.20392 0.56078 0.77647
0.2 0.55686 0.77255
0.2 0.55294 0.76863
0.20392 0.55294 0.77255
0.19608 0.5451 0.76471
0.20784 0.56863 0.78824
0.20784 0.56471 0.78431
0.20392 0.56078 0.78039
0.2 0.55686 0.77647
0.2 0.55294 0.77255
0.19608 0.5451 0.76863
0.19216 0.5451 0.76078
0.21176 0.56863 0.79216
0.20392 0.56078 0.78431
0.20392 0.56078 0.78431
0.19608 0.55294 0.77647
0.2 0.55686 0.77647
0.19608 0.54902 0.76471
0.20784 0.56471 0.78824
0.2 0.55686 0.78039
0.20392 0.56078 0.78431
0.2 0.55686 0.78039
0.2 0.55686 0.77647
0.2 0.55294 0.76863
0.20784 0.56471 0.78824
0.20392 0.56078 0.78039
0.20392 0.56078 0.78431
0.20392 0.55686 0.78039
0.20392 0.54902 0.76471
0.21176 0.56471 0.78824
