0.51373 0.62745 0.76471
0.51373 0.62745 0.76078
0.51373 0.63137 0.76863
0.51765 0.63529 0.76471
0.51765 0.63137 0.76471
0.51373 0.63137 0.76471
0.50588 0.62745 0.76471
0.5098 0.63137 0.76471
0.51373 0.63137 0.76471
0.51373 0.63137 0.76471
0.49804 0.62745 0.76471
0.49804 0.62745 0.76471
0.50196 0.63137 0.76863
0.50196 0.63137 0.76078
0.50588 0.63529 0.76471
0.50588 0.63529 0.76471
0.5098 0.62745 0.76078
0.51373 0.62745 0.76078
0.51765 0.63137 0.76471
0.49412 0.62353 0.76078
0.49412 0.62353 0.76078
0.49804 0.62745 0.76471
0.49804 0.62745 0.76471
0.49804 0.62745 0.76471
0.50196 0.63137 0.76471
0.49804 0.62745 0.76078
0.50196 0.63137 0.76863
0.5098 0.63137 0.76471
0.51373 0.63137 0.76471
0.52157 0.63529 0.76863
0.49804 0.62745 0.76471
0.49804 0.62745 0.76471
0.49804 0.62745 0.76471
0.49412 0.62353 0.76078
0.49804 0.62745 0.76471
0.50196 0.63137 0.76863
0.49804 0.62745 0.76471
0.49804 0.62745 0.76471
0.50588 0.63529 0.77255
0.5098 0.63137 0.76471
0.5098 0.62745 0.76078
0.51373 0.63137 0.76471
0.51765 0.63529 0.76471
0.49412 0.62745 0.76078
0.50196 0.63137 0.76863
0.49804 0.62745 0.76471
0.49804 0.62745 0.76471
0.49804 0.62745 0.76471
0.49804 0.62745 0.76471
0.49804 0.62745 0.76471
0.49804 0.62745 0.76471
0.50196 0.63137 0.76863
0.5098 0.62745 0.76471
0.5098 0.62745 0.76078
0.51765 0.63137 0.76863
0.51373 0.62745 0.75686
0.49804 0.62353 0.76078
0.49804 0.62353 0.76471
0.50196 0.62353 0.76471
0.50196 0.63137 0.76863
0.50196 0.63137 0.76471
0.50588 0.63529 0.76863
0.5098 0.63137 0.76471
0.50588 0.63137 0.76078
0.51765 0.63922 0.76863
0.51373 0.63529 0.76471
0.51765 0.63137 0.76078
0.52157 0.63529 0.76471
0.50196 0.61961 0.76078
0.50588 0.62353 0.76471
0.50588 0.62353 0.76471
0.50196 0.63137 0.76863
0.50196 0.63137 0.76471
0.50196 0.63137 0.76078
0.50588 0.63529 0.76471
0.50588 0.63529 0.76471
0.50588 0.63529 0.76471
0.50588 0.63529 0.76471
0.5098 0.63137 0.76471
0.52157 0.63529 0.76863
0.52157 0.63529 0.76471
0.53333 0.63529 0.77647
0.53333 0.63529 0.77255
0.53333 0.63529 0.77255
0.50196 0.62745 0.76471
0.50196 0.63137 0.76863
0.50588 0.63137 0.76863
0.5098 0.62745 0.76863
0.50588 0.62745 0.76471
0.51373 0.63137 0.76471
0.50588 0.63137 0.76078
0.50588 0.63529 0.76471
0.50588 0.63529 0.76471
0.50588 0.63529 0.76471
0.51373 0.63137 0.76471
0.51765 0.63137 0.76471
0.51765 0.63137 0.76078
0.52157 0.63529 0.76078
0.51765 0.62745 0.75686
0.52157 0.63137 0.76078
0.52941 0.63922 0.77255
0.52941 0.63922 0.77255
0.52549 0.63529 0.77255
0.49804 0.62745 0.76863
0.49804 0.62745 0.76471
0.50196 0.63137 0.77255
0.50196 0.62745 0.76863
0.5098 0.63137 0.76863
0.51765 0.63529 0.76863
0.5098 0.63529 0.76471
0.50588 0.63529 0.76471
0.50588 0.63529 0.76471
0.50588 0.63137 0.76471
0.51373 0.63529 0.76863
0.51765 0.63529 0.76863
0.5098 0.62745 0.75686
0.51373 0.62745 0.76078
0.51765 0.63137 0.76078
0.52549 0.63922 0.76863
0.52549 0.63922 0.77255
0.52157 0.63529 0.76863
0.52549 0.63922 0.76863
0.49412 0.62353 0.76078
0.49412 0.62353 0.76078
0.49804 0.62745 0.76471
0.49804 0.62745 0.76471
0.49412 0.61961 0.76863
0.49412 0.61961 0.76863
0.50196 0.62745 0.77647
0.49804 0.63137 0.76863
0.50588 0.63529 0.77255
0.51373 0.63137 0.77255
0.51373 0.63137 0.76471
0.51373 0.63137 0.76471
0.51373 0.63137 0.76471
0.5098 0.62745 0.76078
0.51765 0.63529 0.76863
0.51373 0.63137 0.76471
0.5098 0.62745 0.76078
0.5098 0.62745 0.76078
0.51765 0.63529 0.76078
0.51765 0.63922 0.76078
0.52157 0.64314 0.76471
0.52549 0.63922 0.76471
0.49412 0.62353 0.76078
0.49804 0.62745 0.76471
0.49804 0.62745 0.76471
0.49804 0.62745 0.76471
0.49412 0.61961 0.76471
0.49804 0.62353 0.76471
0.50196 0.62745 0.77255
0.49804 0.62745 0.76863
0.49804 0.62745 0.76471
0.50196 0.62353 0.76471
0.5098 0.62353 0.76078
0.51373 0.63137 0.76471
0.51765 0.63529 0.76863
0.51373 0.63137 0.76471
0.51765 0.63529 0.76863
0.51765 0.63529 0.76863
0.51373 0.63137 0.76471
0.51765 0.63529 0.76863
0.51373 0.63529 0.75686
0.51765 0.63922 0.76078
0.51765 0.63922 0.76078
0.50196 0.63137 0.76863
0.49804 0.62745 0.76471
0.50196 0.63137 0.76863
0.49804 0.62745 0.76471
0.50196 0.63137 0.76863
0.49804 0.62745 0.76471
0.50196 0.63137 0.76863
0.49412 0.62745 0.76471
0.50588 0.63137 0.77255
0.5098 0.62745 0.76863
0.51373 0.63137 0.76471
0.51765 0.63529 0.76863
0.51765 0.63529 0.76863
0.51765 0.63529 0.76863
0.52157 0.63922 0.77255
0.51765 0.63529 0.76863
0.51765 0.63529 0.76863
0.51765 0.63529 0.76863
0.51765 0.63922 0.76471
0.52157 0.64314 0.76471
0.52157 0.64314 0.76471
0.52941 0.64706 0.76863
0.52941 0.63922 0.76471
0.52157 0.63529 0.76078
0.50196 0.63137 0.76863
0.49804 0.62745 0.76471
0.50196 0.63137 0.76863
0.50196 0.63137 0.76863
0.50588 0.63137 0.76863
0.5098 0.62745 0.76863
0.51765 0.63529 0.77647
0.51765 0.63529 0.77647
0.51765 0.63529 0.76863
0.51765 0.63529 0.76863
0.51765 0.63137 0.76471
0.51765 0.63137 0.76471
0.52549 0.63922 0.76863
0.51765 0.63922 0.76078
0.52157 0.64314 0.76471
0.51765 0.63922 0.76078
0.51765 0.64314 0.76078
0.52157 0.63922 0.76471
0.52549 0.63922 0.76471
0.49804 0.62745 0.76471
0.49804 0.62745 0.76471
0.50588 0.63529 0.77255
0.49804 0.62745 0.76471
0.50196 0.62745 0.76471
0.51373 0.63137 0.77255
0.51373 0.63137 0.77255
0.51373 0.63137 0.77255
0.51373 0.63137 0.76471
0.51765 0.63137 0.76471
0.51765 0.63137 0.76471
0.51373 0.62745 0.76078
0.52157 0.63922 0.76863
0.51373 0.63529 0.76078
0.52157 0.63922 0.76863
0.51765 0.63529 0.76078
0.52157 0.64314 0.76863
0.52157 0.63922 0.76471
0.52941 0.64314 0.77255
0.52549 0.63922 0.76078
0.50196 0.63137 0.76863
0.49804 0.62745 0.76471
0.50196 0.63137 0.76863
0.50588 0.63922 0.77255
0.50588 0.63137 0.76863
0.5098 0.62745 0.76863
0.50588 0.62353 0.76471
0.51373 0.62745 0.76863
0.51373 0.63137 0.76471
0.51373 0.63137 0.76471
0.52157 0.63529 0.76863
0.51765 0.63137 0.76471
0.52157 0.63922 0.77255
0.51765 0.63529 0.76863
0.51373 0.63137 0.76471
0.51765 0.63529 0.77255
0.51765 0.63529 0.76863
0.52157 0.63529 0.76863
0.52941 0.64314 0.77255
0.52549 0.63922 0.76471
0.53725 0.64314 0.77255
0.54118 0.63922 0.77255
0.50588 0.63529 0.77255
0.50588 0.63922 0.77255
0.50588 0.63529 0.77255
0.5098 0.63529 0.77255
0.50196 0.62745 0.76471
0.50588 0.63137 0.76863
0.50588 0.63529 0.76471
0.51373 0.63529 0.76863
0.52157 0.63529 0.76863
0.52549 0.63922 0.77255
0.52157 0.63922 0.77255
0.51373 0.63137 0.76471
0.5098 0.62745 0.76078
0.51373 0.63137 0.76471
0.52157 0.63529 0.76471
0.52157 0.63529 0.76471
0.52549 0.63922 0.76863
0.50196 0.63137 0.77255
0.50196 0.63137 0.76863
0.50196 0.63137 0.76863
0.50196 0.63529 0.76863
0.50588 0.63529 0.77255
0.50588 0.63137 0.76863
0.50588 0.63529 0.76471
0.52157 0.63922 0.77255
0.51765 0.63137 0.76471
0.52157 0.63529 0.76863
0.51765 0.63529 0.76863
0.51373 0.63529 0.76863
0.51373 0.63137 0.76471
0.52157 0.63922 0.76863
0.52157 0.63529 0.76078
0.50196 0.63137 0.76863
0.50196 0.63137 0.76863
0.49804 0.62745 0.76471
0.5098 0.63922 0.77647
0.52157 0.64314 0.78431
0.51765 0.63529 0.77647
0.51765 0.63529 0.76863
0.52157 0.63922 0.77255
0.51765 0.63529 0.76863
0.51373 0.63137 0.76471
0.51765 0.63137 0.76471
0.51765 0.63529 0.76863
0.51765 0.63529 0.76863
0.52549 0.64314 0.77255
0.50196 0.63137 0.77647
0.5098 0.63137 0.77255
0.50588 0.63137 0.76863
0.5098 0.63137 0.76863
0.51765 0.63529 0.77647
0.51765 0.63137 0.77255
0.51765 0.63529 0.76863
0.52157 0.63922 0.77255
0.51765 0.63529 0.76863
0.51765 0.63529 0.76863
0.51765 0.63529 0.76863
0.51373 0.63137 0.76471
0.50588 0.63137 0.77647
0.51373 0.63137 0.77255
0.51373 0.63137 0.77255
0.5098 0.62745 0.76863
0.51373 0.63137 0.77255
0.51765 0.63529 0.77647
0.51373 0.63137 0.76471
0.51765 0.63529 0.76863
0.52157 0.63922 0.77255
0.51765 0.63529 0.76863
0.51765 0.63529 0.76863
0.52157 0.63922 0.77255
0.51373 0.63137 0.77255
0.51373 0.63137 0.77255
0.51373 0.63529 0.77647
0.51765 0.63922 0.78039
0.51765 0.63529 0.77647
0.51373 0.63137 0.76471
0.51765 0.63529 0.76863
0.51373 0.63137 0.76471
0.51765 0.63529 0.76863
0.51765 0.63529 0.77255
0.51765 0.63529 0.76863
0.50588 0.62745 0.77255
0.51373 0.63137 0.77255
0.51765 0.63137 0.77255
0.51373 0.63137 0.77255
0.51373 0.63137 0.77255
0.51373 0.63137 0.76863
0.51373 0.63137 0.76471
0.52157 0.63922 0.77255
0.52157 0.63922 0.77255
0.51765 0.63529 0.76863
0.52157 0.63922 0.76863
0.5098 0.62745 0.76863
0.5098 0.62745 0.76863
0.51373 0.62745 0.76863
0.51373 0.63137 0.77255
0.51373 0.62745 0.76863
0.51765 0.62353 0.77255
0.51765 0.63529 0.76863
0.51765 0.63529 0.76863
0.51765 0.63529 0.76471
0.51765 0.63529 0.77255
0.51765 0.63529 0.77647
0.51765 0.63922 0.76863
0.5098 0.62745 0.76863
0.5098 0.62745 0.76863
0.51373 0.63137 0.77255
0.51373 0.63137 0.77255
0.51373 0.63137 0.77255
0.51765 0.63137 0.77647
0.52549 0.63137 0.77647
0.52157 0.63529 0.77255
0.51765 0.63529 0.76863
0.51765 0.63529 0.76863
0.51765 0.63529 0.77255
0.52157 0.63922 0.77647
0.5098 0.62745 0.76863
0.5098 0.62745 0.76863
0.5098 0.62745 0.76863
0.5098 0.62745 0.76863
0.5098 0.62745 0.76863
0.51765 0.63529 0.77647
0.5098 0.62745 0.76863
0.51373 0.63137 0.77255
0.52549 0.63529 0.78039
0.52157 0.63529 0.77647
0.52157 0.63922 0.77255
0.51373 0.63137 0.76471
0.51373 0.63137 0.76863
0.52157 0.63922 0.77647
0.50196 0.63137 0.76863
0.50196 0.63529 0.77255
0.50588 0.63137 0.77255
0.51373 0.63137 0.77255
0.5098 0.62745 0.76863
0.51373 0.63137 0.77255
0.5098 0.62745 0.76863
0.51373 0.63137 0.77255
0.51765 0.63529 0.77647
0.52157 0.63922 0.78039
0.52157 0.63922 0.77647
0.51373 0.63137 0.76078
0.51765 0.63529 0.76863
0.49804 0.62745 0.76471
0.49804 0.63137 0.76863
0.50196 0.62745 0.76471
0.5098 0.62745 0.76863
0.5098 0.62745 0.76863
0.5098 0.62745 0.76863
0.50588 0.62745 0.76863
0.5098 0.63529 0.77255
0.5098 0.63529 0.77255
0.51373 0.63137 0.77255
0.52157 0.63922 0.77647
0.49804 0.62745 0.76471
0.49804 0.62745 0.76471
0.50196 0.62745 0.76863
0.5098 0.63137 0.77255
0.51765 0.63529 0.77647
0.5098 0.62745 0.76863
0.5098 0.63529 0.77647
0.5098 0.63922 0.77647
0.50588 0.63529 0.77255
0.5098 0.63137 0.77255
0.51765 0.63137 0.76863
0.50196 0.63137 0.76863
0.50196 0.63137 0.76863
0.5098 0.63922 0.77647
0.5098 0.63922 0.77647
0.5098 0.63922 0.77647
0.5098 0.63922 0.77647
0.5098 0.63922 0.77647
0.51373 0.63137 0.76471
0.50588 0.63529 0.77255
0.5098 0.63529 0.77255
0.5098 0.63137 0.77255
0.50588 0.63137 0.77255
0.50588 0.63137 0.76863
0.5098 0.63529 0.77647
0.51373 0.63922 0.77647
0.51765 0.63529 0.77647
0.51765 0.63529 0.77647
0.51765 0.63137 0.77647
0.51765 0.63529 0.77647
0.52157 0.63529 0.77647
0.51765 0.63529 0.77647
0.5098 0.63922 0.77647
0.51373 0.63922 0.77647
0.51373 0.63922 0.77647
0.52157 0.63922 0.78039
0.52157 0.63922 0.78039
0.51373 0.63137 0.77255
0.50196 0.63137 0.76863
0.50588 0.63529 0.77255
0.5098 0.63529 0.77255
0.51373 0.63137 0.77255
0.51373 0.63137 0.77255
0.51373 0.63137 0.77255
0.5098 0.63922 0.77647
0.5098 0.63922 0.77647
0.50588 0.63529 0.77255
0.51373 0.63529 0.77255
0.51765 0.63529 0.77647
0.51373 0.63137 0.77255
0.50588 0.63529 0.77255
