0.86275 0.83529 0.77255
0.86275 0.83529 0.77255
0.87451 0.83922 0.78039
0.87059 0.83922 0.77647
0.87451 0.83922 0.77647
0.87451 0.83922 0.78039
0.87451 0.83922 0.78039
0.87059 0.83529 0.77255
0.87451 0.83922 0.77647
0.87059 0.83529 0.77647
0.87059 0.83529 0.77647
0.87451 0.84314 0.78431
0.87059 0.83529 0.77255
0.87451 0.83529 0.77647
0.87059 0.83529 0.77255
0.87059 0.83922 0.77647
0.86667 0.84314 0.78039
0.87059 0.83922 0.77647
0.87059 0.83922 0.78039
0.86667 0.84314 0.78431
0.86275 0.84314 0.78039
0.87059 0.84314 0.78824
0.81961 0.78824 0.72549
