0.18039 0.18824 0.19216
0.18431 0.2 0.21176
0.18431 0.1451 0.17647
0.17647 0.15686 0.20392
0.13725 0.18824 0.18824
0.13725 0.21569 0.21176
0.098039 0.18824 0.19216
0.058824 0.14902 0.16471
0.05098 0.17255 0.14902
0.13333 0.18431 0.17647
0.24314 0.25882 0.27059
0.1451 0.16863 0.18824
0.086275 0.17255 0.18039
0.21176 0.27451 0.23529
0.15686 0.16471 0.2
0.11373 0.13333 0.18039
0.094118 0.12941 0.17647
0.15686 0.18039 0.19216
0.19216 0.22353 0.19216
0.058824 0.13725 0.16863
0.05098 0.14118 0.17255
0.058824 0.15686 0.18824
0.07451 0.15294 0.16863
0.12549 0.22353 0.18824
0.086275 0.15294 0.19608
0.07451 0.14902 0.18039
0.066667 0.17647 0.18824
0.48235 0.52157 0.45882
0.054902 0.20784 0.2
