0.57647 0.68627 0.77647
0.58039 0.68627 0.78431
0.57647 0.68627 0.78039
0.58039 0.6902 0.78431
0.57647 0.68627 0.78431
0.58039 0.68627 0.78431
0.58039 0.6902 0.78431
0.57647 0.68627 0.78039
0.57647 0.68627 0.78039
0.57647 0.68627 0.78039
0.57647 0.68627 0.78039
0.57647 0.68627 0.78039
0.58039 0.68235 0.78039
0.58039 0.68627 0.78039
0.57647 0.68627 0.78039
0.58039 0.6902 0.78431
0.58039 0.6902 0.78431
0.58431 0.68627 0.78431
0.57647 0.6902 0.78431
0.57255 0.68627 0.78039
0.57255 0.68235 0.77647
0.57647 0.68235 0.77647
0.58039 0.68235 0.78039
0.57255 0.68627 0.78431
0.58039 0.6902 0.78431
0.58431 0.68627 0.78431
0.58039 0.67843 0.77647
