0.71765 0.62745 0.46667
0.72549 0.63529 0.47843
0.72157 0.63922 0.4902
0.72941 0.63529 0.50588
0.72941 0.64314 0.5098
0.72157 0.62353 0.4549
0.71765 0.62745 0.46667
0.72157 0.62353 0.47843
0.72941 0.63922 0.48627
0.73333 0.64706 0.49804
0.72549 0.63137 0.47059
0.73725 0.64314 0.4902
0.72941 0.63529 0.4902
0.73725 0.64706 0.49804
0.73333 0.64706 0.49804
0.74118 0.6549 0.5098
0.71373 0.61961 0.48235
0.71373 0.63137 0.49412
0.72549 0.63922 0.50196
0.72941 0.64314 0.5098
0.72941 0.64706 0.5098
0.73725 0.65882 0.51765
