0.17647 0.2549 0.37255
0.18431 0.25882 0.37647
0.2 0.27451 0.39216
0.19216 0.26667 0.38431
0.20392 0.28627 0.4
0.2 0.27843 0.39608
0.18431 0.25882 0.37647
0.20392 0.27843 0.39608
0.19216 0.26667 0.38824
0.18431 0.27059 0.38431
0.19608 0.27451 0.38824
0.19216 0.26667 0.38431
0.20784 0.28235 0.4
0.19216 0.27059 0.39216
0.23137 0.2902 0.36863
0.19216 0.27451 0.38824
0.18824 0.27059 0.38431
0.18431 0.26275 0.37647
0.20784 0.28235 0.4
0.21569 0.2902 0.41176
0.2 0.26275 0.35294
0.18824 0.27843 0.38824
0.18431 0.27451 0.38824
0.18431 0.27451 0.38431
0.19216 0.27451 0.38824
0.20784 0.28627 0.40392
0.2 0.27059 0.38039
0.18039 0.27451 0.38431
0.17647 0.27451 0.38039
0.20392 0.29412 0.40784
0.21176 0.2902 0.4
0.21569 0.29412 0.39608
0.20784 0.28627 0.39216
