0.35686 0.36078 0.38824
0.35294 0.35294 0.38039
0.3451 0.3451 0.38431
0.3451 0.3451 0.38039
0.34902 0.34902 0.38431
0.34118 0.34118 0.37647
0.33725 0.33725 0.36471
0.34118 0.34118 0.38039
0.33725 0.33725 0.37647
0.3451 0.3451 0.38824
0.35686 0.35294 0.4
0.36078 0.36471 0.38824
0.33333 0.33333 0.37255
0.33725 0.33725 0.37647
0.33725 0.33725 0.37647
0.34902 0.34902 0.39216
0.35294 0.35294 0.39608
0.34902 0.34902 0.37255
0.33725 0.33333 0.37647
0.3451 0.3451 0.38824
0.36078 0.36078 0.40392
0.36078 0.36078 0.4
0.34902 0.34902 0.37647
0.3451 0.3451 0.36471
0.35294 0.35294 0.39608
0.36078 0.36078 0.4
0.35294 0.34902 0.39216
0.35294 0.3451 0.38431
0.36078 0.36078 0.39216
0.35686 0.36078 0.40392
0.35686 0.34902 0.39216
0.36078 0.34902 0.39216
0.37255 0.36078 0.40392
0.36471 0.35686 0.39216
0.35686 0.35686 0.4
0.36471 0.35686 0.4
0.35686 0.3451 0.38431
0.36863 0.35686 0.39608
0.36078 0.35686 0.39608
0.3451 0.3451 0.36863
