0.64706 0.60784 0.56863
0.65098 0.60784 0.57255
0.65098 0.60784 0.56863
0.65098 0.60784 0.56863
0.65098 0.6 0.56471
0.6549 0.60392 0.56863
0.6549 0.6 0.56863
0.6549 0.60392 0.56863
0.6549 0.60392 0.56471
0.65098 0.6 0.56471
0.66275 0.60784 0.57255
0.65882 0.60784 0.57255
0.6549 0.60392 0.56863
0.65882 0.60784 0.56863
0.6549 0.60784 0.56863
0.65882 0.60784 0.57255
0.65098 0.6 0.56471
0.6549 0.60392 0.56863
0.65882 0.61176 0.57255
0.6549 0.60392 0.56863
0.6549 0.60392 0.56863
0.6549 0.60392 0.56863
0.64706 0.6 0.56471
