0.94902 0.8902 0.79608
0.95686 0.89804 0.78431
0.95294 0.89412 0.78039
0.95294 0.88627 0.78039
0.94902 0.88627 0.78431
0.95294 0.8902 0.79608
0.96471 0.90196 0.80392
0.96471 0.90196 0.80784
0.96078 0.90196 0.78824
0.96471 0.90196 0.79608
0.96078 0.89804 0.79216
0.95294 0.88627 0.78039
0.95686 0.88627 0.78431
0.96863 0.90196 0.79608
0.96863 0.90196 0.8
0.96078 0.89412 0.79216
0.96078 0.89412 0.78824
0.95294 0.88627 0.78039
0.93725 0.87059 0.76078
0.95294 0.88627 0.78039
0.95294 0.8902 0.78824
0.9451 0.88235 0.78431
0.95686 0.89412 0.79216
0.96078 0.90196 0.79608
0.94902 0.8902 0.77647
0.94902 0.88627 0.78431
0.95686 0.8902 0.79216
0.95294 0.88627 0.78824
0.9451 0.87843 0.78039
0.96471 0.89804 0.8
0.97255 0.90588 0.80784
0.95294 0.8902 0.78824
0.95686 0.8902 0.79216
0.96078 0.89804 0.79608
0.96078 0.89804 0.79608
0.95686 0.89412 0.78824
0.96078 0.89804 0.79608
0.95686 0.89804 0.79608
0.94902 0.88627 0.78039
0.94902 0.8902 0.78431
0.96078 0.89412 0.77647
0.94902 0.88235 0.77255
0.94902 0.87843 0.78039
0.95686 0.88627 0.79216
0.95686 0.88235 0.79216
0.95686 0.8902 0.79608
0.96078 0.89804 0.80392
0.96863 0.90588 0.81569
0.96863 0.90588 0.81176
0.96471 0.90196 0.80392
0.96863 0.90588 0.80784
0.96078 0.89804 0.8
0.95686 0.89412 0.79216
0.96078 0.89804 0.8
0.96078 0.89804 0.79216
0.95294 0.8902 0.78824
0.95294 0.8902 0.78824
0.95294 0.88627 0.77255
0.96078 0.89412 0.78431
0.95294 0.88627 0.78431
0.94902 0.87843 0.78431
0.95294 0.88235 0.78824
0.96863 0.89804 0.80392
0.96471 0.90196 0.80392
0.95686 0.90196 0.8
0.95686 0.89412 0.80392
0.96863 0.9098 0.81961
0.96471 0.90588 0.81569
0.96471 0.90196 0.81176
0.95686 0.89804 0.80392
0.96471 0.90196 0.80392
0.95686 0.89412 0.79608
0.94902 0.88627 0.78824
0.94902 0.88627 0.78824
0.96863 0.90588 0.81176
0.95294 0.88235 0.77255
0.95294 0.88627 0.78039
0.95294 0.88627 0.78824
0.95686 0.88627 0.79216
0.96078 0.8902 0.79608
0.97255 0.90196 0.80784
0.97255 0.9098 0.81569
0.96863 0.91373 0.81176
0.96078 0.90196 0.81176
0.95686 0.89804 0.80784
0.96078 0.90588 0.81569
0.96863 0.9098 0.81961
0.96471 0.90588 0.81569
0.96863 0.9098 0.81176
0.96078 0.89804 0.8
0.96078 0.90196 0.8
0.95686 0.89804 0.79608
0.97255 0.9098 0.81569
0.9451 0.87059 0.74902
0.94118 0.86275 0.75686
0.9451 0.87451 0.76863
0.95294 0.8902 0.78824
0.94902 0.88627 0.78431
0.95294 0.8902 0.79216
0.96863 0.9098 0.81569
0.96863 0.9098 0.81961
0.96471 0.90588 0.81569
0.96863 0.90588 0.82353
0.96078 0.9098 0.81961
0.96078 0.91373 0.81961
0.96863 0.92157 0.82745
0.96471 0.91765 0.82353
0.96863 0.9098 0.81569
0.96078 0.90588 0.80392
0.96863 0.91373 0.80784
0.96078 0.9098 0.80392
0.96471 0.9098 0.81176
0.95686 0.88235 0.77255
0.95686 0.88235 0.76863
0.95294 0.87451 0.76471
0.9451 0.87451 0.76863
0.95686 0.89412 0.79216
0.95686 0.89412 0.79216
0.95294 0.8902 0.79216
0.96471 0.90588 0.81569
0.96863 0.9098 0.81961
0.96471 0.90588 0.81961
0.96863 0.9098 0.82745
0.96078 0.9098 0.81961
0.96471 0.91765 0.82353
0.96471 0.91765 0.82353
0.96863 0.91765 0.82353
0.97255 0.91373 0.82353
0.96078 0.90588 0.80392
0.96078 0.90588 0.8
0.96078 0.90588 0.8
0.96471 0.9098 0.81176
0.95686 0.89412 0.79216
0.95294 0.88627 0.78431
0.93333 0.85882 0.75686
0.93333 0.8549 0.74902
0.95294 0.87451 0.77255
0.95686 0.88627 0.78431
0.95686 0.89412 0.79216
0.96471 0.90196 0.8
0.96471 0.90588 0.80392
0.95686 0.89804 0.80392
0.96863 0.9098 0.81961
0.96863 0.90588 0.81961
0.96471 0.90588 0.82353
0.96471 0.9098 0.82353
0.96471 0.91765 0.82353
0.97255 0.92549 0.83137
0.96471 0.91373 0.82353
0.95686 0.89804 0.80392
0.95294 0.89804 0.79608
0.95294 0.89804 0.79608
0.95294 0.89804 0.79608
0.96471 0.90588 0.80784
0.94902 0.88627 0.78824
0.9451 0.88235 0.78431
0.95294 0.8902 0.79216
0.95686 0.8902 0.79216
0.92941 0.85882 0.75686
0.94118 0.86275 0.75686
0.94902 0.87059 0.77255
0.92941 0.85882 0.76078
0.94902 0.88235 0.78039
0.96471 0.90588 0.80392
0.96078 0.90588 0.80392
0.96471 0.90588 0.81176
0.96863 0.9098 0.81961
0.96078 0.89804 0.80784
0.95294 0.8902 0.80392
0.96863 0.90588 0.81961
0.97255 0.91373 0.82353
0.97255 0.91765 0.82353
0.96471 0.90588 0.81176
0.94118 0.87843 0.77647
0.92549 0.86667 0.76471
0.96471 0.90196 0.8
0.95686 0.89804 0.79608
0.95686 0.89804 0.80392
0.96078 0.89412 0.8
0.9451 0.87843 0.78431
0.94118 0.87843 0.78039
0.94902 0.88627 0.78824
0.94902 0.88627 0.78824
0.9451 0.87843 0.78431
0.95686 0.8902 0.78824
0.95294 0.88235 0.78039
0.96471 0.8902 0.79216
0.96078 0.89412 0.79608
0.96471 0.90196 0.8
0.96471 0.90588 0.80784
0.96863 0.9098 0.81569
0.96471 0.90588 0.81961
0.97255 0.9098 0.82353
0.97255 0.9098 0.81961
0.95294 0.8902 0.8
0.94902 0.8902 0.8
0.96863 0.90588 0.81569
0.97647 0.91765 0.82745
0.97255 0.91373 0.81961
0.95686 0.89412 0.79216
0.9451 0.88627 0.78431
0.96863 0.9098 0.80784
0.96078 0.90588 0.80392
0.95294 0.89804 0.8
0.93725 0.87451 0.77647
0.94118 0.88235 0.78039
0.9451 0.88235 0.78824
0.96471 0.89412 0.80784
0.95294 0.8902 0.79216
0.94902 0.89412 0.78824
0.96863 0.90196 0.80784
0.96471 0.90196 0.80392
0.96471 0.90588 0.80784
0.96471 0.90588 0.81176
0.96863 0.9098 0.82353
0.96471 0.90588 0.82745
0.96078 0.89804 0.81569
0.96471 0.90196 0.81176
0.93725 0.87059 0.78039
0.93725 0.87451 0.78431
0.96863 0.9098 0.81961
0.97647 0.91765 0.82745
0.96863 0.9098 0.81569
0.94902 0.89412 0.79216
0.94902 0.89412 0.79216
0.96863 0.91373 0.81176
0.96078 0.90588 0.80392
0.96078 0.90588 0.80784
0.94902 0.88627 0.78824
0.96078 0.89804 0.8
0.96471 0.90196 0.81569
0.95294 0.89412 0.8
0.9451 0.88627 0.79216
0.94902 0.89412 0.79216
0.95294 0.89804 0.79608
0.96078 0.90588 0.80392
0.95686 0.89804 0.80784
0.97255 0.91373 0.82353
0.96863 0.9098 0.81961
0.96471 0.9098 0.81569
0.95686 0.89412 0.79608
0.93333 0.86667 0.77255
0.95294 0.88627 0.78824
0.97647 0.91373 0.81961
0.96863 0.9098 0.82353
0.96078 0.90588 0.81961
0.94902 0.8902 0.79608
0.95294 0.89412 0.80392
0.97255 0.91373 0.81961
0.96471 0.91373 0.82353
0.96863 0.91765 0.83137
0.95686 0.89412 0.8
0.95686 0.89804 0.80784
0.95294 0.89412 0.80392
0.95294 0.89412 0.8
0.9451 0.8902 0.78824
0.96078 0.90588 0.80392
0.95686 0.90196 0.8
0.96078 0.90196 0.80784
0.96863 0.9098 0.81961
0.97255 0.91373 0.82353
0.97647 0.92157 0.82353
0.96078 0.89804 0.8
0.94118 0.87451 0.77647
0.96863 0.90196 0.80392
0.96863 0.90588 0.81176
0.96078 0.90196 0.81569
0.94118 0.8902 0.80392
0.96863 0.9098 0.81961
0.97255 0.91373 0.82353
0.96863 0.9098 0.82353
0.96078 0.91373 0.82745
0.97255 0.92549 0.83922
0.9451 0.88627 0.79608
0.95294 0.89412 0.80392
0.95294 0.89804 0.80392
0.95686 0.90196 0.8
0.94902 0.89412 0.79216
0.95686 0.90588 0.8
0.96863 0.9098 0.81961
0.96471 0.90588 0.81569
0.96078 0.90196 0.81569
0.95686 0.90196 0.80392
0.96471 0.90196 0.80392
0.96863 0.89804 0.80392
0.95686 0.8902 0.79608
0.95294 0.8902 0.79608
0.94902 0.8902 0.80392
0.96471 0.91373 0.83137
0.98824 0.92549 0.84314
0.98039 0.92157 0.83922
0.97255 0.91373 0.83137
0.96863 0.92157 0.83529
0.97255 0.92549 0.83922
0.95294 0.89412 0.80392
0.95686 0.89804 0.80784
0.96078 0.90196 0.80392
0.94902 0.8902 0.79608
0.95686 0.89804 0.8
0.96863 0.9098 0.81961
0.96078 0.90196 0.81176
0.95686 0.89804 0.80784
0.9451 0.88627 0.78824
0.95686 0.89804 0.79608
0.96863 0.90196 0.80392
0.96078 0.89804 0.79608
0.95686 0.89804 0.80392
0.97255 0.9098 0.82353
0.98039 0.92941 0.83922
0.98039 0.92549 0.84314
0.97647 0.92549 0.84314
0.96078 0.91373 0.82745
0.95294 0.9098 0.82353
0.97647 0.92941 0.84706
0.9451 0.88235 0.79216
0.95294 0.8902 0.8
0.95686 0.89412 0.80392
0.96471 0.90196 0.81176
0.96863 0.9098 0.81961
0.96471 0.90588 0.81961
0.96471 0.90588 0.81569
0.95294 0.89412 0.8
0.96078 0.89412 0.79608
0.93725 0.87843 0.77647
0.94902 0.8902 0.78824
0.95294 0.8902 0.80392
0.96078 0.90196 0.81176
0.97255 0.91765 0.82745
0.95686 0.9098 0.82353
0.96863 0.92549 0.83922
0.95686 0.91765 0.82745
0.96471 0.92157 0.83529
0.97647 0.93333 0.84706
0.94902 0.88627 0.79608
0.94902 0.88627 0.79608
0.95686 0.89412 0.80392
0.96471 0.90588 0.81961
0.96078 0.90196 0.81961
0.96863 0.9098 0.82745
0.96863 0.9098 0.81961
0.95686 0.8902 0.8
0.92549 0.86275 0.76471
0.94902 0.88627 0.78824
0.94902 0.88627 0.79608
0.96863 0.90588 0.81569
0.96471 0.90588 0.81569
0.96863 0.9098 0.82745
0.97255 0.92157 0.83529
0.96863 0.92549 0.83922
0.97255 0.92941 0.84314
0.97255 0.92941 0.84706
0.94902 0.88627 0.8
0.95686 0.8902 0.80392
0.95294 0.89412 0.81176
0.94902 0.8902 0.80784
0.96863 0.9098 0.82745
0.97647 0.91765 0.83529
0.96471 0.90588 0.81961
0.9451 0.88627 0.79608
0.95686 0.89804 0.80784
0.97647 0.91765 0.82745
0.96863 0.91373 0.81569
0.95686 0.90196 0.80784
0.95294 0.8902 0.80784
0.97647 0.91765 0.83137
0.97647 0.92549 0.83922
0.96078 0.91765 0.82745
0.96078 0.91765 0.83137
0.96863 0.90588 0.81961
0.96078 0.89804 0.81961
0.95294 0.89412 0.81176
0.96471 0.90588 0.82353
0.97647 0.91765 0.83529
0.96471 0.91373 0.82745
0.96078 0.91373 0.82745
0.95686 0.9098 0.82353
0.96078 0.91373 0.82745
0.97255 0.92549 0.83137
0.97255 0.92157 0.81961
0.96078 0.90588 0.80392
0.95294 0.89412 0.80392
0.96471 0.90588 0.81569
0.96863 0.9098 0.81961
0.96471 0.9098 0.81569
0.96471 0.9098 0.81961
0.96471 0.90588 0.82353
0.96078 0.9098 0.82353
0.96863 0.91765 0.83137
0.96471 0.91765 0.83137
0.96078 0.91373 0.82745
0.96471 0.91765 0.83137
0.96863 0.92157 0.83529
0.97255 0.92549 0.83922
0.97647 0.92941 0.83922
0.98039 0.92549 0.83137
0.97647 0.91765 0.82353
0.97255 0.91373 0.82353
0.96863 0.9098 0.81961
0.96471 0.90588 0.81176
0.96471 0.90588 0.81176
0.95686 0.90196 0.80392
0.96863 0.92157 0.83529
0.96863 0.92157 0.83529
0.96863 0.92157 0.83529
0.96863 0.92157 0.83529
0.96863 0.92157 0.83529
0.96863 0.91765 0.83529
0.96863 0.91765 0.83529
0.96863 0.91765 0.83922
0.97647 0.92549 0.84706
0.97647 0.92157 0.83529
0.96863 0.91373 0.82353
0.97255 0.91373 0.82353
0.97255 0.91373 0.82353
0.96863 0.9098 0.81569
0.96471 0.90588 0.80392
0.96471 0.90588 0.80784
0.97255 0.92549 0.83922
0.97255 0.92157 0.83922
0.95686 0.90588 0.83137
0.96471 0.91373 0.83922
0.97255 0.92157 0.84706
0.97255 0.92157 0.84706
0.96863 0.91765 0.84314
0.96471 0.91765 0.83922
0.96471 0.91765 0.82745
0.95686 0.9098 0.81569
0.96863 0.9098 0.82745
0.96078 0.90196 0.81176
0.96471 0.9098 0.80784
0.96863 0.91373 0.81176
0.97255 0.91373 0.81961
0.96863 0.92157 0.83529
0.96863 0.92157 0.83922
0.96863 0.91765 0.84314
0.97255 0.92157 0.84706
0.96863 0.91765 0.84314
0.96863 0.91765 0.84314
0.96863 0.91765 0.84706
0.96471 0.91765 0.83922
0.96471 0.91765 0.83137
0.96471 0.91765 0.82745
0.96863 0.9098 0.82745
0.96471 0.90588 0.81569
0.95686 0.90196 0.80392
0.95294 0.89804 0.79608
0.96078 0.90196 0.80784
0.97255 0.92549 0.83922
0.97255 0.92549 0.84314
0.96863 0.91765 0.84314
0.96863 0.91765 0.83922
0.96471 0.91373 0.83922
0.96471 0.91373 0.83922
0.97255 0.92157 0.84706
0.96863 0.92157 0.84314
0.96863 0.92157 0.83529
0.96863 0.91765 0.82745
0.96863 0.9098 0.82745
0.97255 0.91373 0.82353
0.95294 0.89804 0.79608
0.95294 0.89804 0.79608
0.96863 0.9098 0.81569
0.97255 0.92549 0.83922
0.96078 0.91373 0.82745
0.96078 0.9098 0.83137
0.97647 0.91765 0.84314
0.98039 0.91765 0.84706
0.97255 0.91765 0.83922
0.97647 0.92941 0.84314
0.97647 0.92941 0.84314
0.97255 0.92549 0.83922
0.97647 0.91765 0.83529
0.96863 0.9098 0.82745
0.96471 0.90588 0.81961
0.96078 0.90196 0.81176
0.97647 0.91765 0.82745
0.97647 0.92941 0.84314
0.96863 0.92157 0.83529
0.97255 0.91765 0.83529
0.98039 0.92157 0.84314
0.97647 0.91765 0.83922
0.97255 0.91765 0.83529
0.97255 0.92549 0.83529
0.97255 0.92549 0.83529
0.97255 0.92157 0.83529
0.97255 0.91373 0.83137
0.96863 0.9098 0.82745
0.96863 0.9098 0.82745
0.97647 0.91765 0.83137
0.96863 0.9098 0.82353
0.96863 0.92157 0.83529
0.96863 0.92157 0.83529
0.96863 0.91373 0.83137
0.97647 0.91765 0.83529
0.96863 0.9098 0.82745
0.97647 0.92157 0.83529
0.97255 0.92941 0.83137
0.97255 0.92549 0.83137
0.96863 0.92157 0.82745
0.95686 0.89804 0.81569
0.96078 0.90196 0.81961
0.96863 0.9098 0.82745
0.97647 0.91765 0.83529
0.97647 0.91765 0.83529
0.97647 0.92549 0.83922
0.96078 0.91765 0.83137
0.94118 0.8902 0.80392
0.96863 0.9098 0.82745
0.95294 0.8902 0.8
0.93725 0.87843 0.78039
0.92941 0.87059 0.77255
0.92941 0.86667 0.76471
0.94902 0.88235 0.78039
0.94902 0.88627 0.78824
0.94902 0.8902 0.79608
0.96863 0.9098 0.82353
0.98039 0.91765 0.83922
0.96471 0.90588 0.82353
0.97255 0.92549 0.83922
0.93333 0.88627 0.8
0.94902 0.89412 0.80784
0.96078 0.89804 0.80392
0.94902 0.88627 0.78431
0.95294 0.87843 0.77255
0.92157 0.83922 0.72941
0.91373 0.82745 0.71373
0.91765 0.83137 0.72549
0.91373 0.84706 0.74118
0.95686 0.90196 0.80392
0.97647 0.92157 0.83529
0.96471 0.91373 0.83137
0.9098 0.83137 0.72549
0.9451 0.86275 0.75294
0.93725 0.85882 0.74902
0.93333 0.86667 0.76471
0.9451 0.88627 0.79608
0.96471 0.91373 0.82745
0.96863 0.92157 0.83529
