0.20784 0.18824 0.16863
0.22745 0.20784 0.19608
0.27451 0.25098 0.25098
0.16471 0.1451 0.12157
0.17255 0.15686 0.13725
0.21961 0.20784 0.19608
0.24706 0.22745 0.22353
0.17255 0.1451 0.10588
0.16078 0.13725 0.10588
0.15294 0.14118 0.11373
0.16078 0.15294 0.12941
0.20784 0.18824 0.17647
0.27843 0.2549 0.25882
0.17255 0.14902 0.1098
0.16863 0.14118 0.1098
0.16471 0.1451 0.11373
0.16078 0.14118 0.11765
0.16863 0.14902 0.12549
0.23922 0.21961 0.21569
0.18039 0.15686 0.11373
0.17255 0.15294 0.10588
0.17647 0.15294 0.10588
0.17647 0.14902 0.11373
0.17255 0.1451 0.11765
0.16863 0.14118 0.11373
0.26275 0.23922 0.23137
0.18824 0.15686 0.11373
0.17255 0.1451 0.098039
0.18039 0.15686 0.1098
0.18431 0.15294 0.11765
0.18431 0.15294 0.12941
0.17647 0.14118 0.12549
0.20784 0.17255 0.15294
0.52549 0.4902 0.44706
0.38824 0.34902 0.3098
0.27843 0.23922 0.2
0.23137 0.18824 0.15294
0.21176 0.17255 0.13333
0.27059 0.22745 0.2
0.47843 0.43529 0.41569
