0.14902 0.23137 0.33725
0.14902 0.23137 0.33725
0.15294 0.23529 0.34118
0.14902 0.23529 0.33725
0.14902 0.23137 0.33725
0.14902 0.22745 0.33333
0.14118 0.23529 0.33725
0.14902 0.24314 0.3451
0.15294 0.24314 0.3451
0.14902 0.23137 0.33725
0.16078 0.25098 0.35294
0.13333 0.22745 0.32941
0.13725 0.23529 0.33333
0.14902 0.23922 0.34118
0.15686 0.23922 0.34118
0.14902 0.23529 0.34118
0.13725 0.23137 0.33333
0.14902 0.24314 0.3451
0.14902 0.23922 0.34118
0.16078 0.24314 0.34902
0.15686 0.23922 0.3451
0.15686 0.23922 0.3451
