0.16078 0.26275 0.39216
0.17255 0.27451 0.40392
0.16471 0.26275 0.39608
0.16471 0.27059 0.4
0.16471 0.27451 0.40392
0.16863 0.26667 0.4
0.16863 0.27059 0.4
0.16078 0.26275 0.39216
0.17255 0.27843 0.40784
0.17255 0.28627 0.41176
0.17255 0.28627 0.41176
0.16863 0.26275 0.39608
0.15686 0.25882 0.38824
0.16471 0.26667 0.39608
0.17647 0.27843 0.40784
0.17255 0.28627 0.41176
0.17255 0.27451 0.40392
0.16863 0.27059 0.4
0.16471 0.26667 0.39608
0.16471 0.27843 0.40784
0.17647 0.27843 0.40784
0.16863 0.27059 0.4
0.16471 0.26667 0.39608
0.16863 0.27451 0.41176
0.16078 0.27059 0.4
0.16863 0.27059 0.4
0.16863 0.27059 0.4
0.16863 0.27059 0.4
0.16863 0.27059 0.40392
0.16863 0.27059 0.40392
