0.2 0.3098 0.46667
0.19216 0.30196 0.45882
0.19216 0.30196 0.45882
0.19216 0.30196 0.45882
0.2 0.3098 0.46667
0.2 0.3098 0.46667
0.19608 0.30588 0.46275
0.18824 0.29804 0.4549
0.19608 0.30588 0.46275
0.19608 0.30588 0.46275
0.2 0.3098 0.46667
0.19216 0.30196 0.45882
0.20392 0.3098 0.46667
0.2 0.3098 0.46667
0.19608 0.30588 0.46275
0.2 0.31373 0.47059
0.18824 0.30588 0.45882
0.2 0.3098 0.46667
0.2 0.3098 0.46667
0.19216 0.30196 0.45882
0.18039 0.30588 0.45882
0.18039 0.30588 0.45882
0.2 0.3098 0.46667
0.20392 0.31373 0.47059
0.19608 0.30588 0.46275
0.2 0.31373 0.46667
0.20392 0.3098 0.46667
