0.87451 0.79216 0.67451
0.87059 0.78039 0.65882
0.88627 0.79608 0.67451
0.89412 0.80784 0.6902
0.88235 0.8 0.68627
0.88627 0.79608 0.67451
0.89804 0.80784 0.68627
0.89412 0.80784 0.68627
0.87451 0.79216 0.67451
0.88627 0.80784 0.68627
0.87451 0.8 0.67451
0.8902 0.79608 0.67451
0.8902 0.8 0.67843
0.8902 0.80392 0.68235
0.87843 0.79608 0.67451
0.8902 0.81176 0.68627
0.87843 0.80392 0.67843
0.88627 0.81176 0.68627
0.8902 0.8 0.67059
0.8902 0.8 0.67843
0.8902 0.8 0.67843
0.88235 0.79608 0.67451
0.87843 0.79608 0.67843
0.87843 0.80392 0.68235
0.88627 0.81176 0.69412
0.88627 0.79608 0.67451
0.87843 0.78824 0.66667
0.88235 0.79216 0.67059
0.8902 0.80784 0.69412
0.87059 0.79608 0.67843
0.87843 0.80392 0.68627
0.88627 0.79608 0.67451
0.87451 0.78431 0.66275
0.88627 0.79608 0.67451
0.89412 0.81176 0.69804
0.88235 0.80784 0.6902
0.88235 0.79216 0.67059
0.88235 0.79608 0.67451
0.88627 0.80392 0.68235
0.87843 0.79608 0.67451
0.88235 0.8 0.67843
0.88627 0.80392 0.68235
