0.53725 0.65882 0.78039
0.54118 0.66275 0.78039
0.53725 0.65882 0.78431
0.54118 0.66275 0.78431
0.5451 0.66275 0.78039
0.5451 0.66275 0.78039
0.52941 0.65098 0.77255
0.53333 0.6549 0.77647
0.53333 0.6549 0.77255
0.53725 0.65882 0.77255
0.54118 0.66275 0.77647
0.54118 0.66275 0.78039
0.53725 0.65882 0.78039
0.5451 0.66667 0.78431
0.5451 0.66667 0.78039
0.54902 0.67059 0.78431
0.53725 0.65882 0.78039
0.54118 0.66275 0.78431
0.54118 0.66275 0.78431
0.54902 0.67059 0.78431
0.5451 0.66667 0.78039
0.54118 0.66275 0.77647
0.54118 0.66275 0.77647
0.54118 0.66275 0.77647
0.53725 0.65882 0.78039
0.54118 0.66275 0.78824
0.53725 0.65882 0.78039
0.53725 0.65882 0.77255
0.5451 0.65882 0.77647
0.5451 0.65882 0.77647
0.54902 0.67059 0.78431
0.5451 0.66667 0.78039
0.5451 0.66667 0.78039
0.54118 0.65882 0.78824
0.54118 0.66275 0.78039
0.54118 0.66275 0.78431
0.54118 0.66275 0.78431
0.54118 0.66275 0.77647
0.5451 0.66275 0.77647
0.5451 0.65882 0.77647
0.54902 0.66667 0.78039
0.5451 0.66275 0.77647
0.54902 0.66667 0.78431
0.54118 0.66667 0.78431
0.53725 0.65882 0.78039
0.5451 0.66667 0.78824
0.5451 0.66667 0.78039
0.5451 0.66275 0.78039
0.54902 0.66275 0.78039
0.54902 0.66275 0.78039
0.54902 0.66275 0.78039
0.54902 0.66275 0.78039
0.55294 0.66667 0.78039
0.53725 0.6549 0.78039
0.54118 0.65882 0.78431
0.53725 0.65882 0.78039
0.54118 0.65882 0.78824
0.53333 0.6549 0.77647
0.53725 0.6549 0.78039
0.53725 0.65882 0.78039
0.53333 0.6549 0.77647
0.54118 0.66275 0.78431
0.5451 0.65882 0.78431
0.5451 0.65882 0.78039
0.54902 0.66275 0.78039
0.55294 0.66667 0.78431
0.54902 0.66275 0.78039
0.5451 0.65882 0.77647
0.55686 0.66667 0.78039
0.55686 0.66275 0.77647
0.53333 0.6549 0.78039
0.53725 0.65882 0.78039
0.53725 0.65882 0.78039
0.53333 0.6549 0.77647
0.53725 0.65882 0.78039
0.53725 0.65882 0.78039
0.52941 0.65098 0.77255
0.54118 0.65882 0.78431
0.54902 0.66275 0.79216
0.5451 0.65882 0.78039
0.5451 0.65882 0.77647
0.55294 0.66667 0.78431
0.55294 0.66667 0.78431
0.55294 0.66667 0.78431
0.55686 0.66667 0.78039
0.56078 0.66667 0.78039
0.53725 0.65882 0.78039
0.53725 0.65882 0.78039
0.54118 0.66275 0.78431
0.53725 0.6549 0.78431
0.53333 0.6549 0.77647
0.54118 0.66275 0.78431
0.53725 0.65882 0.78039
0.53333 0.6549 0.77647
0.5451 0.66667 0.78824
0.54902 0.66275 0.78824
0.5451 0.65882 0.78039
0.54902 0.66275 0.78039
0.55294 0.66667 0.78431
0.55294 0.66667 0.78431
0.55686 0.67059 0.78824
0.56078 0.67059 0.78431
0.56078 0.66667 0.78039
0.56078 0.66667 0.78039
0.56471 0.67059 0.78431
0.52941 0.6549 0.78039
0.52549 0.65098 0.78039
0.52941 0.65882 0.78431
0.52941 0.65882 0.78431
0.53333 0.6549 0.78431
0.5451 0.66275 0.79216
0.5451 0.66667 0.78824
0.54118 0.66667 0.78824
0.5451 0.66667 0.78431
0.54118 0.6549 0.77647
0.5451 0.65882 0.78039
0.55294 0.66667 0.78431
0.55294 0.66667 0.78039
0.55294 0.67059 0.78039
0.55686 0.67059 0.78431
0.55294 0.67059 0.78039
0.55686 0.67059 0.78039
0.55686 0.67451 0.78431
0.56078 0.66667 0.78039
0.56471 0.67059 0.78431
0.52941 0.65882 0.78431
0.52941 0.65882 0.78824
0.52941 0.65882 0.78824
0.52941 0.65882 0.78824
0.53725 0.65882 0.78824
0.54118 0.65882 0.79216
0.54118 0.65882 0.78824
0.54118 0.66275 0.78431
0.54118 0.66667 0.78824
0.54902 0.66667 0.78824
0.54902 0.66275 0.78039
0.55294 0.66667 0.78431
0.55294 0.66667 0.78431
0.55686 0.67451 0.78431
0.55686 0.67451 0.78431
0.55294 0.67059 0.78039
0.54902 0.66667 0.77647
0.55294 0.67059 0.78039
0.55686 0.67451 0.78431
0.56078 0.67059 0.78431
0.56078 0.67059 0.78431
0.52941 0.65882 0.78431
0.52941 0.65882 0.78824
0.52549 0.65882 0.78824
0.53333 0.66275 0.79216
0.53725 0.65882 0.78431
0.53333 0.6549 0.77255
0.53725 0.65882 0.78039
0.54118 0.66275 0.78431
0.54118 0.66275 0.78431
0.5451 0.66667 0.78824
0.5451 0.66275 0.78431
0.54902 0.66275 0.78039
0.55294 0.66667 0.78431
0.55686 0.67059 0.78824
0.55294 0.67059 0.78039
0.54902 0.66667 0.77647
0.55294 0.67059 0.78039
0.55294 0.67059 0.78039
0.55686 0.67451 0.78431
0.55686 0.67451 0.78431
0.55686 0.67059 0.78431
0.55686 0.67059 0.78824
0.55686 0.67451 0.78431
0.53333 0.65882 0.78039
0.52941 0.6549 0.78039
0.52941 0.6549 0.78039
0.53725 0.66275 0.78824
0.53725 0.66275 0.78431
0.54118 0.66275 0.78431
0.54118 0.66275 0.78431
0.53725 0.65882 0.78039
0.53333 0.6549 0.77647
0.53725 0.65882 0.78431
0.54118 0.66275 0.78039
0.54902 0.66275 0.78039
0.54902 0.66275 0.78039
0.55294 0.66667 0.78431
0.55686 0.67451 0.78431
0.55294 0.67059 0.78039
0.55294 0.67059 0.78039
0.55686 0.67451 0.78431
0.55294 0.67059 0.78039
0.55686 0.67451 0.78431
0.55686 0.67059 0.78431
0.55294 0.67059 0.78431
0.56078 0.67843 0.78431
0.53333 0.6549 0.78039
0.53725 0.66275 0.78039
0.53725 0.65882 0.78039
0.5451 0.66275 0.78431
0.54118 0.66275 0.78431
0.53725 0.65882 0.78039
0.53725 0.65882 0.78039
0.54118 0.66275 0.78431
0.53725 0.65882 0.78039
0.5451 0.66667 0.78824
0.54118 0.66275 0.78431
0.53333 0.6549 0.77647
0.5451 0.65882 0.77647
0.55294 0.66667 0.78431
0.55686 0.67059 0.78431
0.54902 0.66667 0.77647
0.55294 0.67059 0.78039
0.55294 0.67059 0.78039
0.55294 0.67059 0.78039
0.55686 0.67451 0.78431
0.56078 0.67843 0.78824
0.55686 0.67451 0.78431
0.55294 0.67059 0.78039
0.55294 0.67451 0.77647
0.53725 0.65882 0.77647
0.54118 0.65882 0.78039
0.5451 0.66275 0.78431
0.5451 0.66667 0.78824
0.53725 0.65882 0.78039
0.52941 0.65882 0.78039
0.54118 0.66667 0.78824
0.53333 0.65882 0.78039
0.5451 0.66275 0.78431
0.54118 0.66667 0.78824
0.54118 0.66275 0.78431
0.54902 0.66275 0.78039
0.55686 0.66667 0.78431
0.55294 0.66667 0.78431
0.54902 0.67059 0.78039
0.55294 0.67059 0.78039
0.56471 0.67059 0.78431
0.55686 0.67059 0.78039
0.55686 0.67451 0.78431
0.55686 0.67843 0.78431
0.55686 0.67451 0.78431
0.56078 0.67843 0.78824
0.53725 0.65882 0.78431
0.54118 0.66275 0.78824
0.53725 0.66275 0.78431
0.54118 0.66667 0.78824
0.53333 0.65882 0.78039
0.52549 0.6549 0.77647
0.52941 0.65882 0.78039
0.53333 0.65882 0.78431
0.5451 0.66275 0.78824
0.54118 0.66275 0.78431
0.54118 0.66275 0.78039
0.54902 0.66667 0.78431
0.55294 0.66667 0.78431
0.55294 0.67059 0.78431
0.5451 0.67059 0.78039
0.55294 0.67059 0.78039
0.56471 0.67059 0.78431
0.55686 0.67059 0.78039
0.55294 0.67059 0.78039
0.55686 0.67059 0.78431
0.55686 0.67451 0.78431
0.55686 0.67451 0.78431
0.53333 0.66275 0.78431
0.52941 0.65882 0.78039
0.52941 0.65882 0.78039
0.52941 0.65882 0.78039
0.52941 0.65882 0.78039
0.52549 0.65882 0.77647
0.53725 0.66275 0.79216
0.54118 0.66275 0.79216
0.53725 0.65882 0.78039
0.54118 0.66275 0.78039
0.54902 0.67059 0.78431
0.54902 0.67059 0.78431
0.54902 0.67059 0.78431
0.5451 0.66275 0.78039
0.55294 0.66667 0.78431
0.55294 0.66667 0.78431
0.55686 0.67059 0.78431
0.56078 0.67451 0.78431
0.56863 0.67059 0.78431
0.56078 0.67451 0.78431
0.56078 0.67843 0.78824
0.56863 0.67451 0.78824
0.52941 0.65882 0.78039
0.52941 0.65882 0.78039
0.52941 0.66275 0.78039
0.53725 0.66275 0.78824
0.53333 0.6549 0.78431
0.52941 0.65098 0.78039
0.53725 0.6549 0.78824
0.54118 0.66275 0.79216
0.54118 0.66275 0.78431
0.54118 0.66275 0.78039
0.54902 0.67059 0.78431
0.54902 0.67059 0.78431
0.54902 0.67059 0.78431
0.55294 0.66667 0.78431
0.55686 0.67059 0.78824
0.56078 0.67451 0.79216
0.55294 0.67059 0.78431
0.55686 0.67451 0.78431
0.56471 0.67059 0.78431
0.56078 0.67451 0.78431
0.56078 0.67843 0.78824
0.57255 0.67843 0.79216
0.53333 0.65882 0.78431
0.52941 0.65882 0.78039
0.53725 0.66667 0.78431
0.53725 0.65882 0.78824
0.53725 0.65098 0.78824
0.53725 0.65098 0.78824
0.54118 0.65882 0.79216
0.5451 0.66667 0.79216
0.53725 0.65882 0.78039
0.53725 0.65882 0.77647
0.5451 0.66667 0.78039
0.54902 0.67059 0.78431
0.54902 0.66667 0.78431
0.55686 0.67059 0.78824
0.55294 0.66667 0.78431
0.55686 0.67059 0.78824
0.55294 0.66667 0.78039
0.55686 0.67059 0.78039
0.56863 0.67451 0.78824
0.56078 0.67451 0.78431
0.55686 0.67451 0.78431
0.56471 0.67059 0.78431
0.56471 0.67059 0.78431
0.53725 0.65882 0.78431
0.53725 0.65882 0.78039
0.54118 0.66275 0.78431
0.54118 0.66667 0.78824
0.53725 0.6549 0.78431
0.53725 0.6549 0.78824
0.54118 0.65882 0.79216
0.54118 0.65882 0.78824
0.5451 0.66667 0.78431
0.53725 0.66667 0.78824
0.52941 0.65882 0.77647
0.53725 0.66667 0.77647
0.5451 0.66275 0.77647
0.55294 0.66667 0.78431
0.55294 0.66667 0.78431
0.55686 0.67059 0.78824
0.55294 0.66667 0.78431
0.56078 0.67059 0.78431
0.56471 0.67059 0.78824
0.56471 0.67059 0.78824
0.56863 0.67451 0.79216
0.56863 0.67451 0.78824
0.54118 0.66275 0.78824
0.54118 0.66275 0.78431
0.54118 0.66275 0.78431
0.54118 0.66275 0.78431
0.54118 0.65882 0.78824
0.54118 0.65882 0.79216
0.54118 0.65882 0.79216
0.54118 0.65882 0.78824
0.5451 0.66667 0.78824
0.54118 0.66667 0.78824
0.53725 0.66667 0.78824
0.53725 0.66667 0.78039
0.54902 0.66667 0.78039
0.55294 0.66667 0.78431
0.55686 0.67059 0.78824
0.55686 0.67059 0.78824
0.55294 0.67059 0.78824
0.56078 0.66667 0.78431
0.56078 0.66667 0.78431
0.56471 0.67059 0.78824
0.56863 0.67451 0.79216
0.56863 0.67451 0.78824
0.53333 0.65098 0.77647
0.54118 0.66275 0.78431
0.54118 0.66275 0.78431
0.54118 0.66275 0.78431
0.5451 0.66667 0.79216
0.5451 0.66275 0.79608
0.54118 0.65882 0.79216
0.5451 0.66275 0.79216
0.5451 0.66667 0.78824
0.5451 0.67059 0.79608
0.54118 0.67451 0.79216
0.54118 0.66667 0.78039
0.54902 0.66667 0.78431
0.55294 0.66667 0.78431
0.55294 0.66667 0.78431
0.55686 0.67059 0.78824
0.55294 0.66667 0.78431
0.56078 0.67059 0.78824
0.56471 0.67059 0.78824
0.56863 0.67451 0.79216
0.53333 0.66275 0.78431
0.53725 0.66275 0.78431
0.54118 0.66275 0.78431
0.54118 0.66275 0.78431
0.5451 0.66667 0.78824
0.54902 0.67059 0.79608
0.54902 0.67059 0.78824
0.5451 0.66667 0.78039
0.5451 0.66667 0.78039
0.54902 0.67059 0.78431
0.54902 0.66275 0.78824
0.54902 0.66275 0.78039
0.55294 0.67059 0.78431
0.55294 0.67059 0.78431
0.55686 0.67059 0.78431
0.56078 0.66667 0.78039
0.56863 0.67451 0.78824
0.56863 0.67451 0.78824
0.56863 0.67451 0.78824
0.53333 0.66275 0.78824
0.53333 0.65882 0.78039
0.54118 0.66275 0.78431
0.53725 0.65882 0.78039
0.54118 0.66275 0.78431
0.5451 0.66667 0.78431
0.54118 0.66275 0.78039
0.54118 0.66275 0.78039
0.5451 0.66667 0.78039
0.5451 0.66275 0.78431
0.55294 0.66667 0.79216
0.55294 0.66667 0.78824
0.55686 0.67451 0.78431
0.55686 0.67451 0.78431
0.56078 0.67451 0.78824
0.56471 0.67059 0.78431
0.56471 0.67059 0.78431
0.56471 0.67059 0.78431
0.56078 0.66667 0.78039
0.53333 0.66275 0.78431
0.53725 0.66275 0.78431
0.5451 0.66667 0.78824
0.54118 0.66275 0.78431
0.54118 0.66275 0.78431
0.5451 0.66667 0.78824
0.5451 0.66667 0.78824
0.54902 0.67059 0.79216
0.5451 0.66667 0.78824
0.54902 0.67059 0.79216
0.55294 0.66667 0.79216
0.55686 0.67059 0.78824
0.56078 0.67843 0.78824
0.56471 0.67843 0.78824
0.56471 0.67843 0.78824
0.56471 0.67059 0.78431
0.56471 0.67059 0.78431
0.54902 0.67059 0.79216
0.54118 0.66275 0.78431
0.54118 0.66275 0.78431
0.54118 0.66275 0.78431
0.54118 0.66275 0.78431
0.53725 0.66275 0.78431
0.54118 0.65882 0.78039
0.54902 0.66275 0.78824
0.55294 0.66667 0.79216
0.55294 0.66667 0.78431
0.56078 0.67451 0.78824
0.56078 0.67843 0.78824
0.56078 0.68235 0.79216
0.56471 0.67059 0.78431
0.56863 0.67059 0.78431
0.54902 0.67059 0.79216
0.5451 0.66667 0.78824
0.54118 0.66275 0.78431
0.5451 0.66667 0.78824
0.5451 0.66667 0.78824
0.54118 0.66667 0.78824
0.5451 0.66275 0.78431
0.55294 0.66667 0.79216
0.55294 0.66667 0.78824
0.55294 0.66667 0.78431
0.55686 0.67451 0.78431
0.55294 0.67059 0.78039
0.55686 0.67843 0.78824
0.5451 0.66667 0.78824
0.54902 0.66667 0.78824
0.54118 0.66667 0.78431
0.54118 0.66667 0.78039
0.5451 0.66275 0.78039
0.55294 0.66667 0.78431
0.55686 0.67059 0.79608
0.55686 0.67059 0.78824
0.55294 0.67059 0.78039
0.55686 0.67451 0.78431
0.55294 0.67451 0.78431
0.5451 0.66667 0.78431
0.5451 0.67059 0.78431
0.54902 0.67059 0.78039
0.54902 0.66667 0.78431
0.55294 0.67059 0.79216
0.54902 0.66275 0.78039
0.55294 0.66667 0.78039
0.55686 0.67451 0.78431
0.54902 0.67059 0.78431
0.5451 0.67059 0.78039
0.5451 0.66667 0.78039
0.55686 0.67059 0.78824
0.55686 0.67451 0.78431
0.55294 0.66667 0.78431
0.56078 0.67451 0.78824
0.55686 0.67451 0.78824
0.55294 0.67059 0.78431
