0.17255 0.25098 0.35294
0.16471 0.24314 0.3451
0.17255 0.25098 0.3451
0.16078 0.23922 0.34902
0.16078 0.23529 0.34118
0.15686 0.23137 0.33333
0.17647 0.2549 0.35294
0.16078 0.23922 0.3451
0.15686 0.23529 0.34118
0.15686 0.23137 0.33725
0.16863 0.23922 0.3451
0.16863 0.25098 0.36471
0.16863 0.24706 0.36078
0.16078 0.23922 0.3451
0.17255 0.2549 0.36078
0.16471 0.24314 0.34902
0.17255 0.24314 0.35294
0.15686 0.23922 0.34902
0.15686 0.23922 0.3451
0.17255 0.2549 0.36078
0.16471 0.24314 0.34902
0.17647 0.24314 0.35294
0.17255 0.24706 0.35294
0.16471 0.24706 0.35294
0.16471 0.24314 0.34902
0.18039 0.25098 0.35294
