0.05098 0.25098 0.42745
0.054902 0.2549 0.43137
0.05098 0.25098 0.43137
0.05098 0.25098 0.43137
0.066667 0.25098 0.43529
0.058824 0.25098 0.43137
0.058824 0.25098 0.43137
0.058824 0.25098 0.43137
0.066667 0.25882 0.44314
0.062745 0.2549 0.44314
0.054902 0.25882 0.44314
0.039216 0.24314 0.42745
0.047059 0.24706 0.43137
0.062745 0.2549 0.44314
0.058824 0.25098 0.43529
0.058824 0.25098 0.43529
0.05098 0.24706 0.43529
0.054902 0.2549 0.43922
0.066667 0.25882 0.44314
0.066667 0.2549 0.44314
0.058824 0.24706 0.42745
0.043137 0.25098 0.42745
0.054902 0.2549 0.43529
0.054902 0.24706 0.43137
0.058824 0.24706 0.42745
0.054902 0.24706 0.42353
0.058824 0.24706 0.42745
0.05098 0.25098 0.42745
