0.87843 0.83137 0.76078
0.9098 0.85098 0.77255
0.87059 0.79608 0.71373
0.92549 0.85882 0.76863
0.87843 0.81176 0.72157
0.84314 0.78039 0.68235
0.9451 0.87451 0.77647
0.90588 0.82745 0.74118
0.85882 0.78824 0.69412
0.83529 0.76471 0.66667
0.95686 0.88627 0.78824
0.91765 0.84314 0.75294
0.87451 0.80784 0.71765
0.83529 0.76471 0.67451
0.95686 0.8902 0.79216
0.92157 0.85098 0.76078
0.8902 0.81961 0.72157
0.8549 0.78431 0.69804
0.93725 0.87059 0.77647
0.94118 0.86275 0.77255
0.9098 0.83922 0.73725
0.87451 0.8 0.69804
0.87059 0.8 0.70588
0.84314 0.77647 0.68627
0.95686 0.8902 0.79216
0.92157 0.85882 0.75686
0.90196 0.82745 0.72549
0.78431 0.70588 0.61961
0.60392 0.53333 0.44706
0.97255 0.90196 0.80784
0.92941 0.86667 0.76863
0.90588 0.84314 0.7451
0.75294 0.69412 0.61569
0.66667 0.62353 0.55686
0.85882 0.78824 0.69412
0.94902 0.88627 0.78824
0.92157 0.86275 0.77255
0.91765 0.87059 0.8
0.83922 0.78824 0.73333
0.96471 0.90196 0.80392
0.98431 0.92157 0.83137
0.76863 0.72157 0.64706
0.76471 0.72941 0.66667
0.76863 0.73333 0.6902
0.76471 0.71765 0.63137
0.87059 0.82353 0.71765
