0.52941 0.65882 0.79608
0.52941 0.65882 0.79608
0.52157 0.6549 0.79216
0.52549 0.65882 0.79608
0.52941 0.65882 0.79608
0.53333 0.66275 0.8
0.53725 0.66667 0.80392
0.5451 0.66275 0.80392
0.52157 0.6549 0.79216
0.52157 0.6549 0.79216
0.52549 0.6549 0.79216
0.52941 0.65882 0.79608
0.53333 0.66275 0.79608
0.54118 0.65882 0.8
0.51765 0.65098 0.79216
0.52549 0.6549 0.79608
0.52941 0.65882 0.79608
0.52549 0.6549 0.79608
0.52549 0.64706 0.79608
0.53333 0.6549 0.8
0.52941 0.6549 0.79608
0.52157 0.65098 0.78824
0.52941 0.6549 0.8
0.52941 0.65882 0.79608
0.52549 0.6549 0.79608
0.52941 0.6549 0.79608
0.52941 0.65882 0.79608
0.52157 0.65098 0.78824
0.52549 0.6549 0.79216
0.53333 0.66275 0.8
0.52941 0.6549 0.8
0.52941 0.65882 0.79608
0.52941 0.65882 0.79216
0.52941 0.65882 0.79608
0.52941 0.65882 0.79608
0.52941 0.65882 0.79608
0.53333 0.66275 0.8
0.52941 0.65882 0.79608
0.53333 0.66275 0.8
0.51765 0.6549 0.79608
0.52157 0.6549 0.79608
0.52941 0.65882 0.8
0.52549 0.6549 0.79216
0.53333 0.66275 0.79608
0.53333 0.66275 0.79216
0.53333 0.66275 0.79216
0.53333 0.66275 0.79608
0.53725 0.66667 0.8
0.53333 0.65882 0.79608
0.5098 0.65098 0.79216
0.51765 0.65882 0.8
0.51765 0.65882 0.8
0.51765 0.65098 0.79216
0.52157 0.6549 0.78824
0.53333 0.66275 0.79216
0.54118 0.67059 0.8
0.53725 0.66667 0.79608
0.53333 0.66275 0.79216
0.52941 0.65882 0.78824
0.53333 0.66275 0.79216
0.53725 0.6549 0.78824
0.52157 0.65882 0.8
0.51765 0.6549 0.79608
0.51765 0.65098 0.78824
0.52549 0.65882 0.79216
0.54118 0.67059 0.8
0.54118 0.67059 0.8
0.53333 0.66275 0.79216
0.53333 0.66275 0.79216
0.53333 0.66275 0.79216
0.53333 0.66275 0.79216
0.53725 0.65882 0.78824
0.53333 0.6549 0.78824
0.52157 0.6549 0.79216
0.52549 0.65882 0.79216
0.53725 0.66667 0.79608
0.53333 0.66275 0.79216
0.52941 0.65882 0.78824
0.53333 0.66275 0.79216
0.53333 0.66275 0.79216
0.53333 0.66275 0.79216
0.54118 0.66275 0.79608
0.53725 0.6549 0.78824
0.51765 0.65098 0.79608
0.52549 0.65882 0.79608
0.53333 0.65882 0.79608
0.52549 0.6549 0.78431
0.52941 0.65882 0.78824
0.53333 0.66275 0.79216
0.53333 0.66275 0.79216
0.53333 0.66275 0.79216
0.53725 0.66667 0.79608
0.54902 0.66667 0.8
0.51765 0.65098 0.79608
0.52157 0.6549 0.79608
0.52941 0.66275 0.79608
0.52941 0.66667 0.79216
0.53333 0.66275 0.79216
0.53725 0.66667 0.79608
0.53333 0.66275 0.79216
0.53333 0.66275 0.79216
0.53725 0.66667 0.79608
0.54118 0.65882 0.79216
0.54118 0.65882 0.79216
0.51765 0.65098 0.79608
0.52157 0.6549 0.79216
0.52549 0.65882 0.79216
0.52941 0.66667 0.79216
0.53333 0.66667 0.79216
0.53333 0.66667 0.79216
0.54118 0.67059 0.8
0.53333 0.66667 0.79608
0.52941 0.65882 0.78824
0.54118 0.66275 0.79608
0.54118 0.65882 0.79216
0.54118 0.65882 0.79216
0.54118 0.65882 0.79216
0.51765 0.65098 0.79608
0.51765 0.65098 0.79216
0.52549 0.65882 0.79216
0.52941 0.66667 0.79216
0.52941 0.66667 0.79216
0.52941 0.66667 0.79216
0.53333 0.67059 0.79608
0.52941 0.66667 0.79216
0.52549 0.66667 0.79216
0.53333 0.66667 0.79608
0.53725 0.66275 0.79216
0.54118 0.65882 0.79608
0.52549 0.65882 0.8
0.52157 0.6549 0.79608
0.52157 0.6549 0.79608
0.52549 0.65882 0.79216
0.52941 0.66667 0.79216
0.53333 0.67059 0.79608
0.53333 0.67059 0.79608
0.52941 0.66275 0.78824
0.53333 0.67059 0.79608
0.52941 0.66667 0.79216
0.53333 0.66667 0.79608
0.54118 0.66667 0.79608
0.5451 0.66275 0.79608
0.51765 0.65098 0.79216
0.51765 0.65098 0.78824
0.52549 0.65882 0.79608
0.51765 0.65098 0.78824
0.52157 0.6549 0.79216
0.52549 0.65882 0.79216
0.52941 0.66667 0.79216
0.53333 0.67059 0.79608
0.53333 0.67059 0.79608
0.52941 0.66667 0.79216
0.53333 0.67059 0.79608
0.52941 0.66667 0.79216
0.53333 0.66667 0.79216
0.54118 0.67059 0.8
0.55294 0.67059 0.80392
0.51765 0.65098 0.79216
0.52549 0.65882 0.79608
0.52549 0.65882 0.79608
0.52157 0.6549 0.79216
0.52549 0.65882 0.79608
0.52549 0.65882 0.79608
0.52549 0.65882 0.79608
0.53333 0.66667 0.8
0.53333 0.66667 0.8
0.52549 0.66275 0.79216
0.53333 0.67059 0.79608
0.53333 0.67059 0.79608
0.52941 0.66667 0.79216
0.52941 0.66275 0.79216
0.54118 0.67059 0.80784
0.54118 0.67059 0.8
0.52157 0.6549 0.79608
0.52157 0.6549 0.79216
0.52157 0.6549 0.79216
0.52157 0.6549 0.79216
0.52549 0.65882 0.79608
0.52157 0.6549 0.79216
0.52549 0.65882 0.79608
0.53333 0.66667 0.80392
0.52941 0.66275 0.8
0.52157 0.65882 0.78431
0.52941 0.66667 0.79216
0.53333 0.67059 0.79608
0.53333 0.66667 0.79216
0.52941 0.66667 0.79216
0.53725 0.66667 0.80392
0.54118 0.67059 0.8
0.52157 0.6549 0.8
0.52157 0.6549 0.79216
0.52157 0.6549 0.79216
0.52157 0.6549 0.79216
0.52157 0.6549 0.79216
0.52157 0.6549 0.79216
0.52549 0.65882 0.79608
0.52941 0.66275 0.8
0.53333 0.66667 0.80392
0.52941 0.66275 0.8
0.52941 0.66667 0.79216
0.53333 0.66667 0.79608
0.53725 0.66667 0.79608
0.53725 0.66667 0.79608
0.53333 0.66275 0.79216
0.53725 0.66667 0.80392
0.54118 0.67059 0.8
0.52549 0.65882 0.79608
0.52549 0.65882 0.79608
0.52549 0.65882 0.79608
0.52157 0.6549 0.79216
0.52549 0.65882 0.79608
0.53333 0.66667 0.80392
0.52549 0.65882 0.79608
0.52941 0.66275 0.8
0.52549 0.65882 0.79608
0.52941 0.66667 0.8
0.53725 0.67059 0.80392
0.53333 0.66275 0.78824
0.53725 0.66667 0.79216
0.53725 0.66667 0.79608
0.52157 0.6549 0.8
0.52157 0.6549 0.79216
0.52157 0.6549 0.79216
0.52549 0.65882 0.79608
0.52157 0.6549 0.79216
0.52941 0.66275 0.8
0.52941 0.66275 0.8
0.52941 0.66275 0.8
0.52941 0.66275 0.8
0.52941 0.66275 0.8
0.52941 0.66275 0.8
0.54118 0.67059 0.80392
0.51373 0.64706 0.78824
0.52549 0.6549 0.79216
0.52549 0.6549 0.79216
0.52549 0.6549 0.79216
0.52941 0.65882 0.79608
0.53333 0.66667 0.80392
0.53333 0.66667 0.80392
0.53725 0.66667 0.8
0.53725 0.67059 0.8
0.53725 0.66667 0.8
0.53725 0.66667 0.79608
0.52549 0.6549 0.79608
0.52941 0.6549 0.8
0.53333 0.65882 0.8
0.52941 0.6549 0.8
0.52549 0.65882 0.79608
0.53725 0.67059 0.80392
0.53725 0.67059 0.80392
0.53725 0.67059 0.8
0.5098 0.65098 0.79216
0.51765 0.6549 0.8
0.52549 0.65882 0.80392
0.52941 0.6549 0.80392
0.52549 0.65098 0.80392
0.52549 0.65098 0.8
0.52549 0.65098 0.8
0.52941 0.65882 0.8
0.53725 0.66667 0.80392
0.53725 0.66667 0.79608
0.53725 0.66667 0.79216
0.51373 0.6549 0.79608
0.51765 0.65882 0.8
0.52549 0.6549 0.80392
0.52941 0.6549 0.80392
0.52549 0.65098 0.8
0.52157 0.64706 0.79608
0.52549 0.65098 0.8
0.52157 0.6549 0.79216
0.53333 0.66667 0.8
0.53725 0.66667 0.79608
0.51373 0.6549 0.79608
0.51373 0.6549 0.79608
0.51765 0.65098 0.79608
0.52549 0.6549 0.80392
0.51765 0.64706 0.79608
0.52549 0.6549 0.8
0.52549 0.6549 0.8
0.52549 0.65882 0.8
0.53333 0.66667 0.8
0.53725 0.67059 0.8
0.54118 0.67059 0.8
0.5098 0.65098 0.79216
0.5098 0.65098 0.79216
0.51765 0.65882 0.8
0.5098 0.65098 0.79216
0.5098 0.65098 0.79216
0.51765 0.65882 0.8
0.52157 0.65882 0.80392
0.52941 0.65882 0.80392
0.53333 0.66275 0.8
0.53333 0.66667 0.80392
0.52549 0.65882 0.79608
0.53333 0.66667 0.80392
0.53725 0.67059 0.80784
0.53333 0.67059 0.80392
0.51373 0.65098 0.79216
0.51373 0.65098 0.79608
0.51765 0.65882 0.8
0.51765 0.65882 0.8
0.52157 0.66275 0.80392
0.51765 0.6549 0.8
0.52549 0.65882 0.8
0.52941 0.65882 0.79608
0.53333 0.66667 0.80392
0.52941 0.66275 0.8
0.52941 0.66275 0.8
0.53333 0.66667 0.80392
0.53725 0.67059 0.80392
0.52157 0.6549 0.8
0.51765 0.65882 0.8
0.51765 0.65882 0.8
0.52157 0.66275 0.80392
0.52157 0.65882 0.80392
0.52941 0.66275 0.80784
0.53333 0.66275 0.8
0.52941 0.66275 0.8
0.52941 0.66275 0.8
0.53333 0.66667 0.80392
0.53725 0.67059 0.80784
0.54118 0.67059 0.80392
0.51373 0.6549 0.79608
0.51765 0.65882 0.8
0.51765 0.65882 0.8
0.51373 0.65098 0.8
0.52549 0.66275 0.80784
0.52157 0.6549 0.79608
0.52549 0.66275 0.80392
0.52941 0.66275 0.80392
0.53333 0.66667 0.8
0.52941 0.66275 0.79216
0.51765 0.65882 0.8
0.51765 0.65882 0.8
0.51765 0.65882 0.8
0.51373 0.65098 0.8
0.52549 0.66275 0.80784
0.52157 0.6549 0.79608
0.52941 0.65882 0.8
0.53333 0.66275 0.80392
0.52157 0.66275 0.80392
0.52157 0.66275 0.80392
0.52157 0.65882 0.80392
0.51765 0.6549 0.80392
0.52157 0.65882 0.80392
0.52941 0.66275 0.80392
0.52941 0.65882 0.80392
0.53725 0.66275 0.80784
0.51765 0.65882 0.8
0.51765 0.65882 0.8
0.51765 0.65882 0.8
0.52157 0.65882 0.80392
0.53333 0.66667 0.80392
0.53333 0.66275 0.8
0.53725 0.66667 0.80392
0.53333 0.66667 0.8
0.53333 0.66667 0.8
0.53725 0.66667 0.80392
0.54118 0.67059 0.80784
0.53333 0.66275 0.8
0.52941 0.65882 0.79608
0.53333 0.66275 0.80392
0.53725 0.66667 0.80392
