0.5451 0.67451 0.80392
0.54118 0.67059 0.8
0.54118 0.67059 0.8
0.54902 0.67451 0.80392
0.54118 0.67451 0.8
0.54902 0.67843 0.80784
0.5451 0.67451 0.80392
0.54118 0.67059 0.8
0.54118 0.67059 0.8
0.5451 0.67451 0.80392
0.53725 0.67451 0.8
0.53333 0.67059 0.79608
0.5451 0.67451 0.80392
0.5451 0.67451 0.80392
0.54118 0.67059 0.8
0.54902 0.67843 0.80784
0.54118 0.67451 0.80392
0.53725 0.67451 0.8
0.54118 0.67843 0.80392
0.54118 0.67059 0.8
0.5451 0.67451 0.8
0.54902 0.67843 0.8
0.5451 0.67451 0.79608
0.53725 0.67451 0.8
0.54118 0.67451 0.80392
0.54118 0.67059 0.8
0.5451 0.67451 0.80392
0.5451 0.67451 0.8
0.5451 0.67451 0.79608
0.54902 0.68235 0.8
0.54902 0.67843 0.80784
0.54902 0.67843 0.80784
0.54118 0.67059 0.79608
0.54902 0.68235 0.8
0.54902 0.67843 0.80392
