0.035294 0.24706 0.42745
0.027451 0.23922 0.41569
0.031373 0.24314 0.42745
0.031373 0.23529 0.42353
0.027451 0.24706 0.42353
0.035294 0.24314 0.42353
0.035294 0.24314 0.43137
0.035294 0.23922 0.42745
0.035294 0.24314 0.42745
0.031373 0.23922 0.42353
0.031373 0.23529 0.41961
0.043137 0.24314 0.43137
0.039216 0.23922 0.42745
0.035294 0.24314 0.43137
0.035294 0.25098 0.43529
0.027451 0.23529 0.41961
0.043137 0.24314 0.43137
0.043137 0.24706 0.43137
0.039216 0.24706 0.43137
0.035294 0.24314 0.42745
0.031373 0.23529 0.41961
0.043137 0.24314 0.42745
0.047059 0.25098 0.43922
0.043137 0.24706 0.43529
0.035294 0.24314 0.42353
0.039216 0.24314 0.42745
0.039216 0.24314 0.42745
