0.8902 0.82745 0.8
0.88627 0.85882 0.90196
0.87843 0.88235 0.88235
0.87451 0.83137 0.80392
0.87451 0.86275 0.90588
0.87451 0.86667 0.87843
0.89804 0.85882 0.83922
0.89412 0.86667 0.82745
0.87451 0.86275 0.88627
0.87451 0.86667 0.87451
0.89804 0.86667 0.84706
0.8549 0.83137 0.82745
0.85098 0.84706 0.81569
0.8549 0.85098 0.8549
0.91765 0.8902 0.87843
0.86275 0.82745 0.8
0.90196 0.88235 0.88627
0.82745 0.83529 0.86275
0.86275 0.87059 0.87059
0.87059 0.83922 0.78039
0.85098 0.83922 0.83922
0.87451 0.8549 0.83529
0.88627 0.86275 0.8549
0.89412 0.87059 0.86667
0.84706 0.83137 0.8549
0.85098 0.85098 0.84314
0.87843 0.85098 0.80392
0.94118 0.93333 0.92549
0.91765 0.89804 0.8902
0.8902 0.86275 0.86667
0.88627 0.8549 0.8549
0.88627 0.86667 0.88627
0.85882 0.84314 0.85098
0.89804 0.87451 0.83529
