0.58039 0.69804 0.80784
0.58039 0.69804 0.80784
0.57647 0.69804 0.80784
0.58039 0.69804 0.80784
0.58431 0.6902 0.80392
0.59216 0.6902 0.80784
0.59608 0.69804 0.81176
0.58824 0.69412 0.80784
0.57647 0.69412 0.80784
0.57255 0.69412 0.80784
0.57255 0.69412 0.80392
0.58039 0.70196 0.81176
0.58431 0.70196 0.81176
0.58824 0.69412 0.80784
0.59216 0.69412 0.81176
0.59216 0.69804 0.81569
0.58824 0.69412 0.80784
0.58824 0.6902 0.80392
0.56863 0.69412 0.80392
0.57255 0.69412 0.80784
0.56863 0.6902 0.80392
0.57255 0.69412 0.80784
0.57255 0.69412 0.80392
0.57647 0.69804 0.80784
0.58039 0.69804 0.80784
0.58431 0.70196 0.81176
0.58431 0.70196 0.81176
0.58824 0.69804 0.81569
0.59216 0.69804 0.81176
0.56863 0.69412 0.81176
0.56863 0.6902 0.80392
0.56863 0.6902 0.80392
0.57255 0.69412 0.80784
0.57255 0.69412 0.80784
0.57255 0.69412 0.80784
0.57647 0.69804 0.80784
0.58039 0.69804 0.80784
0.58039 0.69804 0.80784
0.57647 0.69412 0.80392
0.58431 0.70196 0.81176
0.58824 0.69804 0.81569
0.58431 0.69804 0.81176
0.57255 0.69412 0.81176
0.57255 0.6902 0.80392
0.56863 0.6902 0.80392
0.57647 0.69804 0.81176
0.57647 0.69804 0.81176
0.56863 0.6902 0.80392
0.57255 0.69412 0.80784
0.58039 0.69804 0.80784
0.58039 0.69412 0.80784
0.57647 0.69412 0.80392
0.58431 0.70588 0.81569
0.58431 0.69804 0.81569
0.58431 0.70196 0.81176
0.56863 0.6902 0.81176
0.56863 0.6902 0.81176
0.57255 0.69412 0.81569
0.56863 0.6902 0.81176
0.56863 0.6902 0.80784
0.57647 0.69412 0.80784
0.57647 0.6902 0.80784
0.58039 0.69412 0.81176
0.57255 0.6902 0.80784
0.57255 0.69412 0.80784
0.57647 0.70196 0.81176
0.57647 0.69804 0.80784
0.58039 0.6902 0.81176
0.57647 0.69412 0.80784
0.57647 0.69804 0.81176
0.58039 0.70196 0.81176
0.58039 0.69804 0.80784
0.56863 0.6902 0.81176
0.56863 0.6902 0.81176
0.56471 0.68627 0.80784
0.57255 0.69412 0.81569
0.56863 0.6902 0.81176
0.56863 0.6902 0.80392
0.57255 0.6902 0.80392
0.57647 0.6902 0.80784
0.57647 0.6902 0.80784
0.58039 0.69412 0.81176
0.57255 0.6902 0.80784
0.58039 0.69804 0.81176
0.58039 0.70196 0.81176
0.57647 0.6902 0.80784
0.57647 0.69412 0.80784
0.57647 0.69804 0.81176
0.56863 0.69412 0.80392
0.58039 0.69804 0.80392
0.56863 0.6902 0.81176
0.56863 0.6902 0.81176
0.56863 0.6902 0.81176
0.56863 0.6902 0.81176
0.57255 0.69412 0.81176
0.56863 0.6902 0.81176
0.56863 0.6902 0.80392
0.57647 0.6902 0.80784
0.57647 0.6902 0.80784
0.57255 0.68627 0.80392
0.57647 0.6902 0.80784
0.58039 0.69412 0.81176
0.58039 0.69804 0.80784
0.57647 0.69412 0.80784
0.58039 0.69804 0.81176
0.58039 0.69804 0.81569
0.58039 0.70196 0.81569
0.57647 0.69804 0.80784
0.58431 0.70588 0.81176
0.59608 0.70196 0.80784
0.56471 0.68627 0.80784
0.56863 0.6902 0.81176
0.56863 0.6902 0.81176
0.56863 0.6902 0.81176
0.57255 0.6902 0.81176
0.57647 0.6902 0.81569
0.57647 0.69412 0.81176
0.58039 0.69412 0.81176
0.57647 0.6902 0.80784
0.57255 0.68627 0.80392
0.57647 0.6902 0.80784
0.58039 0.69412 0.81176
0.58039 0.69804 0.80784
0.57647 0.69412 0.80392
0.58431 0.70196 0.81176
0.58431 0.70196 0.81176
0.58431 0.70196 0.81176
0.58039 0.70196 0.81176
0.58431 0.70196 0.81176
0.59216 0.69804 0.81176
0.59608 0.70196 0.80784
0.59608 0.70196 0.80784
0.56863 0.6902 0.81569
0.56863 0.6902 0.81176
0.56863 0.6902 0.81176
0.56863 0.6902 0.81176
0.56863 0.6902 0.81176
0.57255 0.68627 0.81176
0.57255 0.68627 0.81176
0.58039 0.69412 0.81176
0.58039 0.69412 0.81176
0.58039 0.69412 0.81176
0.57647 0.6902 0.80784
0.57647 0.6902 0.80784
0.58039 0.69412 0.81176
0.58431 0.69804 0.81176
0.58431 0.70196 0.81176
0.58039 0.69804 0.80784
0.58039 0.69804 0.80784
0.58824 0.70588 0.81569
0.58824 0.70196 0.81176
0.59216 0.70196 0.81569
0.6 0.70196 0.81961
0.6 0.70196 0.81176
0.6 0.70588 0.81176
0.6 0.70588 0.81176
0.56471 0.68627 0.80784
0.56863 0.6902 0.81176
0.57255 0.69412 0.81569
0.56863 0.6902 0.81176
0.57255 0.6902 0.81569
0.58039 0.69412 0.81961
0.57647 0.6902 0.80784
0.57647 0.6902 0.80784
0.58039 0.69412 0.81176
0.57647 0.6902 0.80784
0.57647 0.6902 0.80784
0.57647 0.6902 0.80784
0.58824 0.70196 0.81569
0.58431 0.70196 0.81176
0.58431 0.70196 0.81176
0.58431 0.70196 0.81176
0.58431 0.70196 0.81176
0.58824 0.69804 0.81176
0.6 0.70196 0.81569
0.60392 0.70196 0.81961
0.6 0.70196 0.81176
0.6 0.70588 0.80784
0.6 0.70196 0.80784
0.56863 0.68627 0.81176
0.56471 0.69412 0.81569
0.56863 0.6902 0.81569
0.57255 0.6902 0.80784
0.57647 0.69412 0.81176
0.57255 0.69412 0.80784
0.57647 0.69412 0.81176
0.58039 0.70196 0.81569
0.57647 0.69412 0.81176
0.57647 0.69412 0.80784
0.58039 0.69412 0.81176
0.58824 0.70196 0.81569
0.58039 0.69804 0.81176
0.58039 0.69804 0.81176
0.58824 0.69804 0.81569
0.59216 0.69804 0.81569
0.59216 0.69804 0.81176
0.59608 0.69804 0.81176
0.59608 0.70196 0.81176
0.6 0.70196 0.80784
0.59608 0.69804 0.80392
0.6 0.70588 0.81176
0.56863 0.6902 0.81176
0.56471 0.6902 0.81176
0.57255 0.6902 0.81569
0.57255 0.69412 0.80784
0.57255 0.69412 0.80784
0.57255 0.69412 0.80784
0.56863 0.6902 0.80392
0.57647 0.69804 0.81176
0.57647 0.69804 0.81176
0.57647 0.69804 0.81176
0.58431 0.69804 0.81569
0.58039 0.69412 0.81176
0.57647 0.6902 0.80784
0.58431 0.69804 0.81569
0.59216 0.69804 0.81569
0.58824 0.69412 0.81176
0.59216 0.69804 0.81176
0.59216 0.69804 0.80784
0.6 0.70588 0.81176
0.6 0.70196 0.80784
0.59608 0.69804 0.80392
0.58039 0.69804 0.81961
0.58039 0.68627 0.81176
0.57255 0.68627 0.81176
0.56863 0.6902 0.80784
0.57255 0.69412 0.80784
0.56863 0.6902 0.80392
0.56863 0.6902 0.80392
0.56863 0.69412 0.80784
0.57255 0.69412 0.80784
0.57647 0.69804 0.81569
0.58039 0.69412 0.81176
0.58039 0.69412 0.81176
0.58431 0.69804 0.81569
0.58824 0.70196 0.81961
0.58824 0.69804 0.81569
0.58824 0.69412 0.81176
0.58824 0.69412 0.81176
0.59216 0.69804 0.80784
0.59608 0.70588 0.80784
0.6 0.70196 0.80784
0.60392 0.70588 0.81176
0.57647 0.68627 0.81176
0.56863 0.6902 0.80784
0.57255 0.68627 0.80784
0.57647 0.69412 0.81569
0.57647 0.69804 0.81569
0.57255 0.69412 0.80784
0.56863 0.6902 0.80392
0.57647 0.69804 0.81176
0.58431 0.69804 0.81569
0.58039 0.69412 0.81569
0.58824 0.70196 0.81961
0.58431 0.70196 0.81569
0.58431 0.69804 0.81176
0.58824 0.70196 0.81176
0.58431 0.69804 0.81176
0.59216 0.69804 0.81176
0.6 0.70196 0.81569
0.6 0.70196 0.80784
0.59608 0.69804 0.80392
0.57647 0.6902 0.81569
0.57647 0.6902 0.81569
0.57647 0.69412 0.81569
0.58039 0.6902 0.81569
0.57647 0.69412 0.81961
0.56863 0.69412 0.80784
0.56863 0.6902 0.80392
0.57255 0.69412 0.80784
0.57255 0.69412 0.80784
0.58039 0.69412 0.81176
0.58039 0.69412 0.81176
0.58039 0.69804 0.81176
0.58431 0.70196 0.81176
0.58039 0.69804 0.80784
0.58039 0.69804 0.80784
0.58824 0.70196 0.81176
0.6 0.70588 0.81961
0.6 0.70196 0.81569
0.6 0.70196 0.81176
0.6 0.70196 0.80784
0.57647 0.6902 0.81569
0.57647 0.6902 0.81569
0.58039 0.68235 0.81176
0.57255 0.6902 0.81176
0.56863 0.69412 0.81569
0.56863 0.6902 0.80784
0.57255 0.69412 0.80392
0.57647 0.69804 0.81176
0.57255 0.6902 0.80784
0.58039 0.69412 0.81176
0.58431 0.69804 0.81569
0.58039 0.69412 0.81176
0.58431 0.70196 0.81176
0.58039 0.69804 0.80784
0.58039 0.69804 0.80784
0.58824 0.70588 0.80784
0.59216 0.69804 0.80392
0.6 0.70196 0.80784
0.6 0.70196 0.80784
0.57647 0.69412 0.81961
0.57647 0.6902 0.81569
0.58039 0.68627 0.81176
0.57255 0.69412 0.81569
0.56863 0.69412 0.81569
0.57255 0.69412 0.81176
0.57255 0.69412 0.80784
0.57647 0.69804 0.81176
0.58039 0.69804 0.81569
0.58431 0.69804 0.81569
0.58039 0.69412 0.81176
0.58431 0.69804 0.81569
0.58824 0.70196 0.81569
0.58431 0.70196 0.81176
0.58431 0.70196 0.81176
0.58824 0.70588 0.81176
0.59608 0.70196 0.81176
0.59608 0.70196 0.81176
0.59608 0.69804 0.80392
0.59608 0.70196 0.80784
0.57647 0.6902 0.81569
0.57255 0.69412 0.81569
0.57647 0.69804 0.81961
0.57255 0.69412 0.81569
0.57647 0.69804 0.81569
0.58039 0.70196 0.81569
0.57647 0.69804 0.81176
0.58431 0.70196 0.81569
0.58039 0.69412 0.81176
0.58431 0.69804 0.81569
0.58824 0.70196 0.81961
0.59216 0.70588 0.82353
0.58824 0.70196 0.81569
0.58824 0.70588 0.81569
0.59216 0.7098 0.81961
0.59608 0.7098 0.81961
0.6 0.70588 0.81961
0.59608 0.70196 0.81176
0.57647 0.69412 0.81961
0.57647 0.69804 0.81961
0.57647 0.69804 0.81961
0.57647 0.69804 0.81569
0.58039 0.70196 0.81569
0.57647 0.69804 0.81176
0.57647 0.69804 0.81176
0.58039 0.69412 0.81176
0.58431 0.69804 0.81569
0.58431 0.69804 0.81569
0.58431 0.69804 0.81569
0.58039 0.69804 0.81176
0.58431 0.70196 0.81176
0.59216 0.7098 0.81961
0.58824 0.70196 0.81569
0.59608 0.70196 0.81569
0.58039 0.69412 0.81569
0.57255 0.69412 0.81569
0.57647 0.69412 0.81569
0.57647 0.69804 0.81961
0.57647 0.69804 0.81569
0.57255 0.69412 0.80784
0.58039 0.70196 0.81569
0.57647 0.69412 0.81176
0.58039 0.69412 0.81176
0.58039 0.69412 0.81176
0.58824 0.70196 0.81961
0.58431 0.69804 0.81569
0.58824 0.70196 0.81569
0.58039 0.69804 0.80784
0.59216 0.70588 0.81569
0.59216 0.70196 0.81176
0.59608 0.70196 0.81569
0.57255 0.69412 0.81569
0.57255 0.69412 0.80392
0.58039 0.69412 0.81176
0.58039 0.69412 0.81176
0.57255 0.68627 0.80392
0.58431 0.69804 0.81569
0.57647 0.69412 0.81176
0.58039 0.69412 0.81176
0.58039 0.69412 0.81176
0.58039 0.69412 0.81176
0.58431 0.69804 0.81569
0.58824 0.70196 0.81961
0.58824 0.70588 0.81569
0.58824 0.70588 0.81569
0.58824 0.70196 0.81176
0.59216 0.70196 0.80784
0.59608 0.70196 0.81176
0.57647 0.69804 0.81569
0.57647 0.69804 0.81176
0.58039 0.69412 0.81176
0.58039 0.69412 0.81176
0.57647 0.6902 0.80784
0.58039 0.69412 0.81176
0.57647 0.6902 0.80784
0.58039 0.69412 0.81176
0.57647 0.6902 0.80784
0.58039 0.69412 0.81176
0.58431 0.69804 0.81569
0.58039 0.69412 0.81176
0.58431 0.70196 0.81176
0.59216 0.7098 0.81961
0.58431 0.70588 0.81176
0.59608 0.70196 0.80784
0.57255 0.69412 0.81176
0.57255 0.69412 0.80784
0.57255 0.6902 0.80784
0.58039 0.69412 0.81176
0.58039 0.69804 0.81569
0.58431 0.69804 0.81569
0.58039 0.69412 0.81176
0.58431 0.69804 0.81569
0.58431 0.69804 0.81569
0.58039 0.69412 0.81176
0.58824 0.70196 0.81961
0.58824 0.70196 0.81569
0.58824 0.70588 0.81569
0.58824 0.70588 0.81569
0.59216 0.7098 0.81961
0.59608 0.70196 0.81176
0.59608 0.70196 0.80784
0.57255 0.69412 0.80784
0.57647 0.69804 0.81176
0.57647 0.69412 0.81176
0.58039 0.69804 0.81569
0.57647 0.69804 0.81176
0.58039 0.70196 0.81569
0.58431 0.69804 0.81569
0.58431 0.69804 0.81961
0.58431 0.69804 0.82353
0.58431 0.69804 0.81569
0.58824 0.70196 0.81569
0.59608 0.70588 0.81569
0.59216 0.69804 0.81176
0.6 0.70588 0.81961
0.60392 0.7098 0.82353
0.6 0.70588 0.81569
0.59608 0.70196 0.81569
0.59216 0.69804 0.80784
0.57255 0.69412 0.80784
0.57647 0.69804 0.81176
0.58039 0.70196 0.81569
0.57647 0.69804 0.81176
0.57255 0.69804 0.80784
0.57647 0.69804 0.81176
0.58039 0.69412 0.81176
0.58039 0.69412 0.81569
0.58039 0.69412 0.81961
0.58039 0.69412 0.81176
0.58824 0.70196 0.81569
0.59608 0.70196 0.81176
0.59608 0.70196 0.81569
0.59608 0.70196 0.81569
0.6 0.70588 0.81961
0.59608 0.70196 0.81569
0.59608 0.70196 0.81569
0.57647 0.69804 0.81569
0.57647 0.69804 0.81176
0.57255 0.69412 0.80784
0.57647 0.69804 0.81176
0.57647 0.69804 0.81176
0.57647 0.69804 0.81176
0.57647 0.69804 0.81176
0.58039 0.69412 0.81176
0.58039 0.69412 0.81569
0.58039 0.69412 0.81961
0.58824 0.70196 0.81961
0.59216 0.70588 0.81569
0.6 0.70588 0.81961
0.6 0.70588 0.81961
0.59608 0.70196 0.81569
0.59608 0.70196 0.81569
0.59216 0.69804 0.81176
0.6 0.70588 0.81961
0.59608 0.70196 0.81176
0.58039 0.70196 0.81961
0.57647 0.69804 0.81569
0.58039 0.69804 0.81961
0.57255 0.69412 0.81569
0.57647 0.69804 0.81961
0.57647 0.69804 0.81961
0.58824 0.70196 0.82353
0.58039 0.69412 0.81961
0.58039 0.69412 0.81176
0.59216 0.70588 0.81961
0.59216 0.70588 0.81176
0.59608 0.70196 0.81569
0.6 0.70588 0.81961
0.6 0.70588 0.81961
0.60392 0.7098 0.82353
0.57647 0.69804 0.81961
0.57647 0.69804 0.81961
0.58431 0.69804 0.82353
0.58039 0.69412 0.81961
0.58039 0.69412 0.81176
0.58824 0.70588 0.81961
0.59216 0.7098 0.81961
0.59216 0.69804 0.81176
0.59608 0.70196 0.81569
0.6 0.70588 0.81961
0.60392 0.7098 0.82353
0.6 0.70588 0.81569
0.58039 0.70196 0.82353
0.57647 0.69804 0.81961
0.57647 0.6902 0.81569
0.58431 0.69804 0.82353
0.58431 0.69804 0.82353
0.58824 0.70196 0.81961
0.58824 0.70196 0.81569
0.59216 0.69804 0.81176
0.59216 0.69804 0.81176
0.6 0.70588 0.81961
0.60392 0.70196 0.81961
0.60784 0.70588 0.81961
0.58039 0.69412 0.81961
0.58824 0.69804 0.81961
0.6 0.7098 0.82353
0.59608 0.70196 0.81569
0.59608 0.70196 0.81569
0.6 0.70588 0.81961
0.60392 0.70196 0.81961
0.60392 0.70196 0.81961
0.60784 0.70588 0.81961
0.59608 0.70196 0.81569
0.6 0.70588 0.81961
0.60392 0.7098 0.82353
0.6 0.7098 0.81961
