0.18824 0.30588 0.43922
0.19216 0.3098 0.43922
0.19608 0.3098 0.44314
0.19608 0.3098 0.44314
0.18431 0.29804 0.43137
0.19216 0.30588 0.43922
0.19608 0.3098 0.44314
0.19216 0.30588 0.43922
0.19608 0.3098 0.44314
0.18824 0.30196 0.43529
0.19608 0.3098 0.44314
0.19216 0.30588 0.43922
0.19216 0.30588 0.43922
0.19216 0.30588 0.43529
0.19216 0.30588 0.43922
0.19216 0.30588 0.43922
0.19216 0.30588 0.43922
0.18824 0.30196 0.43529
0.19608 0.3098 0.44314
0.19608 0.3098 0.44314
0.19216 0.30588 0.43922
0.19608 0.3098 0.44314
0.20392 0.31765 0.45098
0.20784 0.32157 0.4549
