0.8549 0.82745 0.76863
0.8549 0.82745 0.76471
0.85882 0.83137 0.76863
0.85882 0.82745 0.77647
0.8549 0.82353 0.76471
0.85882 0.83137 0.76863
0.86667 0.83922 0.77647
0.85882 0.83137 0.76863
0.85098 0.81569 0.76078
0.85882 0.82353 0.76863
0.86275 0.83137 0.77255
0.86667 0.83922 0.77255
0.86275 0.83529 0.77255
0.85882 0.83137 0.76863
0.85882 0.82353 0.76471
0.86275 0.82745 0.76863
0.86275 0.83137 0.77255
0.86667 0.83529 0.77647
0.86275 0.83529 0.77647
0.86667 0.83137 0.77647
0.85882 0.82353 0.76471
0.86275 0.82745 0.77647
0.85882 0.82745 0.77647
0.86275 0.83137 0.78039
0.86275 0.82745 0.77647
0.8549 0.82745 0.76471
0.8549 0.82353 0.76863
0.85882 0.82745 0.78039
0.85882 0.82353 0.78039
0.85882 0.82745 0.76078
0.85882 0.82745 0.76863
