0.54118 0.6549 0.77255
0.53725 0.65098 0.76863
0.54118 0.6549 0.77255
0.54118 0.65098 0.76863
0.5451 0.65098 0.76863
0.53725 0.65098 0.76863
0.54118 0.6549 0.77255
0.5451 0.6549 0.77255
0.53333 0.64706 0.76471
0.53725 0.65098 0.76863
0.54902 0.65882 0.77647
0.53725 0.65098 0.76863
0.52941 0.64314 0.76078
0.53725 0.65098 0.76863
0.53725 0.65098 0.76863
0.53725 0.65098 0.76863
0.53725 0.65098 0.77255
0.53725 0.65098 0.76863
0.53725 0.65098 0.76863
0.5451 0.65882 0.77647
0.54118 0.6549 0.77255
0.53333 0.64706 0.76471
0.53725 0.65098 0.76863
0.54118 0.6549 0.77255
0.5451 0.65882 0.77647
0.54118 0.6549 0.77255
