0.0039216 0.17647 0.25098
0.0039216 0.17647 0.25098
0.011765 0.18039 0.2549
0 0.17647 0.25098
0 0.17647 0.25098
0.011765 0.18039 0.2549
0 0.17647 0.25098
0 0.17255 0.24706
0.011765 0.18039 0.2549
0.019608 0.18824 0.26275
0 0.18039 0.24706
0 0.17647 0.25098
0 0.17647 0.24706
0.011765 0.18039 0.2549
0.015686 0.18431 0.25882
0.0039216 0.17647 0.24706
0.0039216 0.18039 0.2549
0 0.17647 0.25098
0.0078431 0.17647 0.25098
0.011765 0.18039 0.25098
0 0.18039 0.2549
0 0.17647 0.25098
0.0078431 0.17647 0.25098
0.011765 0.17647 0.25098
0 0.18039 0.25098
