0.17255 0.23922 0.38039
0.18039 0.25098 0.39216
0.17647 0.26275 0.39608
0.18039 0.25098 0.39216
0.18039 0.24706 0.39216
0.17255 0.24706 0.39216
0.19216 0.26667 0.40392
0.18824 0.2549 0.39608
0.19216 0.2549 0.39608
0.16863 0.23922 0.38431
0.16471 0.24314 0.38824
0.18039 0.25098 0.38824
0.18824 0.25098 0.39216
0.18824 0.2549 0.39608
0.17647 0.24706 0.38824
0.17647 0.25882 0.4
0.17255 0.25882 0.40392
0.16863 0.24706 0.38824
0.17647 0.24706 0.38824
0.18039 0.25098 0.39608
0.16471 0.24314 0.38431
0.17255 0.2549 0.4
0.15686 0.24314 0.38824
0.15294 0.23529 0.38039
0.16863 0.24314 0.39216
0.15294 0.23137 0.38431
0.15294 0.23922 0.38824
