0.90588 0.83137 0.7098
0.91373 0.83529 0.7098
0.91765 0.83529 0.71373
0.9098 0.82353 0.70196
0.89804 0.81569 0.69412
0.91373 0.83137 0.7098
0.9098 0.82745 0.70588
0.91765 0.83529 0.71373
0.91765 0.83529 0.71373
0.89412 0.81176 0.6902
0.9098 0.82745 0.70588
0.91373 0.83137 0.7098
0.9098 0.82745 0.70588
0.91765 0.83529 0.71373
0.9098 0.82745 0.70588
0.91373 0.83137 0.7098
0.9098 0.82745 0.70588
0.9098 0.82745 0.70588
0.9098 0.82745 0.70588
0.91373 0.83137 0.7098
0.91373 0.83137 0.7098
0.91765 0.83922 0.71373
0.92549 0.84706 0.72157
0.91765 0.83529 0.71373
0.91373 0.83137 0.7098
0.91765 0.83529 0.71373
0.91765 0.83137 0.7098
0.92157 0.83922 0.71765
0.92157 0.82353 0.70588
