0.52157 0.57647 0.70196
0.52157 0.57255 0.69804
0.52157 0.57255 0.69804
0.5098 0.56863 0.69804
0.51373 0.57255 0.70196
0.51373 0.57255 0.70196
0.51373 0.57255 0.70588
0.5098 0.56863 0.69804
0.52941 0.58039 0.69804
0.51373 0.57255 0.69804
0.51373 0.57255 0.70196
0.5098 0.56863 0.70196
0.52157 0.57647 0.7098
0.51373 0.57255 0.70196
0.53725 0.58824 0.70588
0.51765 0.57647 0.70588
0.51373 0.57255 0.70588
0.51373 0.57255 0.70196
0.51373 0.57255 0.70196
0.51373 0.57255 0.70588
0.5098 0.56863 0.69412
0.5098 0.56863 0.69804
0.51373 0.57647 0.70588
0.5098 0.56863 0.69412
0.5098 0.56863 0.69804
0.51373 0.57255 0.70196
