0.18431 0.21961 0.16471
0.17255 0.20392 0.1451
0.41176 0.40784 0.33333
0.18824 0.23529 0.15686
0.21569 0.25882 0.14902
0.22353 0.2549 0.13333
0.26275 0.29804 0.1451
0.37647 0.39216 0.27843
0.14902 0.19608 0.11373
0.32941 0.37255 0.2549
0.36863 0.40392 0.25098
0.30588 0.32157 0.16863
0.30196 0.2902 0.18039
0.14902 0.17647 0.13725
0.17647 0.20392 0.11373
0.27451 0.30588 0.16078
0.42353 0.45098 0.32941
0.39216 0.39608 0.29804
0.37647 0.35294 0.27843
0.39608 0.40784 0.30588
0.25098 0.3098 0.29804
0.24706 0.29412 0.19216
0.41961 0.46667 0.35686
0.40784 0.43922 0.34902
0.36471 0.36471 0.21176
0.31373 0.33333 0.18824
0.27843 0.32157 0.28627
0.27451 0.29412 0.17255
0.41961 0.43529 0.35686
0.44706 0.43922 0.32157
0.35686 0.37647 0.18824
0.32941 0.34118 0.21569
0.14902 0.16471 0.13333
0.19608 0.22745 0.19216
0.22353 0.25882 0.16863
0.26667 0.2902 0.13333
0.33333 0.34902 0.24314
0.47843 0.46275 0.32941
0.36471 0.34902 0.23529
0.46275 0.4549 0.27843
0.37647 0.39608 0.20392
0.31373 0.3098 0.18431
0.16471 0.19608 0.16863
0.21569 0.23922 0.19608
0.14118 0.16863 0.12549
0.11765 0.1451 0.098039
0.21961 0.2549 0.21569
0.24314 0.26275 0.18039
0.33333 0.33725 0.20784
0.25882 0.25882 0.14902
0.26667 0.26275 0.1451
0.35686 0.34118 0.24314
0.46667 0.44314 0.37647
0.2902 0.28627 0.17255
0.30196 0.31765 0.17647
0.33725 0.34118 0.23529
0.13333 0.16471 0.13333
0.13725 0.16471 0.12941
0.15294 0.19216 0.15294
0.16863 0.19608 0.15294
0.16471 0.18431 0.13725
0.38039 0.39216 0.32941
0.58431 0.58039 0.4902
0.38039 0.37647 0.27451
0.30196 0.30196 0.19608
0.26667 0.27451 0.17255
0.29804 0.29412 0.18431
0.4549 0.43529 0.32941
0.39608 0.38431 0.3098
0.39608 0.38824 0.3098
0.35294 0.34902 0.29412
0.2 0.23922 0.2
0.21961 0.23922 0.18431
0.34902 0.35686 0.29412
0.68235 0.67451 0.59216
0.62353 0.61961 0.51373
0.33725 0.34118 0.23529
0.5098 0.52157 0.41961
0.26667 0.26667 0.14902
0.17647 0.2 0.070588
0.44314 0.44314 0.44314
0.56863 0.56078 0.47059
0.55686 0.53333 0.43922
0.38431 0.36078 0.3098
0.2 0.23137 0.2
0.25098 0.27843 0.21569
0.30588 0.32157 0.27059
0.56078 0.5451 0.4902
0.69412 0.6549 0.58039
0.64314 0.60392 0.5098
0.43529 0.41569 0.3098
0.4 0.40392 0.29412
0.24314 0.23529 0.11373
0.31373 0.33725 0.2549
0.45098 0.47059 0.47059
0.42353 0.43137 0.48627
0.41961 0.43137 0.46275
0.57647 0.57647 0.5098
0.55686 0.52549 0.43922
0.42353 0.38431 0.32157
0.42353 0.39216 0.34118
0.32941 0.31765 0.27451
0.22745 0.24314 0.18431
0.21961 0.23922 0.14902
0.21569 0.24706 0.13333
0.41961 0.43137 0.34118
0.74118 0.72549 0.64706
0.85098 0.80392 0.71373
0.83137 0.78039 0.67059
0.5098 0.47059 0.3451
0.40392 0.38824 0.27059
0.5098 0.49412 0.36863
0.39608 0.40784 0.3451
0.39608 0.42353 0.43137
0.41569 0.43137 0.47059
0.36863 0.38039 0.4
0.31765 0.32549 0.26275
0.42353 0.41961 0.32549
0.47843 0.47059 0.4
0.40784 0.4 0.32941
0.35294 0.38431 0.27843
0.29804 0.32549 0.16078
0.23137 0.2549 0.12941
0.37647 0.37255 0.27843
0.58431 0.55686 0.46275
0.45882 0.43137 0.32941
0.42745 0.39216 0.28235
0.48627 0.4549 0.34902
0.59216 0.56471 0.47843
0.39216 0.38039 0.32549
0.43137 0.45098 0.40784
0.38039 0.40392 0.39216
0.34118 0.36863 0.33333
0.27843 0.3098 0.23922
0.32157 0.35294 0.23922
0.39608 0.41176 0.28627
0.41176 0.41176 0.32941
0.31373 0.31373 0.2549
0.28627 0.34118 0.29804
0.27843 0.3098 0.15294
0.22353 0.2549 0.12157
0.25098 0.26275 0.14902
0.20784 0.20392 0.10588
0.1451 0.14902 0.054902
0.27843 0.26667 0.17647
0.66275 0.63529 0.54902
0.89412 0.86275 0.78431
0.45098 0.43529 0.37255
0.28627 0.29804 0.26667
0.34902 0.37647 0.32941
0.3098 0.3451 0.23137
0.39216 0.42353 0.31765
0.40784 0.43137 0.30196
0.3098 0.32157 0.18824
0.27843 0.27451 0.17647
0.22745 0.22745 0.15686
0.24314 0.31765 0.33725
0.25098 0.29804 0.19216
0.19608 0.23529 0.10588
0.24314 0.28627 0.15294
0.13333 0.18039 0.054902
0.2549 0.30196 0.16863
0.33725 0.36471 0.22745
0.49412 0.47843 0.36863
0.78431 0.75686 0.65882
0.67059 0.64706 0.56863
0.4 0.40784 0.36471
0.38824 0.40784 0.37255
0.36078 0.39216 0.28235
0.36863 0.40392 0.28235
0.26275 0.29412 0.16471
0.31765 0.3451 0.21569
0.26275 0.27059 0.16078
0.37255 0.35686 0.27059
0.2902 0.28235 0.21961
0.17647 0.23529 0.15686
0.15686 0.20784 0.07451
0.23529 0.2902 0.16078
0.22745 0.28627 0.17255
0.23922 0.28235 0.15294
0.26275 0.28627 0.14902
0.5451 0.54118 0.41961
0.78431 0.74902 0.6549
0.76863 0.73333 0.66667
0.40392 0.39608 0.36078
0.41569 0.42745 0.38824
0.41176 0.43529 0.36078
0.30196 0.33333 0.20784
0.23137 0.25098 0.13333
0.27843 0.2902 0.18431
0.26667 0.27059 0.17255
0.29804 0.29804 0.20784
0.21961 0.27451 0.25098
0.21569 0.26275 0.18824
0.12941 0.18431 0.1098
0.20392 0.25098 0.16471
0.2 0.22745 0.1098
0.29804 0.32549 0.19216
0.50196 0.4902 0.39216
0.69804 0.65882 0.58039
0.49804 0.47059 0.38824
0.51765 0.51765 0.4549
0.40392 0.41961 0.3451
0.41176 0.44314 0.36471
0.2902 0.32549 0.22745
0.31765 0.34118 0.25098
0.25882 0.27843 0.18039
0.28235 0.29804 0.19608
0.25098 0.27059 0.16078
0.21961 0.29412 0.3451
0.26667 0.32941 0.3098
0.20392 0.24706 0.15294
0.23137 0.25882 0.14118
0.35686 0.34902 0.25882
0.55294 0.52941 0.46275
0.73725 0.7098 0.63137
0.76078 0.75294 0.66667
0.4549 0.45882 0.39608
0.40784 0.42353 0.35686
0.4 0.41961 0.36078
0.3098 0.32549 0.24706
0.32941 0.34118 0.25098
0.31373 0.32941 0.21569
0.2902 0.31373 0.18431
0.2549 0.27059 0.15294
0.3098 0.36078 0.36471
0.35294 0.38431 0.32941
0.23529 0.25882 0.15686
0.24314 0.2549 0.15294
0.31373 0.30196 0.23137
0.49804 0.46275 0.4
0.70196 0.67059 0.58824
0.50588 0.48627 0.40784
0.42745 0.42745 0.31373
0.3451 0.35686 0.25882
0.26667 0.27843 0.18039
0.24314 0.2549 0.1451
0.23922 0.24314 0.12941
0.24706 0.25882 0.12941
0.2902 0.29804 0.23922
0.37647 0.36471 0.32157
0.38039 0.36078 0.32157
0.39216 0.36471 0.33333
0.4 0.37255 0.33333
0.33725 0.33333 0.23529
0.24706 0.25098 0.15686
0.26667 0.24706 0.17255
0.38431 0.35686 0.29804
0.38824 0.35686 0.2902
0.38039 0.34902 0.27059
0.37647 0.37255 0.24706
0.33333 0.34902 0.20392
0.31765 0.33333 0.19608
0.25882 0.27843 0.13333
0.17647 0.19216 0.066667
0.21569 0.22745 0.10588
0.25882 0.26275 0.1451
0.3098 0.29412 0.20784
0.34118 0.32941 0.26667
0.34902 0.32549 0.27059
0.4 0.37647 0.32157
0.40392 0.37255 0.31373
0.4 0.36471 0.31373
0.39608 0.36078 0.30588
0.38039 0.34902 0.28627
0.32941 0.32941 0.24314
0.33725 0.34902 0.26275
0.32549 0.31765 0.23922
0.38431 0.36471 0.29412
0.34118 0.31765 0.24314
0.33333 0.31373 0.23137
0.32549 0.32549 0.21176
0.32549 0.33333 0.19216
0.2902 0.3098 0.15294
0.21961 0.23922 0.090196
0.21176 0.22745 0.098039
0.2902 0.30196 0.18039
