0.14902 0.20784 0.33725
0.1451 0.20784 0.33725
0.1451 0.20784 0.33725
0.14902 0.20392 0.33725
0.13725 0.20392 0.33333
0.1451 0.20784 0.34118
0.1451 0.20784 0.34118
0.15294 0.20784 0.34118
0.14118 0.20784 0.33725
0.14118 0.20392 0.33725
0.14902 0.21176 0.3451
0.14118 0.2 0.32941
0.14118 0.20784 0.34118
0.14902 0.20784 0.3451
0.14902 0.21176 0.3451
0.14118 0.2 0.32941
0.1451 0.20392 0.33333
0.1451 0.20784 0.33725
0.14118 0.20392 0.33333
0.13725 0.2 0.32941
0.14118 0.20392 0.33333
0.13725 0.2 0.32941
0.1451 0.20784 0.33725
0.1451 0.21176 0.33725
0.13725 0.20392 0.32941
0.14118 0.20784 0.33725
0.14118 0.20392 0.33333
0.14118 0.20392 0.33333
0.13725 0.21176 0.33725
0.13725 0.21569 0.34118
