0.25882 0.36863 0.5098
0.26667 0.37647 0.51765
0.26275 0.37647 0.51765
0.26275 0.37255 0.51765
0.26667 0.37647 0.51765
0.25882 0.36863 0.5098
0.26667 0.37647 0.51373
0.26667 0.37647 0.52157
0.26667 0.37255 0.51765
0.26667 0.36471 0.5098
0.26667 0.36863 0.51373
0.25882 0.36863 0.51373
0.2549 0.36471 0.5098
0.26275 0.37255 0.51765
0.26667 0.36863 0.51373
0.26667 0.36863 0.51373
0.27059 0.37255 0.51765
0.25882 0.36863 0.51373
0.26275 0.36863 0.51373
0.26667 0.37255 0.51765
0.26275 0.36863 0.5098
0.26275 0.36863 0.51765
0.2549 0.36471 0.5098
0.24706 0.35686 0.49804
0.24706 0.35686 0.49412
