0.67843 0.63137 0.58431
0.67059 0.62745 0.57647
0.67451 0.62745 0.58039
0.67843 0.63137 0.58431
0.67843 0.63137 0.58431
0.68235 0.63529 0.58824
0.67843 0.62745 0.58039
0.67843 0.62745 0.58431
0.67451 0.62745 0.58039
0.67843 0.63137 0.58431
0.67843 0.63137 0.58431
0.68235 0.63137 0.58431
0.68235 0.62745 0.58431
0.67843 0.62353 0.58039
0.67843 0.62745 0.58431
0.67451 0.62745 0.58039
0.66275 0.61176 0.57647
0.66275 0.61176 0.57647
0.66667 0.61569 0.57647
0.66275 0.61176 0.57255
0.65882 0.60784 0.56863
0.66275 0.61176 0.57255
