0.21176 0.32157 0.47843
0.21569 0.32549 0.48235
0.21961 0.32549 0.48235
0.23137 0.34118 0.49804
0.22353 0.33333 0.4902
0.20784 0.31765 0.47451
0.21961 0.32941 0.48627
0.22745 0.33725 0.49412
0.22353 0.32941 0.48627
0.22353 0.32549 0.48627
0.22745 0.33333 0.4902
0.22353 0.33333 0.4902
0.22353 0.32941 0.48627
0.22745 0.32549 0.48235
0.21961 0.31765 0.47451
0.21961 0.32941 0.48627
0.21961 0.32941 0.48627
0.21961 0.32549 0.48235
0.22745 0.32549 0.48235
0.22353 0.32157 0.47843
0.21569 0.32941 0.48627
0.21569 0.32549 0.48235
0.21961 0.32157 0.48235
0.22353 0.32549 0.48235
0.21176 0.32549 0.48235
0.21176 0.32549 0.48235
0.21569 0.32157 0.47843
0.21569 0.32549 0.48235
