0.011765 0.16863 0.33725
0.011765 0.16863 0.33333
0.015686 0.16078 0.32157
0.011765 0.16078 0.33725
0.011765 0.16471 0.33333
0.015686 0.16078 0.32941
0.0078431 0.16471 0.33725
0.011765 0.16078 0.33725
0.0078431 0.16078 0.32941
0.015686 0.15686 0.32941
0.0078431 0.17255 0.3451
0.011765 0.16471 0.33725
0.015686 0.16471 0.33725
0.0078431 0.16078 0.32941
0.015686 0.15686 0.33333
0.0078431 0.16863 0.34118
0.015686 0.16863 0.34118
0.015686 0.16471 0.33333
0.019608 0.16471 0.33333
0.015686 0.17647 0.34902
0.015686 0.16863 0.34118
0.015686 0.16078 0.32941
0.011765 0.15686 0.31765
0.011765 0.17255 0.34118
0.015686 0.16863 0.34118
0.019608 0.16471 0.33333
0.015686 0.16471 0.32941
0.015686 0.18039 0.3451
0.019608 0.18039 0.3451
0.015686 0.16863 0.33725
0.011765 0.16471 0.33333
0.015686 0.18039 0.3451
0.015686 0.18039 0.3451
0.0039216 0.16471 0.33725
0.0078431 0.16863 0.33333
0.0078431 0.15294 0.32549
