0.61176 0.58039 0.56471
0.60392 0.58039 0.56471
0.59608 0.57647 0.56078
0.59216 0.57255 0.55294
0.58824 0.56863 0.55686
0.60392 0.57255 0.56078
0.6 0.56863 0.55686
0.59608 0.57255 0.56078
0.59608 0.57647 0.56471
0.59216 0.57255 0.56078
0.58431 0.56471 0.55294
0.58431 0.56471 0.55686
0.59608 0.57255 0.55686
0.59216 0.57255 0.56078
0.58824 0.56863 0.55686
0.58824 0.56863 0.55294
0.58824 0.56863 0.55294
0.58824 0.56863 0.55294
0.59216 0.56471 0.55294
0.59608 0.56863 0.55686
0.59608 0.56863 0.55686
0.59216 0.56471 0.55686
0.58824 0.56078 0.54902
0.59216 0.56471 0.55294
0.58824 0.56078 0.54902
0.59608 0.56471 0.55294
0.59608 0.56471 0.55686
0.59216 0.56078 0.55294
0.59216 0.56078 0.54902
