0.93333 0.81569 0.68235
0.93725 0.81961 0.68627
0.93725 0.81569 0.68235
0.9451 0.81961 0.6902
0.94118 0.81569 0.68235
0.9451 0.81569 0.68627
0.93333 0.81569 0.68235
0.93725 0.81961 0.68627
0.94118 0.81176 0.68235
0.93333 0.80392 0.67451
0.9451 0.81569 0.68627
0.92941 0.81176 0.67843
0.93725 0.82353 0.6902
0.93725 0.81961 0.68627
0.94118 0.81176 0.68235
0.93333 0.80392 0.67451
0.93725 0.80784 0.67843
0.93333 0.81176 0.68235
0.9451 0.82353 0.6902
0.94118 0.81569 0.68627
0.93333 0.81176 0.67843
0.93333 0.81569 0.68235
0.93333 0.81569 0.68235
0.92941 0.81176 0.67843
0.92549 0.80784 0.67451
0.93725 0.81961 0.68627
0.94118 0.82353 0.6902
0.9451 0.82745 0.69412
