0.51373 0.61176 0.73333
0.51765 0.61176 0.72941
0.52157 0.61569 0.74118
0.51373 0.61176 0.73333
0.51765 0.61176 0.73333
0.52549 0.61176 0.73333
0.52549 0.61569 0.73725
0.52157 0.61176 0.73333
0.52157 0.61961 0.74118
0.52157 0.61961 0.74118
0.52157 0.61569 0.73725
0.52157 0.61176 0.73333
0.52157 0.61176 0.73333
0.52549 0.61569 0.73725
0.51765 0.61176 0.73333
0.52157 0.61569 0.73725
0.52549 0.61569 0.73725
0.52157 0.61176 0.73333
0.52941 0.61961 0.74118
0.52157 0.61176 0.73333
0.52157 0.61569 0.73725
0.52549 0.61569 0.73725
0.52157 0.61176 0.73333
0.52157 0.61176 0.73333
0.52157 0.61569 0.73725
0.52941 0.61961 0.74118
0.51765 0.61176 0.72941
