0.18039 0.24706 0.39216
0.18824 0.25098 0.39608
0.16471 0.23922 0.37647
0.16863 0.24706 0.38431
0.16863 0.24314 0.38824
0.17647 0.25098 0.39216
0.18431 0.24706 0.4
0.17647 0.24706 0.39216
0.16863 0.23922 0.38431
0.18039 0.24314 0.38431
0.17647 0.23922 0.38039
0.18039 0.24314 0.38039
0.18824 0.2549 0.4
0.18039 0.24314 0.38431
0.18824 0.25098 0.39216
0.18039 0.24314 0.38431
0.17255 0.23922 0.38431
0.17255 0.23529 0.37647
0.17647 0.23922 0.38039
0.18431 0.24314 0.38824
0.17255 0.23922 0.38431
0.18039 0.23922 0.4
0.18431 0.23922 0.39608
0.19608 0.25098 0.39608
