0.51765 0.63529 0.76078
0.51765 0.63922 0.76078
0.52157 0.64314 0.76471
0.52549 0.63922 0.76471
0.52549 0.63922 0.76471
0.51373 0.63529 0.75686
0.51765 0.63922 0.76078
0.51765 0.63922 0.76078
0.52157 0.63922 0.76078
0.51765 0.63922 0.76471
0.52157 0.64314 0.76471
0.52157 0.64314 0.76471
0.52941 0.64706 0.76863
0.52941 0.63922 0.76471
0.52157 0.63529 0.76078
0.51765 0.63922 0.76078
0.52157 0.64314 0.76471
0.51765 0.63922 0.76078
0.51765 0.64314 0.76078
0.52157 0.63922 0.76471
0.52549 0.63922 0.76471
0.51373 0.63529 0.76078
0.51765 0.63529 0.76078
0.52157 0.64314 0.76863
0.52157 0.63922 0.76471
