0.25098 0.62745 0.84314
0.2549 0.62745 0.84706
0.26667 0.64706 0.85882
0.25882 0.63922 0.85098
0.25882 0.63529 0.84706
0.26275 0.63137 0.84706
0.27059 0.63529 0.84706
0.27843 0.63529 0.84314
0.26275 0.64706 0.85098
0.26667 0.64706 0.8549
0.26275 0.64314 0.85098
0.26275 0.63529 0.84706
0.26667 0.63529 0.84706
0.27843 0.63529 0.84314
0.27451 0.63529 0.84314
0.27451 0.63137 0.83922
0.27843 0.65882 0.86667
0.27843 0.65882 0.86667
0.27059 0.65098 0.85882
0.27059 0.64314 0.8549
0.27059 0.63922 0.85098
0.27843 0.63529 0.84314
0.28627 0.63922 0.84706
0.2902 0.63922 0.84706
0.2902 0.63529 0.83922
0.28235 0.65882 0.86667
0.28627 0.65882 0.86667
0.2902 0.6549 0.86667
0.29804 0.6549 0.86275
0.29412 0.64706 0.8549
0.29412 0.63922 0.84706
0.29412 0.63529 0.84314
0.29412 0.65882 0.86275
0.29804 0.6549 0.86275
0.29804 0.65098 0.85882
0.29412 0.64706 0.85098
0.3098 0.65098 0.8549
0.30588 0.64706 0.84314
0.29804 0.66275 0.87059
0.30196 0.65882 0.86667
0.29804 0.6549 0.86275
0.30196 0.6549 0.86275
0.31373 0.65882 0.86275
0.30588 0.65882 0.87059
0.3098 0.66275 0.87059
0.31373 0.66275 0.87059
0.31765 0.65882 0.86275
