0.14118 0.33333 0.52157
0.15294 0.34118 0.52941
0.1451 0.33333 0.51373
0.14902 0.34118 0.53333
0.13333 0.32549 0.51765
0.12157 0.31373 0.50196
0.14118 0.34902 0.54118
0.12941 0.33333 0.52157
0.11765 0.32157 0.5098
0.1098 0.31373 0.50196
0.13725 0.33725 0.52549
0.12157 0.32549 0.51373
0.10588 0.3098 0.49804
0.1098 0.31373 0.50196
0.12549 0.33333 0.51373
0.13725 0.33725 0.52157
0.11373 0.32157 0.5098
0.10196 0.31765 0.5098
0.094118 0.31765 0.50588
0.10196 0.32157 0.50588
0.12549 0.33725 0.52941
0.12549 0.32941 0.52549
0.11765 0.33333 0.52157
0.10588 0.32941 0.51765
0.098039 0.32941 0.51765
0.10588 0.32941 0.51765
0.10588 0.32157 0.5098
0.11765 0.3451 0.53333
0.10588 0.34118 0.52549
0.10196 0.32941 0.51765
