0.1451 0.22353 0.3451
0.13725 0.21569 0.34118
0.14118 0.21961 0.33725
0.14118 0.21569 0.34118
0.14118 0.21569 0.34118
0.14118 0.21569 0.34118
0.15294 0.22745 0.34902
0.13333 0.21569 0.32941
0.12941 0.20784 0.32157
0.13725 0.21176 0.32941
0.14118 0.21569 0.33333
0.13725 0.21176 0.32941
0.13725 0.21176 0.32941
0.14118 0.21569 0.33333
0.12941 0.21176 0.32941
0.13333 0.21176 0.32549
0.14118 0.21961 0.33333
0.14118 0.21569 0.33333
0.1451 0.21961 0.33725
0.15294 0.22745 0.3451
0.14118 0.21569 0.33333
0.13725 0.21176 0.32941
0.13333 0.20784 0.32549
0.13333 0.20784 0.32549
0.14118 0.21569 0.33333
0.14118 0.21569 0.33333
0.15294 0.22745 0.3451
0.14902 0.22353 0.34118
0.13333 0.20784 0.32549
0.12941 0.20392 0.32157
0.13333 0.20784 0.32549
0.13333 0.20784 0.32549
0.14118 0.21569 0.33333
0.13725 0.21176 0.32941
0.14902 0.22353 0.34118
0.13725 0.21176 0.32941
0.13333 0.20784 0.32549
0.13333 0.21176 0.32941
