0.95686 0.83529 0.7098
0.96078 0.84314 0.7098
0.95294 0.83922 0.70588
0.95686 0.83529 0.71373
0.95686 0.83922 0.7098
0.95294 0.83529 0.69804
0.94902 0.83529 0.70196
0.95294 0.83922 0.70588
0.95294 0.83922 0.70588
0.93725 0.82353 0.6902
0.94902 0.82745 0.7098
0.95686 0.83922 0.71373
0.93725 0.82353 0.68627
0.9451 0.83137 0.69804
0.95294 0.83922 0.70588
0.94902 0.83529 0.70196
0.94902 0.83529 0.70196
0.93725 0.83137 0.69412
0.94118 0.82745 0.70196
0.95294 0.83922 0.70588
0.95294 0.83922 0.69804
0.9451 0.83137 0.69804
0.95294 0.83922 0.7098
0.95686 0.84314 0.7098
0.94902 0.83137 0.7098
0.94118 0.82745 0.70196
0.96078 0.84314 0.71373
0.96078 0.84706 0.70588
0.96078 0.85098 0.71373
0.96078 0.84706 0.71373
0.95686 0.84314 0.7098
0.95294 0.85098 0.72941
0.93725 0.82353 0.69804
0.95294 0.83922 0.70588
0.95686 0.84706 0.70588
0.94902 0.83529 0.69804
0.93725 0.82353 0.6902
0.87059 0.77255 0.65882
0.94118 0.82745 0.70196
0.94118 0.82745 0.69804
0.94902 0.83529 0.69804
0.94118 0.82745 0.6902
0.93333 0.81961 0.68627
0.95686 0.84314 0.7098
0.94118 0.82745 0.6902
0.94118 0.83529 0.6902
