0.6549 0.60784 0.57255
0.6549 0.60784 0.57255
0.65882 0.61176 0.58039
0.65882 0.61176 0.58039
0.6549 0.60784 0.57647
0.6549 0.61176 0.57647
0.66275 0.61176 0.58039
0.66275 0.61176 0.58039
0.65882 0.60784 0.57647
0.66275 0.61176 0.58039
0.65882 0.60784 0.57647
0.65882 0.60784 0.57647
0.66275 0.61176 0.58039
0.66667 0.61569 0.58431
0.66275 0.61176 0.58039
0.66275 0.61176 0.57647
0.66667 0.61569 0.58039
0.66275 0.61176 0.57647
0.66275 0.61176 0.57647
0.66275 0.60784 0.57647
0.66667 0.61569 0.58039
0.66667 0.61961 0.58039
0.66275 0.61569 0.58039
