0.70588 0.6549 0.6
0.6902 0.65098 0.60392
0.66667 0.62353 0.6
0.64314 0.60392 0.58824
0.69412 0.64706 0.6
0.68235 0.63137 0.58431
0.66275 0.62353 0.57647
0.65098 0.61176 0.57255
0.65098 0.61569 0.58039
0.65098 0.61569 0.57647
0.69412 0.64706 0.59216
0.68627 0.63922 0.58824
0.66275 0.62353 0.57647
0.65098 0.61569 0.57255
0.65098 0.61961 0.57647
0.64706 0.61176 0.57647
0.66275 0.61569 0.56471
0.69804 0.65098 0.59608
0.6902 0.64314 0.58824
0.67059 0.63137 0.57647
0.65882 0.61569 0.57255
0.65098 0.61176 0.57255
0.65098 0.60784 0.57255
0.6549 0.60784 0.56078
0.68627 0.63922 0.58824
0.68627 0.63922 0.58039
0.67843 0.63137 0.57647
0.66667 0.61961 0.57255
0.65882 0.60784 0.57255
0.65882 0.60784 0.57255
0.65098 0.60392 0.55686
0.68235 0.63529 0.58431
0.6902 0.64314 0.58824
0.68235 0.63529 0.58039
0.67059 0.62353 0.58039
0.66275 0.61176 0.57647
0.68235 0.63137 0.58039
0.69412 0.64706 0.59216
0.68627 0.63922 0.58431
