0.1098 0.098039 0.13333
0.1098 0.10196 0.12941
0.1098 0.10196 0.12941
0.1098 0.10196 0.12941
0.1098 0.098039 0.12549
0.10588 0.094118 0.12941
0.1098 0.10196 0.13333
0.10588 0.10196 0.12549
0.11765 0.1098 0.13333
0.11373 0.1098 0.13333
0.11765 0.1098 0.13333
0.10588 0.094118 0.12157
0.10196 0.090196 0.11765
0.10588 0.094118 0.12157
0.1098 0.10196 0.12941
0.11373 0.10588 0.13333
0.1098 0.10196 0.12941
0.11373 0.10196 0.12549
0.1098 0.098039 0.11765
0.10196 0.094118 0.1098
0.098039 0.086275 0.11373
0.098039 0.086275 0.11373
0.10196 0.090196 0.11765
0.10196 0.094118 0.11765
0.10588 0.098039 0.12157
0.1098 0.098039 0.12157
0.11373 0.094118 0.12157
0.098039 0.094118 0.11373
0.10588 0.094118 0.1098
0.10196 0.094118 0.11373
0.10196 0.090196 0.11373
0.10196 0.094118 0.11373
0.10588 0.098039 0.11765
0.10588 0.098039 0.11765
0.10196 0.094118 0.11373
0.1098 0.090196 0.11765
0.098039 0.090196 0.1098
0.098039 0.090196 0.10588
0.10588 0.098039 0.11765
0.10196 0.094118 0.1098
0.10196 0.094118 0.11373
0.10588 0.10196 0.12157
0.10196 0.094118 0.11373
0.10588 0.098039 0.11765
0.1098 0.094118 0.12157
0.11373 0.098039 0.12549
0.098039 0.090196 0.11373
0.098039 0.090196 0.1098
0.094118 0.086275 0.10196
0.094118 0.086275 0.098039
0.094118 0.086275 0.10196
0.10196 0.094118 0.1098
0.10196 0.098039 0.11765
0.10588 0.10196 0.12157
0.1098 0.10196 0.12157
0.11373 0.098039 0.12157
0.10588 0.094118 0.12157
0.10196 0.090196 0.11765
0.098039 0.086275 0.1098
0.094118 0.086275 0.1098
0.098039 0.090196 0.1098
0.098039 0.090196 0.1098
0.098039 0.090196 0.1098
0.094118 0.086275 0.10588
0.10588 0.098039 0.11765
0.1098 0.10196 0.12157
0.1098 0.098039 0.12157
0.10196 0.090196 0.11765
0.094118 0.086275 0.10588
0.098039 0.090196 0.1098
0.098039 0.090196 0.1098
0.098039 0.090196 0.1098
0.1098 0.10196 0.12157
0.10588 0.098039 0.11765
0.10196 0.094118 0.11373
0.10588 0.098039 0.11765
0.10588 0.098039 0.12157
0.098039 0.090196 0.1098
0.10588 0.098039 0.11765
0.10196 0.090196 0.11373
0.098039 0.090196 0.1098
0.10196 0.098039 0.11765
0.10196 0.090196 0.11373
0.10196 0.086275 0.11373
