0.27059 0.37647 0.51373
0.28235 0.38824 0.52549
0.27843 0.38431 0.52157
0.28627 0.38824 0.52549
0.28235 0.38431 0.52157
0.28627 0.38824 0.52549
0.27059 0.38431 0.51765
0.26667 0.38431 0.51373
0.27451 0.38824 0.52157
0.27451 0.38824 0.52157
0.26275 0.37647 0.5098
0.27451 0.38824 0.52157
0.27843 0.39216 0.52549
0.27451 0.39216 0.52549
0.27451 0.38431 0.52549
0.27059 0.38431 0.51765
0.27059 0.38824 0.51765
0.27451 0.39216 0.52549
0.27843 0.39216 0.52549
0.27843 0.39216 0.52941
0.27843 0.38824 0.52549
0.28235 0.39216 0.52941
0.28235 0.39216 0.52941
0.27451 0.38824 0.52549
