0.61961 0.72157 0.81961
0.62353 0.72549 0.82353
0.62353 0.72549 0.82353
0.62353 0.72549 0.82353
0.61961 0.72157 0.81961
0.61961 0.72157 0.81961
0.62745 0.72941 0.82745
0.62353 0.72549 0.82353
0.61569 0.71765 0.81569
0.61569 0.71765 0.81569
0.61961 0.72157 0.81961
0.61961 0.72157 0.81961
0.62745 0.72941 0.82745
0.61569 0.72157 0.82353
0.62353 0.72549 0.82353
0.62353 0.72549 0.82353
0.61961 0.72157 0.81961
0.61961 0.72157 0.81961
0.61961 0.72157 0.81961
0.61961 0.72157 0.81961
0.61961 0.72157 0.81961
0.61961 0.72157 0.81961
0.62745 0.72941 0.82745
0.63529 0.72549 0.82353
0.61569 0.72157 0.82745
0.61569 0.72157 0.82745
0.61961 0.72549 0.83137
0.61569 0.72157 0.82745
0.61961 0.72157 0.83137
0.62353 0.72549 0.83137
0.61961 0.72157 0.81961
0.62353 0.72549 0.82353
0.61961 0.72157 0.81961
0.61569 0.71765 0.81569
0.62353 0.72157 0.81961
0.62353 0.72157 0.81961
0.63137 0.72549 0.82353
0.63137 0.72549 0.81961
0.61176 0.71373 0.82353
0.61176 0.71765 0.82353
0.60784 0.71373 0.81961
0.61569 0.72157 0.82745
0.61961 0.72549 0.83137
0.61569 0.72157 0.82745
0.61569 0.72157 0.83137
0.61569 0.72157 0.83529
0.61961 0.72549 0.82745
0.62353 0.72549 0.82353
0.62745 0.72941 0.82745
0.62353 0.72549 0.82353
0.61961 0.72157 0.81961
0.62745 0.72157 0.82353
0.63137 0.72157 0.82353
0.62745 0.72157 0.81569
0.62353 0.72157 0.81569
0.63137 0.72549 0.81961
0.6 0.71765 0.83137
0.6 0.72157 0.82745
0.60392 0.72157 0.83137
0.60784 0.71373 0.82745
0.61176 0.7098 0.82745
0.61176 0.71373 0.82353
0.60784 0.71373 0.81961
0.60784 0.71373 0.81961
0.61569 0.72157 0.82745
0.61961 0.72549 0.83137
0.61961 0.72549 0.83137
0.61569 0.72157 0.83137
0.61569 0.72157 0.83137
0.61961 0.72157 0.82745
0.62745 0.72549 0.82745
0.62353 0.72549 0.82353
0.62745 0.72941 0.82745
0.62745 0.72941 0.82745
0.63137 0.72549 0.82745
0.62745 0.72157 0.82353
0.62353 0.71765 0.81176
0.62353 0.71765 0.81176
0.63137 0.72549 0.81961
0.64314 0.72941 0.82353
0.59216 0.71373 0.82745
0.6 0.71373 0.83137
0.6 0.7098 0.82745
0.6 0.7098 0.82745
0.60392 0.71765 0.83137
0.60784 0.71765 0.83137
0.61176 0.71765 0.83137
0.61176 0.71373 0.82745
0.61176 0.71373 0.82745
0.61176 0.71765 0.82745
0.61569 0.72157 0.83137
0.61569 0.72157 0.83137
0.61569 0.72157 0.83137
0.61569 0.72157 0.82745
0.61569 0.72157 0.82745
0.61569 0.72157 0.83137
0.61961 0.72549 0.83137
0.62353 0.72941 0.82745
0.62353 0.72549 0.82353
0.62353 0.72549 0.82353
0.62353 0.72549 0.82353
0.62745 0.72549 0.83137
0.62745 0.72549 0.82353
0.63137 0.72549 0.81961
0.63137 0.72549 0.81961
0.62745 0.72157 0.81569
0.63137 0.72157 0.81569
0.63137 0.72157 0.81569
0.59608 0.7098 0.82745
0.60784 0.71373 0.83137
0.60392 0.7098 0.82745
0.60784 0.71373 0.83137
0.60784 0.71373 0.82745
0.61176 0.71765 0.83137
0.61176 0.71765 0.83137
0.60784 0.71373 0.82745
0.60784 0.71373 0.82745
0.61569 0.72157 0.83922
0.61961 0.72549 0.83922
0.61569 0.72157 0.83529
0.61961 0.72157 0.82745
0.61569 0.71765 0.82745
0.61569 0.72157 0.83529
0.61569 0.72157 0.82745
0.61961 0.72941 0.82353
0.62353 0.72549 0.82353
0.62353 0.72549 0.82353
0.62353 0.72549 0.82353
0.62353 0.72549 0.83137
0.62353 0.72157 0.82353
0.63137 0.72549 0.81961
0.63137 0.72549 0.81961
0.62745 0.72157 0.81569
0.63137 0.72549 0.81961
0.63137 0.72941 0.81961
0.59608 0.7098 0.82745
0.59608 0.7098 0.82745
0.60784 0.71373 0.83137
0.60784 0.71373 0.83137
0.60784 0.71373 0.83137
0.61176 0.71765 0.83137
0.61176 0.71765 0.83137
0.61176 0.71765 0.83137
0.60392 0.7098 0.81961
0.60784 0.71373 0.81961
0.61176 0.71765 0.82353
0.61961 0.72549 0.83529
0.61569 0.72157 0.83529
0.61569 0.71765 0.82353
0.61961 0.72157 0.83137
0.61961 0.72157 0.83922
0.61961 0.72157 0.82745
0.62353 0.72549 0.82353
0.61961 0.72941 0.82353
0.62353 0.72941 0.82745
0.62353 0.72941 0.82745
0.61961 0.72157 0.82745
0.62745 0.72549 0.82745
0.63137 0.72549 0.82353
0.63137 0.72549 0.81961
0.63137 0.72549 0.81961
0.62745 0.72157 0.81569
0.63137 0.72549 0.81569
0.63529 0.72157 0.81176
0.63922 0.72157 0.81569
0.6 0.7098 0.82745
0.60392 0.7098 0.82745
0.60392 0.71373 0.83137
0.60392 0.71373 0.83137
0.61176 0.71765 0.83137
0.61569 0.72157 0.83529
0.61176 0.71765 0.83137
0.61569 0.72157 0.82745
0.61569 0.72157 0.82353
0.61569 0.72157 0.82745
0.61961 0.72549 0.83137
0.61569 0.72157 0.83137
0.61569 0.71765 0.82353
0.62745 0.72549 0.83529
0.62745 0.72549 0.83922
0.62353 0.72549 0.83137
0.62353 0.72549 0.82353
0.62353 0.72941 0.82353
0.61961 0.72941 0.82353
0.61961 0.72941 0.82353
0.62353 0.72549 0.82353
0.62745 0.72549 0.82353
0.62353 0.72157 0.81569
0.61961 0.71373 0.80784
0.63137 0.72157 0.81569
0.62745 0.72157 0.81961
0.63137 0.72549 0.81569
0.63529 0.72549 0.81569
0.64314 0.72941 0.81961
0.59608 0.71373 0.82745
0.60392 0.71765 0.83529
0.6 0.71373 0.83137
0.6 0.71373 0.83137
0.60784 0.71373 0.82745
0.61176 0.71765 0.83137
0.61176 0.71765 0.83137
0.61569 0.72157 0.82745
0.61176 0.71765 0.82353
0.61569 0.72157 0.82745
0.61961 0.72549 0.83137
0.61569 0.72157 0.82745
0.61961 0.72157 0.82745
0.62745 0.72941 0.83529
0.62353 0.72549 0.83137
0.62745 0.72941 0.83529
0.63137 0.73333 0.83529
0.63137 0.73333 0.82353
0.62745 0.72941 0.81961
0.62745 0.72941 0.81961
0.62745 0.72941 0.81961
0.62745 0.72941 0.81961
0.62353 0.72941 0.81961
0.62745 0.72157 0.81569
0.63137 0.72549 0.81961
0.63137 0.72549 0.81961
0.63137 0.72549 0.81569
0.63137 0.72941 0.81569
0.63529 0.72549 0.81569
0.61176 0.71765 0.83529
0.60392 0.71373 0.83137
0.60784 0.71765 0.83529
0.61176 0.71765 0.83137
0.61176 0.71765 0.83137
0.61176 0.71765 0.83137
0.61569 0.72157 0.82745
0.61569 0.72157 0.82745
0.61176 0.71765 0.82353
0.61961 0.72549 0.83137
0.61961 0.72549 0.83137
0.61961 0.72157 0.82745
0.62353 0.72549 0.83137
0.62353 0.72549 0.83137
0.62353 0.72549 0.83137
0.62745 0.72941 0.83529
0.62745 0.72941 0.82353
0.62745 0.72941 0.82353
0.62745 0.72941 0.82353
0.62745 0.72549 0.81961
0.62745 0.72549 0.81961
0.62745 0.72549 0.81961
0.63137 0.72549 0.81961
0.62745 0.72157 0.81569
0.62745 0.72157 0.81569
0.63137 0.72941 0.81569
0.63137 0.72941 0.81569
0.63529 0.72549 0.81176
0.60392 0.7098 0.82745
0.6 0.7098 0.82745
0.60392 0.7098 0.82745
0.6 0.7098 0.82745
0.6 0.7098 0.82353
0.61176 0.71765 0.83137
0.60784 0.71373 0.82745
0.60784 0.71373 0.82353
0.61569 0.72157 0.82745
0.61569 0.72157 0.82745
0.61961 0.72549 0.83137
0.61961 0.72549 0.83137
0.62745 0.72941 0.83529
0.62353 0.72941 0.83137
0.62353 0.72549 0.83137
0.62353 0.72549 0.83137
0.62745 0.72941 0.83137
0.62353 0.72941 0.82745
0.62353 0.72549 0.82353
0.62353 0.72157 0.82353
0.62745 0.72157 0.81569
0.62745 0.72157 0.81569
0.63529 0.72941 0.82353
0.63137 0.72549 0.81961
0.63137 0.72549 0.81961
0.62745 0.72157 0.81569
0.62745 0.72549 0.81569
0.63137 0.72941 0.81569
0.63922 0.72549 0.81569
0.6 0.71373 0.83137
0.59608 0.7098 0.82745
0.60392 0.7098 0.83137
0.60392 0.71373 0.83137
0.6 0.71373 0.83137
0.60392 0.71373 0.83137
0.59608 0.7098 0.82745
0.59608 0.71373 0.82353
0.6 0.71373 0.82353
0.61176 0.71765 0.83137
0.60784 0.71373 0.82745
0.60784 0.71373 0.82745
0.61176 0.71765 0.82353
0.61961 0.72549 0.83137
0.61569 0.72157 0.82745
0.62745 0.72941 0.83529
0.62745 0.72941 0.83137
0.61961 0.72157 0.81961
0.62745 0.72941 0.82745
0.62745 0.72941 0.82745
0.62353 0.72941 0.82353
0.62353 0.72157 0.82353
0.62745 0.72157 0.82353
0.62745 0.72157 0.82353
0.63137 0.72549 0.82353
0.63137 0.72549 0.81569
0.63137 0.72549 0.81961
0.63529 0.72941 0.82353
0.63137 0.72549 0.81961
0.63137 0.72549 0.81961
0.63137 0.72549 0.81961
0.63529 0.72549 0.81176
0.6 0.71373 0.83137
0.61176 0.71765 0.83529
0.60784 0.71373 0.83137
0.6 0.71765 0.83137
0.6 0.71373 0.82745
0.6 0.71373 0.82745
0.60392 0.72157 0.83137
0.6 0.71373 0.82745
0.61176 0.71765 0.83137
0.61569 0.72157 0.83529
0.61176 0.71765 0.83137
0.60784 0.71373 0.81961
0.61176 0.71765 0.82353
0.61176 0.71765 0.82353
0.61961 0.72157 0.82745
0.62745 0.72941 0.83137
0.62353 0.72549 0.82353
0.62745 0.72941 0.82745
0.62353 0.72549 0.82353
0.61961 0.72549 0.81961
0.62353 0.72157 0.82353
0.63137 0.72549 0.82745
0.63529 0.72941 0.83137
0.63529 0.72941 0.82745
0.62745 0.72157 0.81569
0.63137 0.72549 0.81961
0.63137 0.72549 0.81961
0.63137 0.72549 0.81961
0.63137 0.72549 0.81961
0.63137 0.72549 0.81569
0.63922 0.72549 0.81176
0.59608 0.7098 0.82745
0.6 0.71373 0.83137
0.60392 0.71373 0.83137
0.60784 0.71373 0.83137
0.60392 0.72157 0.83137
0.6 0.71765 0.82745
0.59608 0.71373 0.82353
0.60392 0.72157 0.83137
0.60392 0.71765 0.83137
0.61176 0.71765 0.83137
0.61569 0.72157 0.83529
0.61569 0.72157 0.83137
0.61569 0.72157 0.82745
0.61961 0.72549 0.83137
0.61569 0.72157 0.82745
0.61961 0.72157 0.83137
0.62745 0.72941 0.83137
0.62745 0.72941 0.82745
0.62745 0.72941 0.82745
0.62353 0.72549 0.82353
0.61961 0.72549 0.81961
0.62353 0.72157 0.81961
0.63137 0.72549 0.82745
0.62745 0.72157 0.82353
0.63137 0.72549 0.82353
0.62745 0.72157 0.81569
0.63529 0.72941 0.82353
0.63137 0.72549 0.81961
0.62745 0.72157 0.81569
0.62745 0.72157 0.81569
0.63137 0.72549 0.81569
0.63529 0.72549 0.81176
0.6 0.71373 0.83137
0.59216 0.70588 0.82353
0.6 0.7098 0.82745
0.59608 0.7098 0.82745
0.6 0.71765 0.82745
0.6 0.71765 0.82745
0.59608 0.71373 0.82353
0.59608 0.7098 0.82745
0.60392 0.71765 0.83529
0.61176 0.72549 0.83922
0.60784 0.72549 0.83137
0.60784 0.72157 0.82353
0.61569 0.72157 0.82745
0.61961 0.72157 0.83529
0.61961 0.71765 0.83137
0.62353 0.72941 0.83137
0.62745 0.72941 0.82745
0.62353 0.72549 0.82353
0.62353 0.72549 0.82353
0.62353 0.72549 0.82745
0.62353 0.72549 0.83137
0.62745 0.72941 0.83529
0.63137 0.72941 0.83529
0.63137 0.72549 0.82745
0.63137 0.72549 0.82745
0.63137 0.72549 0.82353
0.63137 0.72549 0.81961
0.63529 0.72941 0.82353
0.63529 0.73333 0.81961
0.63137 0.72941 0.81569
0.63529 0.72941 0.81176
0.64314 0.72941 0.81176
0.6 0.71373 0.83137
0.59608 0.7098 0.82745
0.59608 0.71373 0.82745
0.6 0.71373 0.82745
0.59608 0.71373 0.82353
0.60784 0.72549 0.83137
0.60392 0.72157 0.83529
0.60392 0.71765 0.83529
0.6 0.71373 0.83137
0.60784 0.72157 0.83922
0.60784 0.72549 0.83137
0.60784 0.72157 0.82353
0.61569 0.72157 0.82745
0.61961 0.72157 0.83137
0.62353 0.72157 0.83529
0.62745 0.72941 0.83529
0.62745 0.72941 0.82745
0.62353 0.72549 0.82353
0.61961 0.72157 0.81961
0.62745 0.72941 0.83137
0.62745 0.72941 0.83529
0.62745 0.72941 0.83529
0.62745 0.72549 0.83137
0.63137 0.72549 0.82745
0.63529 0.72941 0.83137
0.62745 0.72157 0.82353
0.63137 0.72549 0.81961
0.63922 0.73333 0.82353
0.63922 0.73725 0.82353
0.63529 0.73333 0.81961
0.63922 0.73725 0.82353
0.64314 0.73333 0.81961
0.59216 0.7098 0.82353
0.59216 0.71373 0.82745
0.59216 0.71373 0.82745
0.59608 0.71765 0.83137
0.59608 0.71373 0.82353
0.60392 0.72157 0.83137
0.60784 0.72549 0.83529
0.60392 0.71765 0.83529
0.6 0.71373 0.83137
0.6 0.71373 0.83137
0.60392 0.72157 0.83137
0.60392 0.72157 0.83137
0.61569 0.72157 0.83529
0.61569 0.71765 0.83137
0.61961 0.71765 0.83137
0.62745 0.72941 0.83137
0.62745 0.72941 0.82745
0.62745 0.72941 0.82745
0.62745 0.72941 0.82745
0.62745 0.72941 0.83137
0.63137 0.73333 0.83922
0.62353 0.72549 0.83137
0.62353 0.72549 0.83137
0.62745 0.72157 0.82745
0.63529 0.72941 0.83137
0.63137 0.72549 0.82745
0.63529 0.72941 0.82745
0.63922 0.73333 0.82353
0.63137 0.72941 0.81569
0.63529 0.72941 0.81961
0.63529 0.73333 0.82353
0.63529 0.72157 0.81176
0.59608 0.71765 0.83529
0.59608 0.71765 0.83529
0.59608 0.71765 0.83137
0.60392 0.72549 0.83529
0.60392 0.72157 0.83137
0.60392 0.72157 0.83137
0.60392 0.72157 0.83137
0.6 0.71373 0.82745
0.6 0.71765 0.83137
0.6 0.71765 0.83137
0.60784 0.71765 0.83137
0.61176 0.71765 0.83137
0.61569 0.71765 0.83137
0.61961 0.72157 0.82745
0.61961 0.72157 0.83137
0.62353 0.72549 0.83137
0.62353 0.72549 0.82745
0.62745 0.72941 0.82353
0.62745 0.72941 0.82745
0.62353 0.72549 0.82353
0.62745 0.72941 0.82745
0.62745 0.72941 0.83137
0.62745 0.72941 0.82745
0.62745 0.72941 0.82745
0.63137 0.72941 0.82745
0.62745 0.72157 0.82353
0.63137 0.72549 0.82353
0.63529 0.72941 0.81961
0.63137 0.72941 0.81569
0.63137 0.72941 0.81961
0.62745 0.72157 0.81569
0.63137 0.72157 0.81569
0.6 0.72157 0.83922
0.6 0.72157 0.83529
0.6 0.72157 0.82745
0.6 0.71765 0.82745
0.6 0.71765 0.82745
0.6 0.71765 0.82745
0.60392 0.72157 0.82745
0.60392 0.72157 0.83137
0.60392 0.72157 0.83137
0.61569 0.72157 0.83922
0.61961 0.71765 0.83529
0.61569 0.71373 0.82745
0.61961 0.72157 0.82745
0.61961 0.72157 0.82745
0.62745 0.72941 0.83529
0.62745 0.72941 0.83529
0.62353 0.72549 0.82353
0.62353 0.72549 0.82353
0.61961 0.72157 0.81961
0.62353 0.72549 0.82353
0.62745 0.72941 0.82745
0.62353 0.72549 0.82353
0.62745 0.73333 0.82745
0.62745 0.72941 0.82745
0.63137 0.72157 0.82745
0.63137 0.72549 0.82353
0.63529 0.72941 0.82353
0.63529 0.72941 0.81961
0.59608 0.71765 0.83529
0.59608 0.71765 0.83137
0.59608 0.71765 0.82745
0.60392 0.72157 0.83137
0.60784 0.72549 0.83529
0.60784 0.72549 0.83529
0.60392 0.72157 0.83137
0.60392 0.72157 0.83137
0.60392 0.72157 0.83137
0.61569 0.71765 0.83922
0.61961 0.71765 0.83922
0.61961 0.72157 0.83529
0.61961 0.72157 0.82745
0.62353 0.72549 0.83137
0.62353 0.72549 0.83137
0.62353 0.72549 0.83137
0.62353 0.72549 0.82745
0.62353 0.72549 0.83137
0.62353 0.72549 0.83137
0.61961 0.72157 0.81961
0.62745 0.72941 0.82745
0.62745 0.72941 0.82745
0.62745 0.72941 0.82745
0.63137 0.72941 0.82745
0.63922 0.73333 0.83529
0.63529 0.73333 0.82745
0.63137 0.72941 0.81961
0.59608 0.71765 0.82745
0.59608 0.71765 0.82353
0.60392 0.72157 0.83137
0.60392 0.71765 0.83137
0.61176 0.72549 0.83529
0.61176 0.72549 0.83529
0.60392 0.71765 0.83137
0.6 0.71373 0.82353
0.61569 0.71765 0.83529
0.61176 0.7098 0.82745
0.61961 0.71765 0.83137
0.62353 0.72157 0.83529
0.62353 0.72549 0.83529
0.62353 0.72549 0.83137
0.62745 0.72941 0.83529
0.62353 0.72549 0.83137
0.62353 0.72549 0.83137
0.62353 0.72549 0.82745
0.62745 0.72941 0.82745
0.62745 0.72941 0.82745
0.62745 0.72941 0.82745
0.62745 0.72941 0.82745
0.63137 0.72941 0.82745
0.63922 0.73333 0.83137
0.63922 0.73333 0.82745
0.60392 0.72157 0.83529
0.6 0.71765 0.82745
0.60392 0.72157 0.83137
0.60784 0.71765 0.83137
0.60784 0.71373 0.82745
0.61569 0.72157 0.83529
0.61569 0.72157 0.83529
0.61176 0.71765 0.83137
0.61176 0.7098 0.82745
0.61569 0.71373 0.83137
0.62353 0.72157 0.83922
0.62353 0.72157 0.83922
0.62353 0.72157 0.83922
0.61961 0.72157 0.82353
0.62745 0.72941 0.82745
0.62745 0.72941 0.83529
0.62745 0.72941 0.83529
0.62745 0.72941 0.83529
0.62745 0.72941 0.82745
0.62745 0.72941 0.82745
0.62745 0.72941 0.82745
0.63529 0.72941 0.83137
0.63137 0.72549 0.82745
0.63137 0.72549 0.81961
0.6 0.71373 0.83137
0.60392 0.72549 0.83529
0.60784 0.72157 0.83137
0.61176 0.71765 0.83137
0.61569 0.72157 0.83529
0.61176 0.71765 0.83137
0.61569 0.72157 0.83529
0.61569 0.71373 0.83137
0.61961 0.71373 0.83529
0.62353 0.72157 0.83922
0.61961 0.71765 0.83529
0.61961 0.71765 0.83137
0.62353 0.72549 0.83137
0.62745 0.72941 0.82745
0.62745 0.72157 0.82353
0.63137 0.72549 0.82745
0.63137 0.72941 0.83137
0.62745 0.72941 0.82745
0.62745 0.72941 0.82745
0.62745 0.72941 0.82745
0.63137 0.73333 0.83137
0.62745 0.72549 0.82353
0.62745 0.72549 0.81569
0.60392 0.72549 0.83529
0.60784 0.71765 0.83137
0.61176 0.71765 0.83529
0.60784 0.71765 0.83137
0.60784 0.71765 0.83137
0.61176 0.71765 0.83137
0.61569 0.71765 0.83529
0.61961 0.71765 0.83529
0.61961 0.71765 0.83529
0.61961 0.72157 0.83922
0.62353 0.72157 0.83529
0.62745 0.72941 0.83137
0.63137 0.72941 0.83137
0.63137 0.72157 0.82745
0.63529 0.72549 0.83137
0.63529 0.72941 0.83137
0.63137 0.73333 0.83137
0.62745 0.72941 0.82745
0.62745 0.72549 0.82353
0.63137 0.73333 0.83137
0.62745 0.72941 0.82745
0.62353 0.72549 0.81961
0.60392 0.71765 0.83529
0.6 0.71373 0.83137
0.60392 0.71765 0.83529
0.6 0.71373 0.83137
0.60392 0.71765 0.83137
0.61569 0.72157 0.83137
0.62353 0.72157 0.83922
0.61569 0.71373 0.83137
0.61176 0.71765 0.83137
0.61569 0.72157 0.83529
0.62353 0.72941 0.84314
0.63137 0.73333 0.83922
0.62745 0.72549 0.83529
0.63137 0.72157 0.84314
0.63137 0.72549 0.83529
0.63137 0.72549 0.82745
0.63529 0.72941 0.83137
0.63529 0.72941 0.82745
0.63529 0.72941 0.82353
0.63529 0.72941 0.83137
0.63137 0.72941 0.83137
0.62745 0.72941 0.82745
0.60392 0.71373 0.83137
0.60784 0.71373 0.83137
0.60784 0.71765 0.83529
0.6 0.71373 0.83137
0.60392 0.71373 0.83137
0.61569 0.71765 0.83137
0.62353 0.72157 0.83922
0.61569 0.71765 0.83137
0.61176 0.71765 0.83137
0.61569 0.72157 0.83529
0.61961 0.72549 0.83529
0.62353 0.72941 0.83529
0.62745 0.72549 0.83922
0.62353 0.71765 0.83529
0.63137 0.72549 0.83529
0.63137 0.72549 0.82745
0.63529 0.72941 0.83137
0.63529 0.72941 0.82745
0.63529 0.72941 0.82353
0.63529 0.72941 0.83137
0.63137 0.72941 0.82745
0.62745 0.72941 0.82745
0.61176 0.71765 0.83529
0.60784 0.71373 0.83137
0.60784 0.71373 0.83137
0.60392 0.71373 0.83137
0.59608 0.7098 0.82745
0.60392 0.71373 0.83137
0.61569 0.72157 0.83529
0.61961 0.71765 0.83529
0.61961 0.71765 0.83529
0.61961 0.72157 0.83529
0.61961 0.72549 0.83922
0.62353 0.72549 0.83922
0.62353 0.72941 0.83529
0.62745 0.72549 0.83529
0.63137 0.72157 0.83922
0.63137 0.72549 0.83529
0.63137 0.72549 0.82745
0.63529 0.72941 0.83137
0.63529 0.72941 0.82745
0.63529 0.72941 0.82353
0.63529 0.72941 0.83137
0.63137 0.72941 0.83137
0.62745 0.72941 0.82745
0.61569 0.71765 0.83529
0.60784 0.71373 0.83137
0.60784 0.71373 0.82745
0.61176 0.71765 0.83137
0.61569 0.72157 0.83529
0.61961 0.72549 0.83922
0.61961 0.72549 0.83922
0.62353 0.72549 0.83922
0.61176 0.71765 0.82745
0.61569 0.72157 0.82745
0.62353 0.72549 0.83529
0.62353 0.72549 0.83137
0.62353 0.72549 0.82745
0.62745 0.72941 0.82745
0.62745 0.72549 0.82745
0.63529 0.72941 0.83137
0.63529 0.72941 0.83137
0.63137 0.72549 0.82745
0.63137 0.72549 0.82745
0.63137 0.72549 0.82353
0.63529 0.72941 0.82353
0.60784 0.71373 0.83137
0.61569 0.72157 0.83529
0.61569 0.72157 0.83529
0.61176 0.71765 0.83137
0.61569 0.72157 0.83529
0.61569 0.72157 0.83529
0.61569 0.72157 0.83529
0.61176 0.71765 0.82745
0.61569 0.72157 0.82745
0.63137 0.73333 0.83922
0.63137 0.73333 0.83529
0.63529 0.73333 0.83137
0.63137 0.72941 0.82745
0.63529 0.73333 0.83137
0.63137 0.72549 0.82745
0.63137 0.72549 0.82745
0.63137 0.72549 0.82745
0.63137 0.72549 0.82745
0.63529 0.72941 0.82745
0.63529 0.72941 0.82353
0.63137 0.73333 0.82353
0.61569 0.72157 0.83922
0.61176 0.71765 0.83137
0.61569 0.72157 0.83529
0.61569 0.72157 0.83529
0.61569 0.72157 0.83529
0.60784 0.71373 0.82745
0.61569 0.72157 0.83529
0.61569 0.72157 0.83137
0.61961 0.72549 0.83137
0.62745 0.72941 0.83529
0.63137 0.73333 0.83529
0.63529 0.72941 0.83137
0.63529 0.72941 0.83137
0.63529 0.72941 0.83137
0.63529 0.72941 0.83137
0.62745 0.72157 0.82353
0.62745 0.72157 0.82353
0.63137 0.72549 0.82745
0.63529 0.72941 0.82745
0.63529 0.72941 0.82353
0.63529 0.73333 0.82353
0.63529 0.72941 0.82353
0.61176 0.71765 0.83529
0.61176 0.71765 0.83137
0.61569 0.72157 0.83529
0.61176 0.71765 0.83137
0.61176 0.71765 0.83137
0.61569 0.72157 0.83529
0.62353 0.72941 0.84314
0.61961 0.72549 0.83529
0.61569 0.72157 0.82745
0.61961 0.72157 0.82353
0.62745 0.72941 0.83137
0.63529 0.73333 0.83529
0.63137 0.73333 0.83137
0.63529 0.73333 0.83137
0.63137 0.73333 0.83137
0.63529 0.73333 0.83529
0.63137 0.72941 0.82745
0.63922 0.73333 0.82745
0.64314 0.73725 0.83137
0.63922 0.73333 0.82745
0.63529 0.72941 0.82353
0.63529 0.72941 0.82353
0.63922 0.72941 0.82353
0.61569 0.72157 0.83922
0.61569 0.72157 0.83529
0.61961 0.72549 0.83922
0.61961 0.72549 0.83922
0.61176 0.71765 0.83137
0.61961 0.72549 0.83922
0.62745 0.73333 0.84706
0.61961 0.72157 0.83529
0.62353 0.72941 0.83529
0.62353 0.72549 0.82745
0.63137 0.73333 0.82745
0.63529 0.73725 0.83529
0.62353 0.72549 0.82353
0.62745 0.72941 0.82745
0.63137 0.73333 0.83137
0.63529 0.73725 0.83529
0.63137 0.73333 0.83137
0.63529 0.72941 0.82745
0.63922 0.73333 0.82745
0.63922 0.73333 0.82745
0.63922 0.73333 0.82745
0.63529 0.72941 0.82353
0.63529 0.72941 0.82353
0.63529 0.72549 0.81961
0.63922 0.72549 0.81961
0.61569 0.72157 0.83922
0.61961 0.72549 0.83922
0.61961 0.72549 0.83922
0.61176 0.71765 0.83137
0.61569 0.72157 0.83529
0.61961 0.72549 0.84314
0.61961 0.72549 0.83529
0.62353 0.72941 0.83529
0.62353 0.72549 0.82353
0.62353 0.72549 0.82353
0.63137 0.73333 0.83137
0.63137 0.73333 0.83137
0.63137 0.73333 0.83137
0.62353 0.72549 0.82353
0.62353 0.72549 0.82353
0.62745 0.72941 0.82745
0.63529 0.72941 0.82353
0.63529 0.72941 0.82353
0.63922 0.73333 0.82745
0.63529 0.72941 0.82353
0.63529 0.72941 0.82353
0.63922 0.73333 0.82745
0.63529 0.73333 0.82353
0.63529 0.72941 0.82353
0.64314 0.72941 0.81961
0.61176 0.72157 0.83529
0.60392 0.71765 0.82745
0.60784 0.72157 0.83529
0.61176 0.72157 0.83137
0.61569 0.72157 0.83137
0.61961 0.72549 0.83922
0.61569 0.72157 0.83529
0.61569 0.72157 0.83137
0.61961 0.72549 0.83137
0.62353 0.72941 0.83922
0.62353 0.72941 0.83137
0.62745 0.72941 0.82745
0.63137 0.73333 0.83137
0.63137 0.73333 0.83137
0.62745 0.72941 0.82745
0.62353 0.72549 0.82745
0.62353 0.72549 0.82745
0.63137 0.72549 0.83137
0.63137 0.72941 0.83137
0.63922 0.73333 0.83137
0.63529 0.72941 0.81961
0.63529 0.72941 0.82353
0.63529 0.72941 0.82353
0.63922 0.73333 0.82745
0.63529 0.73333 0.82353
0.63137 0.73333 0.81961
0.63922 0.73333 0.81961
0.60784 0.72157 0.83137
0.60392 0.72157 0.83137
0.60784 0.72549 0.83529
0.61176 0.72157 0.83137
0.61569 0.72157 0.82745
0.61569 0.72549 0.83529
0.61961 0.72549 0.83529
0.61569 0.72157 0.82745
0.62353 0.72157 0.83529
0.62353 0.72157 0.83529
0.62353 0.72549 0.83137
0.63137 0.73333 0.83137
0.63137 0.73333 0.83137
0.62745 0.72549 0.82745
0.63137 0.72941 0.83137
0.63137 0.73333 0.83529
0.63529 0.73333 0.83529
0.63137 0.72549 0.83137
0.63922 0.73333 0.83529
0.63922 0.73333 0.83137
0.63922 0.73333 0.82745
0.63529 0.72941 0.82353
0.63529 0.72941 0.82353
0.63529 0.72941 0.82353
0.63137 0.73333 0.81961
0.63137 0.73333 0.81569
0.64314 0.72941 0.81961
0.60392 0.72157 0.83137
0.60784 0.72549 0.83529
0.61176 0.72549 0.83137
0.61569 0.72157 0.82745
0.60784 0.72549 0.82745
0.61961 0.72941 0.83529
0.62745 0.72549 0.84314
0.62353 0.71765 0.83922
0.63137 0.72941 0.84314
0.62353 0.72157 0.82745
0.62745 0.72549 0.82353
0.63137 0.72549 0.82745
0.63137 0.72549 0.82745
0.63529 0.73333 0.83137
0.63137 0.73333 0.83137
0.63529 0.72941 0.83137
0.63137 0.72549 0.82745
0.63529 0.73333 0.82353
0.63529 0.72941 0.82745
0.63922 0.73333 0.83529
0.63922 0.73333 0.83137
0.63922 0.73333 0.82745
0.63137 0.72549 0.81961
0.63529 0.73725 0.82353
0.63922 0.74118 0.82353
0.64314 0.73333 0.82353
0.61176 0.72549 0.83529
0.61569 0.72941 0.83922
0.61176 0.72157 0.83137
0.61176 0.71765 0.82745
0.61176 0.72549 0.82745
0.61961 0.72941 0.83922
0.62353 0.72157 0.83529
0.63137 0.72157 0.83922
0.63529 0.72549 0.84314
0.63137 0.72549 0.83529
0.63137 0.72549 0.83137
0.63137 0.72549 0.83137
0.63529 0.72941 0.83137
0.63529 0.73333 0.82745
0.63529 0.73333 0.82353
0.63137 0.72941 0.82353
0.63529 0.72941 0.82353
0.63529 0.72941 0.82353
0.64314 0.73333 0.82745
0.64314 0.73725 0.83529
0.64314 0.73333 0.83137
0.63529 0.72941 0.82353
0.63529 0.72941 0.82353
0.63137 0.73333 0.81961
0.63529 0.73333 0.82353
0.63922 0.73333 0.81961
0.63137 0.72549 0.83529
0.63529 0.72941 0.83922
0.63137 0.72549 0.83529
0.63529 0.72941 0.83922
0.63529 0.72941 0.83137
0.63529 0.72941 0.82353
0.64314 0.73333 0.82745
0.63922 0.73333 0.82745
0.63529 0.72941 0.82353
0.64314 0.73333 0.82745
0.64706 0.72941 0.82353
0.64706 0.73333 0.82353
0.64706 0.73333 0.82745
0.63922 0.72941 0.82353
0.63922 0.73725 0.82745
0.63529 0.73333 0.82745
0.63529 0.72941 0.82353
0.63529 0.72941 0.83922
0.63529 0.72941 0.83922
0.63137 0.72549 0.83529
0.63529 0.72941 0.83922
0.63529 0.72941 0.83137
0.63922 0.73333 0.82745
0.64314 0.73725 0.83137
0.63922 0.73333 0.82745
0.63137 0.72549 0.81961
0.64314 0.73333 0.82745
0.65098 0.73725 0.83137
0.64706 0.73333 0.82745
0.64706 0.73333 0.82745
0.63529 0.72549 0.81961
0.63922 0.73725 0.82745
0.63529 0.73333 0.82353
0.63922 0.73333 0.82745
