0.87059 0.78431 0.69412
0.87059 0.78431 0.6902
0.86275 0.77647 0.68235
0.86667 0.78039 0.68235
0.86667 0.78039 0.6902
0.86275 0.77647 0.68627
0.87843 0.78824 0.69804
0.85882 0.77255 0.67843
0.87843 0.79216 0.69804
0.84706 0.76471 0.66275
0.86275 0.77647 0.67843
0.86275 0.77647 0.68627
0.86275 0.77647 0.68627
0.86667 0.78039 0.68627
0.87451 0.78824 0.69412
0.87059 0.78824 0.6902
0.87059 0.78824 0.68627
0.8902 0.80784 0.70588
0.87059 0.78824 0.6902
0.86667 0.78039 0.68627
0.85882 0.77255 0.67843
0.86667 0.78431 0.68235
0.86667 0.78431 0.68235
0.87843 0.8 0.69412
0.87843 0.8 0.69412
0.86275 0.78431 0.68627
0.85882 0.78039 0.68235
0.86667 0.78824 0.6902
0.86667 0.78824 0.68627
0.86667 0.78824 0.68235
0.87843 0.8 0.69412
0.87059 0.79216 0.6902
0.86275 0.78824 0.6902
0.87059 0.79608 0.69412
0.86275 0.79216 0.6902
