0.25098 0.37255 0.5098
0.2549 0.38039 0.52157
0.25882 0.38431 0.52157
0.25098 0.37647 0.51765
0.24706 0.37255 0.5098
0.24706 0.37255 0.5098
0.23922 0.36863 0.50588
0.24706 0.37255 0.5098
0.25098 0.37647 0.51765
0.25098 0.38039 0.51765
0.24706 0.38039 0.51765
0.23922 0.37255 0.5098
0.24706 0.37647 0.51373
0.25098 0.38039 0.51765
0.2549 0.38039 0.51765
0.24706 0.38039 0.51373
0.23922 0.37255 0.50588
0.24314 0.37255 0.5098
0.25098 0.38039 0.51765
0.23922 0.36863 0.50588
0.24314 0.37255 0.5098
0.25098 0.37647 0.51373
0.24706 0.36863 0.5098
0.24314 0.36863 0.50588
0.25882 0.38039 0.51765
