0.59216 0.66667 0.76078
0.60392 0.67451 0.76863
0.60392 0.67451 0.76863
0.57647 0.65882 0.75294
0.59216 0.66667 0.76078
0.60784 0.67451 0.76863
0.60392 0.67451 0.76863
0.59608 0.66667 0.76078
0.59216 0.66667 0.75686
0.58824 0.66667 0.76078
0.57647 0.66667 0.76078
0.58039 0.66275 0.75686
0.6 0.67451 0.76471
0.60784 0.67843 0.76471
0.60392 0.67451 0.76078
0.59608 0.67451 0.76078
0.59216 0.67059 0.75686
0.58039 0.65882 0.75294
0.58431 0.66275 0.75686
0.58824 0.66667 0.76078
0.57647 0.66667 0.76078
0.57647 0.66275 0.75686
0.58431 0.66667 0.76078
0.59608 0.67059 0.76471
0.60392 0.67451 0.76078
0.6 0.67059 0.75294
0.59216 0.67451 0.75686
0.58824 0.67059 0.75686
0.58431 0.66275 0.75686
0.58039 0.65882 0.75294
0.58431 0.66275 0.75294
0.59216 0.66275 0.75294
0.57255 0.66667 0.75686
0.58824 0.67451 0.76471
0.58431 0.66667 0.76078
0.58824 0.66667 0.76471
0.6 0.67451 0.76471
0.6 0.67059 0.75686
0.6 0.67059 0.75686
0.59216 0.67059 0.75686
0.58824 0.67059 0.75686
0.58824 0.66667 0.76078
0.57647 0.6549 0.74902
0.58039 0.65882 0.75294
0.59216 0.66667 0.75294
0.59608 0.66667 0.75294
0.58039 0.67059 0.76078
0.58824 0.67059 0.76078
0.58824 0.67059 0.75686
0.59216 0.67451 0.76078
0.59608 0.67451 0.76078
0.59216 0.67059 0.75294
0.6 0.67843 0.76078
0.6 0.68235 0.76078
0.59216 0.67843 0.75294
0.58431 0.67059 0.74902
0.58431 0.66667 0.75294
0.58431 0.66667 0.75686
0.58824 0.67059 0.74902
0.59216 0.66667 0.7451
0.57647 0.66275 0.75686
0.59216 0.67451 0.76863
0.59608 0.67451 0.76471
0.59608 0.67843 0.76078
0.59216 0.67451 0.75686
0.59608 0.67451 0.75686
0.59216 0.67451 0.75686
0.6 0.67843 0.75686
0.59216 0.67451 0.74902
0.58824 0.67059 0.7451
0.58431 0.66667 0.74902
0.58824 0.66667 0.75686
0.58431 0.66667 0.7451
0.58824 0.66667 0.7451
0.59216 0.66667 0.7451
0.56863 0.66275 0.75686
0.57647 0.66667 0.75686
0.59216 0.67059 0.76471
0.60392 0.67843 0.76863
0.6 0.67059 0.75686
0.59608 0.66667 0.75294
0.60392 0.67451 0.76078
0.6 0.67059 0.75686
0.60392 0.67451 0.75686
0.6 0.67059 0.74902
0.59216 0.67059 0.74902
0.59216 0.67059 0.75294
0.58824 0.66275 0.75686
0.59216 0.65882 0.74902
0.59216 0.67059 0.75294
0.58824 0.67059 0.75294
0.58824 0.67059 0.75294
0.56471 0.65882 0.76078
0.57647 0.65882 0.75686
0.59216 0.67451 0.76471
0.59608 0.67059 0.76078
0.6 0.66667 0.75686
0.6 0.67059 0.76078
0.60392 0.67059 0.76078
0.6 0.67059 0.75686
0.61176 0.67843 0.76471
0.60784 0.67451 0.76078
0.59608 0.67059 0.75686
0.59608 0.67059 0.76078
0.59216 0.66667 0.76078
0.59216 0.66667 0.75294
0.59608 0.67451 0.75686
0.58039 0.66667 0.74902
0.58039 0.66275 0.76471
0.59216 0.67059 0.76471
0.6 0.67451 0.76471
0.60392 0.67451 0.76863
0.6 0.67059 0.76471
0.60392 0.67451 0.76471
0.60392 0.67451 0.76078
0.60392 0.66667 0.75686
0.60392 0.66667 0.76078
0.60392 0.67059 0.76863
0.6 0.66667 0.76078
0.59608 0.66275 0.75686
0.58824 0.67059 0.75294
0.58824 0.67451 0.75294
0.58824 0.67059 0.75294
0.58039 0.66667 0.76471
0.59216 0.67059 0.76471
0.6 0.67451 0.76471
0.60392 0.67451 0.76863
0.6 0.66667 0.76078
0.60392 0.67451 0.76471
0.59608 0.66667 0.75294
0.60392 0.66667 0.75686
0.6 0.66667 0.75686
0.59216 0.66667 0.76078
0.58824 0.66275 0.75686
0.59216 0.66667 0.75686
0.58431 0.66667 0.74902
0.58824 0.67059 0.75294
0.59216 0.67451 0.75686
0.58824 0.67059 0.75294
0.58039 0.67059 0.76863
0.59216 0.67059 0.76471
0.59608 0.67451 0.76471
0.59608 0.67059 0.76471
0.59608 0.67059 0.76471
0.59608 0.67059 0.76078
0.59608 0.66667 0.75294
0.60392 0.67059 0.75686
0.6 0.67059 0.75686
0.58431 0.67059 0.76078
0.58431 0.66667 0.76078
0.58431 0.66667 0.75686
0.58824 0.66667 0.75294
0.58824 0.66667 0.75294
0.59216 0.67059 0.75294
0.59216 0.67059 0.74902
0.58824 0.66667 0.7451
0.58824 0.67451 0.76863
0.59216 0.67451 0.76863
0.58824 0.66275 0.75686
0.59216 0.67059 0.76471
0.6 0.67451 0.76863
0.6 0.67059 0.75686
0.6 0.67059 0.75686
0.6 0.67059 0.76078
0.58824 0.66667 0.76078
0.58824 0.66667 0.76078
0.58824 0.66667 0.76078
0.59608 0.66667 0.75294
0.59608 0.66667 0.75294
0.59608 0.66667 0.75294
0.59608 0.66667 0.7451
0.59216 0.66275 0.74118
0.58039 0.67451 0.77255
0.58824 0.67451 0.76863
0.59216 0.67451 0.76863
0.58824 0.66667 0.76078
0.59216 0.67059 0.76863
0.6 0.67451 0.76471
0.60392 0.67451 0.76078
0.60392 0.67451 0.76078
0.6 0.67059 0.75686
0.58431 0.66275 0.75686
0.59216 0.67059 0.76471
0.59216 0.67059 0.76471
0.59608 0.66667 0.75686
0.59608 0.66667 0.75294
0.6 0.67059 0.75686
0.6 0.67059 0.74902
0.6 0.67059 0.74902
0.59216 0.66275 0.74902
0.58824 0.66667 0.74902
0.59216 0.67451 0.76863
0.59216 0.67059 0.76471
0.58824 0.66667 0.76078
0.58824 0.66667 0.76078
0.59608 0.67059 0.76471
0.60392 0.67451 0.76471
0.60392 0.67451 0.76078
0.59216 0.66667 0.75294
0.58431 0.66275 0.75686
0.59216 0.67059 0.76471
0.59216 0.67059 0.76078
0.6 0.67059 0.75686
0.6 0.67059 0.75686
0.59608 0.66667 0.75294
0.59608 0.67059 0.74902
0.59608 0.66667 0.74902
0.59216 0.66667 0.74902
0.59216 0.67059 0.76863
0.59608 0.67451 0.76863
0.59216 0.67059 0.76471
0.58431 0.66275 0.75686
0.59608 0.67451 0.76863
0.59608 0.67451 0.76863
0.58824 0.67059 0.75686
0.59216 0.67451 0.75686
0.59216 0.67451 0.75686
0.6 0.67843 0.75686
0.60392 0.67451 0.75294
0.60392 0.67451 0.75294
0.6 0.67451 0.75294
0.59216 0.67451 0.74902
0.58431 0.66667 0.74902
0.58431 0.66667 0.74902
0.58039 0.66275 0.7451
0.58039 0.66275 0.76471
0.59216 0.67059 0.76863
0.59216 0.67059 0.76471
0.58824 0.66667 0.76078
0.58824 0.66667 0.76078
0.59608 0.67451 0.76863
0.6 0.67843 0.77255
0.58824 0.67059 0.75686
0.59216 0.67451 0.75686
0.59216 0.67451 0.75686
0.59608 0.67059 0.75294
0.60392 0.67451 0.75294
0.60392 0.67451 0.75294
0.59608 0.67059 0.7451
0.58431 0.67059 0.74118
0.59216 0.67059 0.75294
0.58824 0.66667 0.74902
0.58824 0.66667 0.74902
0.58824 0.66275 0.74902
0.59216 0.67059 0.76863
0.59216 0.67059 0.76863
0.58824 0.66667 0.76078
0.58431 0.66275 0.75686
0.58824 0.66667 0.76078
0.59216 0.67059 0.76471
0.58824 0.67059 0.75686
0.59608 0.67843 0.76078
0.59608 0.67843 0.76078
0.59608 0.67451 0.75294
0.60784 0.67843 0.75686
0.6 0.67059 0.74902
0.59608 0.67059 0.7451
0.59216 0.67451 0.74902
0.59608 0.67059 0.75294
0.59608 0.66667 0.75294
0.59216 0.66275 0.74902
0.58824 0.65882 0.7451
0.58824 0.67451 0.76863
0.59216 0.67451 0.76863
0.59216 0.67059 0.76863
0.58824 0.66667 0.76078
0.59216 0.67059 0.76471
0.59216 0.67059 0.76471
0.59216 0.67451 0.76078
0.59608 0.67451 0.75686
0.60392 0.67451 0.75294
0.60392 0.67451 0.75294
0.60784 0.67843 0.75686
0.6 0.67059 0.75686
0.59608 0.66667 0.75294
0.6 0.67451 0.75686
0.6 0.67059 0.75686
0.59216 0.66275 0.74902
0.59608 0.66667 0.75294
0.59216 0.66275 0.74902
0.59216 0.66275 0.74902
0.59216 0.66275 0.74902
0.58039 0.66667 0.76078
0.58824 0.67059 0.76471
0.59216 0.67451 0.76863
0.58824 0.67059 0.76471
0.58824 0.67059 0.76078
0.59608 0.67451 0.76863
0.59608 0.67843 0.76471
0.59608 0.67843 0.76078
0.60784 0.67843 0.76078
0.60392 0.67451 0.75294
0.6 0.67059 0.75294
0.6 0.67059 0.75294
0.59608 0.66667 0.74902
0.60392 0.67451 0.75686
0.59608 0.66667 0.75294
0.59608 0.66667 0.74902
0.59608 0.66667 0.74902
0.59216 0.66275 0.74902
0.59216 0.66667 0.74902
0.58431 0.65882 0.7451
0.58039 0.66667 0.76078
0.58824 0.67451 0.76863
0.59608 0.68235 0.77647
0.58431 0.67059 0.76078
0.58431 0.67059 0.76078
0.59608 0.67451 0.76863
0.59608 0.67843 0.76471
0.58824 0.67059 0.75294
0.6 0.67451 0.76078
0.60392 0.67451 0.76078
0.60392 0.67451 0.76078
0.6 0.67059 0.74902
0.6 0.67059 0.74902
0.6 0.67059 0.74902
0.59608 0.66667 0.7451
0.59216 0.66275 0.74118
0.59216 0.66275 0.73725
0.58824 0.66667 0.7451
0.58039 0.66667 0.74902
0.58039 0.66275 0.7451
0.58039 0.66275 0.7451
0.57255 0.66667 0.76078
0.58824 0.67451 0.76863
0.58431 0.67059 0.76471
0.58824 0.67451 0.76471
0.59608 0.67843 0.76863
0.59608 0.67451 0.76863
0.6 0.68235 0.76863
0.59216 0.67059 0.75294
0.6 0.67059 0.75686
0.60392 0.67451 0.76078
0.60392 0.67451 0.76078
0.6 0.67059 0.76078
0.59608 0.66667 0.75294
0.59608 0.66667 0.7451
0.6 0.67059 0.75294
0.59608 0.66667 0.75294
0.59216 0.66275 0.74902
0.58824 0.66667 0.74902
0.58039 0.66275 0.7451
0.58431 0.66667 0.74902
0.58039 0.66275 0.7451
0.57647 0.67059 0.76471
0.58431 0.67451 0.76863
0.58431 0.67059 0.76078
0.58824 0.67451 0.76471
0.59216 0.67451 0.76471
0.59216 0.66667 0.76471
0.59216 0.67451 0.76078
0.59216 0.67451 0.75686
0.60392 0.67451 0.76078
0.60392 0.67451 0.76078
0.6 0.67059 0.75686
0.59608 0.67059 0.76471
0.59608 0.66667 0.75686
0.6 0.67059 0.75294
0.60392 0.67451 0.75686
0.59608 0.66667 0.75294
0.59608 0.66667 0.75294
0.59216 0.67059 0.75294
0.58039 0.66275 0.7451
0.57647 0.65882 0.74118
0.58431 0.66667 0.74902
0.58431 0.66667 0.74118
0.57647 0.67059 0.76471
0.58824 0.67843 0.77255
0.58824 0.67451 0.76863
0.58824 0.67451 0.76863
0.59216 0.67451 0.76471
0.59216 0.67059 0.76471
0.59608 0.67843 0.76078
0.59608 0.67843 0.76078
0.6 0.67059 0.75686
0.60784 0.67843 0.76471
0.60392 0.67451 0.76471
0.58824 0.66667 0.76078
0.58824 0.67059 0.75686
0.59216 0.67451 0.75294
0.59608 0.67059 0.75294
0.59608 0.66667 0.75294
0.59608 0.66667 0.75294
0.59216 0.67059 0.75294
0.58039 0.66275 0.7451
0.58039 0.66275 0.7451
0.58039 0.66275 0.74118
0.58039 0.66667 0.73725
0.58431 0.66667 0.74902
0.58431 0.66667 0.74902
0.58039 0.67451 0.76471
0.58824 0.67451 0.76863
0.59216 0.67059 0.76471
0.59216 0.67843 0.76863
0.58824 0.67451 0.76471
0.59608 0.67059 0.76471
0.6 0.67843 0.76863
0.6 0.67843 0.76471
0.60392 0.68235 0.76471
0.60392 0.67843 0.76471
0.6 0.67843 0.76078
0.58431 0.66667 0.75294
0.59216 0.67059 0.75294
0.6 0.67843 0.75686
0.6 0.67059 0.75294
0.59608 0.66667 0.74902
0.6 0.67059 0.75294
0.6 0.67059 0.75294
0.59216 0.66667 0.75294
0.58431 0.66275 0.7451
0.58431 0.66275 0.74118
0.58431 0.65882 0.73333
0.58431 0.66275 0.74118
0.58431 0.67059 0.76471
0.58824 0.66667 0.76078
0.59216 0.67059 0.76078
0.58824 0.67451 0.76471
0.59216 0.67451 0.76863
0.59608 0.67451 0.76863
0.6 0.67843 0.77255
0.59216 0.67059 0.76471
0.59608 0.67843 0.76078
0.59216 0.67451 0.75686
0.58824 0.67059 0.75294
0.58824 0.67451 0.75686
0.59608 0.67451 0.75294
0.60392 0.67451 0.75294
0.60392 0.67451 0.75294
0.59608 0.66667 0.7451
0.59216 0.66275 0.74118
0.59216 0.66275 0.74118
0.59608 0.66667 0.75294
0.59608 0.66667 0.75294
0.59608 0.66667 0.7451
0.59216 0.66275 0.74118
0.58431 0.66275 0.73725
0.58824 0.67451 0.76471
0.60392 0.67451 0.76863
0.60392 0.67451 0.76863
0.59608 0.67451 0.76863
0.58824 0.66667 0.76078
0.59216 0.67059 0.76471
0.59608 0.67451 0.76863
0.58824 0.67059 0.76078
0.59216 0.67451 0.75686
0.59608 0.68235 0.76471
0.59216 0.67451 0.75686
0.59216 0.67843 0.76078
0.59608 0.67451 0.75686
0.6 0.67059 0.74902
0.60392 0.67451 0.75294
0.59608 0.66667 0.7451
0.59608 0.66667 0.7451
0.59608 0.66667 0.7451
0.59216 0.66275 0.74902
0.59608 0.66667 0.75294
0.59216 0.66275 0.74118
0.59216 0.65882 0.74118
0.58431 0.66275 0.74118
0.58039 0.66667 0.74118
0.58039 0.66275 0.7451
0.58824 0.67059 0.76471
0.60392 0.67843 0.77255
0.60784 0.68235 0.77647
0.59608 0.67451 0.76471
0.58824 0.67059 0.76078
0.59216 0.67451 0.76863
0.6 0.67843 0.77255
0.59608 0.67451 0.76471
0.6 0.67843 0.76078
0.6 0.68235 0.76471
0.6 0.67843 0.76078
0.6 0.67843 0.76078
0.59216 0.66667 0.75294
0.6 0.67059 0.74902
0.60392 0.67451 0.75294
0.60392 0.67451 0.75294
0.6 0.67059 0.74902
0.6 0.67059 0.75294
0.59608 0.66667 0.75294
0.59608 0.66667 0.74902
0.58431 0.6549 0.73333
0.57647 0.65882 0.74118
0.58824 0.67451 0.76863
0.59608 0.67843 0.77255
0.6 0.67843 0.77255
0.6 0.68235 0.76078
0.59608 0.68235 0.76471
0.59216 0.67451 0.76863
0.59608 0.67451 0.76863
0.6 0.67059 0.76078
0.60784 0.67843 0.76471
0.60784 0.67843 0.76471
0.60392 0.67451 0.76078
0.60392 0.67451 0.75686
0.6 0.67059 0.75294
0.60392 0.67451 0.75686
0.60392 0.67451 0.75294
0.59608 0.66667 0.75294
0.59608 0.66667 0.75294
0.59216 0.66275 0.74902
0.58431 0.67059 0.76078
0.59608 0.67451 0.76863
0.6 0.67843 0.77255
0.6 0.68235 0.76471
0.59608 0.68235 0.76471
0.59216 0.67451 0.76863
0.59608 0.67059 0.76863
0.60392 0.67451 0.76471
0.60784 0.67843 0.76078
0.60784 0.67843 0.76078
0.60784 0.67843 0.76078
0.60392 0.67451 0.75294
0.6 0.66667 0.75294
0.59608 0.66667 0.75294
0.58824 0.65882 0.7451
0.58431 0.67059 0.76078
0.59216 0.67451 0.76471
0.59216 0.67059 0.76471
0.6 0.68235 0.76471
0.60392 0.68627 0.77255
0.59608 0.67843 0.77255
0.6 0.67843 0.76863
0.60392 0.67451 0.76471
0.58039 0.67451 0.76471
0.58431 0.67059 0.76078
0.58824 0.67451 0.76863
0.58824 0.67059 0.76471
0.60392 0.67451 0.76863
0.60784 0.68235 0.76471
0.6 0.68235 0.76471
0.57647 0.67451 0.76471
0.58431 0.67059 0.76078
0.58824 0.67451 0.76863
0.59216 0.67451 0.76863
0.60784 0.67843 0.77255
0.58824 0.67843 0.76471
0.58824 0.67451 0.76863
0.59608 0.67843 0.77255
0.60392 0.67843 0.77255
0.58824 0.67451 0.76863
0.58431 0.67059 0.76471
