0.73333 0.67843 0.57647
0.73725 0.67843 0.57647
0.7451 0.67843 0.58431
0.72941 0.67059 0.58431
0.73333 0.67451 0.58039
0.73725 0.68235 0.58039
0.74118 0.68235 0.58039
0.7451 0.67843 0.58431
0.7451 0.67451 0.58039
0.73333 0.67059 0.57647
0.72157 0.66275 0.58039
0.72549 0.66275 0.58039
0.72549 0.66667 0.58431
0.72941 0.67059 0.58824
0.73333 0.67451 0.58824
0.73333 0.67451 0.58039
0.73333 0.67843 0.57647
0.74118 0.68235 0.58431
0.7451 0.67843 0.58431
0.7451 0.67451 0.58039
0.73333 0.67059 0.57647
0.71765 0.66275 0.58039
0.72549 0.66275 0.58431
0.72941 0.66275 0.58039
0.72941 0.67059 0.58039
0.72941 0.67451 0.58431
0.73333 0.67451 0.58431
0.73333 0.67451 0.57647
0.74118 0.67843 0.58039
0.7451 0.67843 0.58039
0.73725 0.67451 0.58039
0.73725 0.67451 0.58431
0.72157 0.66275 0.58039
0.72549 0.66275 0.58039
0.72941 0.66667 0.58824
0.72941 0.67059 0.58039
0.73333 0.67059 0.58039
0.73333 0.67451 0.58431
0.73725 0.67451 0.58039
0.73725 0.67451 0.58039
0.74118 0.67843 0.58039
0.73725 0.67843 0.58431
0.73333 0.67059 0.58431
0.72157 0.65882 0.58039
0.71765 0.66275 0.58039
0.72941 0.66667 0.57647
0.73333 0.67059 0.58039
0.73333 0.67059 0.58039
0.73725 0.67451 0.58431
0.73725 0.67451 0.58431
0.74118 0.67843 0.58824
0.74118 0.67843 0.58824
0.73333 0.67059 0.58431
0.72549 0.65882 0.57255
0.72549 0.66667 0.57647
0.72941 0.66667 0.57647
0.72941 0.66667 0.57647
0.72941 0.66667 0.57647
0.73333 0.67059 0.58039
0.73725 0.67451 0.58431
0.74118 0.67843 0.58824
0.74118 0.67843 0.58431
0.72941 0.66667 0.57647
0.72941 0.66667 0.57647
0.72941 0.66667 0.57647
0.72941 0.66667 0.57647
0.73333 0.67059 0.58039
0.73725 0.67451 0.58431
0.73725 0.67451 0.58431
0.74118 0.67843 0.58824
0.74118 0.67843 0.58824
0.7451 0.68235 0.58824
0.73333 0.67059 0.58039
0.72549 0.66275 0.57255
0.72941 0.66667 0.57647
0.72941 0.66667 0.57647
0.73333 0.67059 0.58039
0.73725 0.67451 0.58431
0.73725 0.67451 0.58431
0.74118 0.67843 0.58824
0.74118 0.67843 0.58824
0.74118 0.67843 0.58431
0.73725 0.67451 0.58431
0.72549 0.66667 0.58039
0.72941 0.67059 0.58431
0.73333 0.67451 0.58431
0.73333 0.67451 0.58431
0.74118 0.67843 0.58824
0.74118 0.68235 0.59216
0.74118 0.67843 0.58431
0.72941 0.67059 0.58039
0.73333 0.67451 0.58824
0.73725 0.67843 0.58824
0.74118 0.68235 0.59216
0.74118 0.68235 0.58824
0.72941 0.67451 0.58039
