0.23529 0.32549 0.49412
0.23529 0.32941 0.50196
0.23529 0.33333 0.5098
0.21961 0.31765 0.4902
0.23529 0.32941 0.50196
0.23529 0.32941 0.50196
0.21569 0.32549 0.4902
0.21961 0.31765 0.4902
0.21569 0.3098 0.48235
0.22353 0.31765 0.4902
0.22745 0.32157 0.49412
0.21569 0.32157 0.4902
0.21176 0.31373 0.48627
0.20392 0.30588 0.47451
0.24314 0.31373 0.47451
0.22745 0.31765 0.4902
0.22745 0.32549 0.49804
0.21961 0.32157 0.49412
0.21176 0.31765 0.48627
0.2 0.30196 0.47059
0.21176 0.30588 0.47451
0.25098 0.32941 0.48627
0.23529 0.32941 0.49804
0.22745 0.32549 0.50196
0.21176 0.30588 0.49804
0.21961 0.31373 0.49804
0.21176 0.30588 0.48235
0.20392 0.30196 0.47059
0.21176 0.3098 0.47451
0.22745 0.3098 0.46275
0.23137 0.32549 0.49412
0.23137 0.32549 0.49804
0.22353 0.31765 0.50196
0.20784 0.30196 0.48627
0.2 0.2902 0.47059
0.20392 0.29804 0.46667
0.20392 0.29804 0.46275
0.19608 0.2902 0.46275
0.22745 0.30588 0.45882
0.23529 0.32941 0.50196
0.23529 0.32941 0.50196
0.23529 0.33333 0.50196
0.20392 0.30196 0.47843
0.21176 0.30588 0.48627
0.21176 0.30588 0.47451
0.20784 0.30196 0.46667
0.2 0.29412 0.46667
0.19216 0.28627 0.45882
0.21961 0.29804 0.4549
0.22353 0.32157 0.50196
0.22353 0.32549 0.5098
0.22353 0.32549 0.50588
0.21176 0.3098 0.4902
0.21961 0.31373 0.4902
0.20392 0.29804 0.47059
0.20392 0.30196 0.46275
0.20784 0.30196 0.46275
0.19608 0.28235 0.45098
0.23922 0.3098 0.47059
0.23137 0.32157 0.50588
0.22745 0.32549 0.51373
0.22745 0.32157 0.5098
0.21569 0.3098 0.49412
0.21176 0.30196 0.48235
0.20784 0.30196 0.47451
0.20784 0.30588 0.46667
0.20392 0.29804 0.46275
0.2 0.28627 0.45098
0.20392 0.2902 0.4549
0.27843 0.34118 0.50196
0.23529 0.32157 0.50588
0.22745 0.31765 0.5098
0.22745 0.31765 0.5098
0.21961 0.3098 0.49412
0.21176 0.30588 0.48235
0.21176 0.30588 0.47451
0.20784 0.30588 0.46667
0.20784 0.30196 0.46667
0.20784 0.29412 0.45882
0.18824 0.27451 0.44314
0.18431 0.28235 0.44314
0.24706 0.31765 0.47843
0.23922 0.32549 0.49804
0.23922 0.32941 0.50588
0.22745 0.31765 0.50196
0.21569 0.30588 0.4902
0.20784 0.30196 0.47843
0.20392 0.29804 0.46667
0.20784 0.30196 0.46667
0.20784 0.29804 0.46275
0.21176 0.30196 0.46667
0.19216 0.28235 0.44706
0.19216 0.2902 0.45098
0.22745 0.30196 0.45882
0.23922 0.32941 0.49412
0.23137 0.32549 0.49412
0.21961 0.31373 0.4902
0.21176 0.30588 0.48627
0.20784 0.30196 0.48235
0.20392 0.29804 0.46667
0.20392 0.29804 0.46275
0.20784 0.29804 0.46275
0.2 0.2902 0.4549
0.18824 0.27843 0.44314
0.18431 0.28235 0.44314
0.22745 0.29804 0.45098
0.23529 0.32157 0.48627
0.23529 0.32549 0.49804
0.23137 0.32549 0.50196
0.20784 0.30196 0.48627
0.20784 0.30196 0.47843
0.21176 0.30588 0.47451
0.20392 0.29804 0.45882
0.21176 0.30196 0.46667
0.19608 0.28235 0.44706
0.19216 0.28235 0.44706
0.22353 0.29412 0.44706
0.24314 0.32549 0.48627
0.24314 0.32941 0.49804
0.23529 0.32549 0.49412
0.21961 0.31373 0.48627
0.20784 0.30196 0.47843
0.2 0.29412 0.47059
0.2 0.29804 0.46275
0.20784 0.30196 0.47059
0.19608 0.2902 0.4549
0.23137 0.30196 0.4549
0.23922 0.32157 0.48235
0.24314 0.32941 0.4902
0.23137 0.32549 0.4902
0.21569 0.3098 0.47451
0.20784 0.30196 0.47843
0.20392 0.29804 0.47451
0.20784 0.30196 0.47059
0.20392 0.29804 0.47059
0.19216 0.2902 0.4549
0.23529 0.3098 0.4549
0.24706 0.33333 0.49412
0.23137 0.32157 0.48627
0.22353 0.31373 0.48627
0.20784 0.3098 0.47451
0.2 0.30588 0.47843
0.2 0.30196 0.47843
0.20392 0.30588 0.47059
0.20784 0.30196 0.46667
0.24314 0.33333 0.49412
0.23137 0.32157 0.4902
0.21961 0.31373 0.4902
0.21176 0.31373 0.48627
0.20392 0.3098 0.48235
0.2 0.3098 0.47843
0.2 0.30588 0.46667
0.20392 0.30588 0.46667
0.23529 0.32549 0.49412
