0.58824 0.70196 0.82353
0.58431 0.69804 0.82353
0.58824 0.70196 0.82353
0.58039 0.69412 0.81961
0.58431 0.69804 0.81961
0.58431 0.69804 0.81961
0.58431 0.69804 0.82353
0.58431 0.69804 0.82353
0.58431 0.69804 0.81961
0.58431 0.69804 0.82353
0.58824 0.70196 0.82745
0.58824 0.70196 0.82353
0.58431 0.70196 0.82353
0.58824 0.70196 0.82745
0.58824 0.70196 0.82745
0.58824 0.70196 0.82353
0.58431 0.69804 0.81961
0.58039 0.69804 0.81961
0.58431 0.70196 0.81961
0.58824 0.70588 0.81961
0.58431 0.7098 0.81961
0.58431 0.70588 0.81961
