0.71765 0.6549 0.59216
0.70196 0.63922 0.57255
0.70196 0.63137 0.57255
0.63922 0.56078 0.48627
0.59216 0.5451 0.50196
0.7098 0.64706 0.58824
0.7098 0.64706 0.58824
0.69412 0.62745 0.56863
0.73725 0.6549 0.6
0.54118 0.46667 0.41961
0.72549 0.66275 0.6
0.70196 0.63922 0.58039
0.69804 0.63529 0.58431
0.70196 0.63529 0.59608
0.69412 0.62745 0.58431
0.60784 0.55686 0.51765
0.72157 0.65882 0.59216
0.69804 0.63529 0.58431
0.69412 0.63137 0.58431
0.69412 0.63922 0.6
0.70588 0.67843 0.64314
0.59608 0.53333 0.4549
0.70588 0.65098 0.59216
0.68627 0.64314 0.58824
0.67843 0.64706 0.59608
0.36078 0.29804 0.20784
0.67451 0.62353 0.55686
0.72941 0.6902 0.63137
0.43922 0.38824 0.28235
0.6902 0.64706 0.56078
0.60392 0.56863 0.5098
0.62353 0.58039 0.47059
0.63529 0.60784 0.52549
0.63137 0.60392 0.54902
