0.53333 0.6 0.72157
0.54118 0.60784 0.73333
0.53725 0.60392 0.72157
0.54902 0.61176 0.72549
0.56078 0.61961 0.74118
0.54118 0.6 0.72941
0.53333 0.59608 0.72549
0.52941 0.59608 0.71373
0.54118 0.60784 0.72157
0.55686 0.61569 0.73333
0.54118 0.60392 0.72549
0.52549 0.58824 0.71765
0.52157 0.59608 0.72549
0.53725 0.60784 0.72549
0.54902 0.61176 0.72549
0.56078 0.62353 0.72941
0.55294 0.61176 0.71765
0.52549 0.6 0.72549
0.54902 0.61569 0.72941
0.58431 0.63137 0.74118
0.59216 0.63529 0.74118
0.5098 0.59608 0.72549
0.51373 0.59608 0.72549
0.52157 0.59608 0.72549
0.54118 0.6 0.72157
0.59216 0.63529 0.74902
0.61176 0.6549 0.75686
0.5098 0.6 0.72941
0.50588 0.6 0.72157
0.5098 0.59608 0.72549
0.51373 0.59608 0.72157
0.52157 0.59216 0.71765
0.55686 0.61569 0.72549
0.59216 0.64706 0.7451
0.50588 0.59608 0.72157
0.5098 0.6 0.72549
0.51373 0.60392 0.72941
0.50588 0.59608 0.72157
0.5098 0.60392 0.72941
0.51373 0.6 0.72549
0.52157 0.59608 0.72157
0.53725 0.60392 0.72157
0.56078 0.61569 0.72941
0.51373 0.60784 0.72941
0.50588 0.6 0.72549
0.50196 0.6 0.72157
0.51373 0.60392 0.72941
0.51765 0.60784 0.73333
0.51373 0.60392 0.72941
0.51373 0.6 0.72941
0.52549 0.6 0.72549
0.53333 0.59608 0.71373
0.55294 0.61176 0.72157
0.55686 0.61569 0.72157
0.5098 0.60392 0.72941
0.50196 0.6 0.72157
0.50588 0.60392 0.72549
0.5098 0.60784 0.72941
0.51373 0.60392 0.72941
0.51373 0.60392 0.72941
0.51373 0.6 0.72549
0.52549 0.6 0.72549
0.53725 0.60392 0.72157
0.56078 0.61961 0.72941
0.56078 0.61961 0.72941
0.52549 0.59608 0.7098
0.51765 0.59216 0.71373
0.49804 0.6 0.72549
0.50196 0.60392 0.72157
0.51373 0.60784 0.72941
0.51373 0.60392 0.72941
0.5098 0.6 0.72549
0.5098 0.6 0.72549
0.52157 0.61176 0.73725
0.52941 0.61176 0.73333
0.53333 0.61176 0.72941
0.56078 0.62745 0.7451
0.57647 0.63922 0.74902
0.55686 0.62353 0.73333
0.53333 0.6 0.7098
0.52549 0.60392 0.72157
0.50196 0.60392 0.72941
0.50196 0.60392 0.72157
0.5098 0.60392 0.72549
0.50588 0.59608 0.72157
0.50588 0.59608 0.72157
0.51373 0.60392 0.72941
0.5098 0.6 0.72549
0.51373 0.6 0.72157
0.5098 0.6 0.71765
0.53333 0.60784 0.72157
0.55686 0.63137 0.73725
0.56863 0.63922 0.7451
0.5451 0.61569 0.72549
0.52549 0.60392 0.72157
0.52157 0.60392 0.72549
0.51373 0.60392 0.72549
0.5098 0.60392 0.73725
0.50588 0.60392 0.72941
0.50196 0.60392 0.72549
0.51373 0.60784 0.72941
0.5098 0.6 0.72549
0.5098 0.6 0.72549
0.51765 0.60784 0.73333
0.5098 0.6 0.72549
0.5098 0.60392 0.72157
0.50588 0.60392 0.71765
0.51765 0.6 0.71373
0.53333 0.61176 0.71765
0.55294 0.63137 0.73725
0.54118 0.61961 0.72549
0.52157 0.60392 0.72157
0.51765 0.6 0.72549
0.5098 0.6 0.72157
0.5098 0.60392 0.73725
0.50196 0.60392 0.72549
0.50588 0.60784 0.72549
0.5098 0.6 0.72549
0.51765 0.60784 0.73333
0.51373 0.60392 0.72941
0.5098 0.6 0.72549
0.51373 0.60392 0.72941
0.51373 0.60784 0.72941
0.51373 0.60784 0.72941
0.51765 0.60784 0.72549
0.52157 0.60392 0.71765
0.53333 0.61569 0.72549
0.52549 0.60784 0.71765
0.51765 0.59608 0.71765
0.52157 0.60392 0.72549
0.5098 0.60392 0.72549
0.5098 0.60392 0.72549
0.5098 0.60392 0.73725
0.50588 0.60784 0.73333
0.50196 0.60392 0.72549
0.50588 0.6 0.72157
0.5098 0.6 0.72549
0.51373 0.60392 0.72941
0.51765 0.60784 0.73333
0.51373 0.60392 0.72941
0.50588 0.59608 0.72157
0.51765 0.60392 0.72941
0.5098 0.6 0.72157
0.51765 0.6 0.71373
0.52549 0.60784 0.72549
0.52157 0.60392 0.72157
0.51373 0.59608 0.71765
0.51765 0.60392 0.72549
0.51373 0.60392 0.72549
0.50588 0.59608 0.71765
0.5098 0.6 0.72157
0.5098 0.60784 0.73725
0.5098 0.60392 0.73725
0.50588 0.60392 0.72941
0.50588 0.60784 0.72549
0.5098 0.60392 0.72549
0.51373 0.60392 0.72941
0.51373 0.60392 0.72941
0.5098 0.6 0.72549
0.5098 0.6 0.72549
0.5098 0.6 0.72549
0.5098 0.6 0.72157
0.50588 0.59608 0.71765
0.51373 0.6 0.72157
0.52157 0.60392 0.72549
0.52157 0.6 0.72549
0.5098 0.6 0.72157
0.50588 0.59608 0.71765
0.51373 0.59216 0.71765
0.51373 0.59608 0.71765
0.51765 0.60392 0.72549
0.5098 0.60392 0.73725
0.50196 0.59608 0.72941
0.50196 0.59608 0.72941
0.5098 0.60392 0.72941
0.51373 0.60392 0.72549
0.5098 0.60392 0.72549
0.50588 0.60392 0.72549
0.50588 0.59608 0.72157
0.5098 0.59608 0.72549
0.51373 0.60392 0.73333
0.51373 0.60392 0.72941
0.51373 0.6 0.72549
0.52157 0.60392 0.72549
0.52157 0.60392 0.72157
0.52157 0.60392 0.71765
0.51765 0.60392 0.72157
0.51765 0.6 0.72157
0.51765 0.59608 0.72157
0.51765 0.59608 0.71765
0.52157 0.6 0.71765
0.50196 0.59608 0.72941
0.50196 0.59608 0.72941
0.5098 0.6 0.73333
0.51373 0.60392 0.73333
0.5098 0.6 0.72549
0.51373 0.60392 0.72549
0.50588 0.60392 0.72549
0.5098 0.60392 0.72549
0.51373 0.6 0.72941
0.51373 0.60392 0.73725
0.5098 0.6 0.72549
0.51765 0.60784 0.72941
0.52549 0.60784 0.72941
0.52157 0.6 0.72157
0.51373 0.59608 0.7098
0.52157 0.60392 0.72549
0.52157 0.60392 0.72549
0.51765 0.6 0.72157
0.52157 0.6 0.71765
0.52157 0.59608 0.71373
0.52549 0.6 0.71765
0.50196 0.59608 0.72941
0.5098 0.60392 0.73725
0.5098 0.60392 0.73725
0.51373 0.60392 0.73333
0.51373 0.60392 0.72941
0.5098 0.6 0.72157
0.5098 0.6 0.72157
0.51373 0.60784 0.72941
0.51373 0.61176 0.73333
0.51373 0.60392 0.73725
0.50588 0.59608 0.72549
0.51373 0.60392 0.72549
0.52157 0.60392 0.72549
0.51765 0.6 0.72157
0.51765 0.6 0.71373
0.52549 0.60784 0.72157
0.52157 0.60392 0.72157
0.52941 0.61176 0.72549
0.52549 0.60784 0.72157
0.51765 0.6 0.71373
0.51765 0.6 0.71373
0.52157 0.60392 0.71765
0.5098 0.60392 0.73725
0.5098 0.6 0.73725
0.51765 0.60784 0.74118
0.51373 0.60392 0.73333
0.51373 0.6 0.72549
0.51373 0.60392 0.72549
0.51765 0.61176 0.73333
0.5098 0.60784 0.72941
0.51373 0.60392 0.73333
0.51373 0.60392 0.72941
0.51373 0.60392 0.72941
0.52157 0.60784 0.72941
0.51373 0.6 0.72157
0.51373 0.6 0.71373
0.52549 0.60784 0.72549
0.52157 0.60392 0.72157
0.51765 0.6 0.71373
0.52157 0.60392 0.71765
0.52157 0.60392 0.71765
0.51765 0.6 0.71373
0.51765 0.6 0.71373
0.51765 0.59608 0.7098
0.51765 0.59608 0.7098
0.51373 0.60392 0.73725
0.51765 0.60784 0.74118
0.5098 0.6 0.72941
0.5098 0.6 0.72549
0.51373 0.60392 0.72941
0.51765 0.60784 0.73333
0.51373 0.60392 0.72941
0.51373 0.60392 0.72941
0.51373 0.60392 0.72941
0.51373 0.60392 0.72941
0.51765 0.60784 0.72941
0.51373 0.60784 0.72941
0.51373 0.60392 0.72549
0.52549 0.61176 0.73333
0.52549 0.60784 0.72941
0.52549 0.60784 0.72157
0.52549 0.60784 0.72157
0.52157 0.60392 0.71765
0.51765 0.6 0.71373
0.52157 0.6 0.71765
0.52157 0.59608 0.71373
0.52157 0.59608 0.71373
0.52157 0.59608 0.71373
0.51373 0.59608 0.7098
0.51765 0.59216 0.7098
0.5098 0.6 0.73333
0.51373 0.60392 0.73333
0.51765 0.60784 0.73333
0.51765 0.60784 0.72941
0.51765 0.60784 0.73333
0.51373 0.60392 0.72941
0.51765 0.60784 0.73333
0.51373 0.60784 0.72941
0.5098 0.60392 0.72549
0.5098 0.60784 0.72549
0.51373 0.60392 0.72549
0.51373 0.60392 0.72549
0.51373 0.60392 0.72549
0.51765 0.6 0.72549
0.51765 0.6 0.72157
0.5098 0.6 0.72941
0.51373 0.60392 0.72941
0.5098 0.6 0.72549
0.51373 0.60392 0.72941
0.51765 0.60784 0.73333
0.51765 0.61176 0.73333
0.5098 0.61176 0.72549
0.51373 0.61176 0.72941
0.5098 0.60784 0.72549
0.51765 0.60784 0.72941
0.51765 0.60784 0.72941
0.51765 0.60784 0.72941
0.51373 0.6 0.72157
0.52157 0.60392 0.72549
0.52157 0.61176 0.73333
0.51373 0.60392 0.73333
0.50588 0.59608 0.72157
0.51765 0.60784 0.72941
0.51373 0.61176 0.72941
0.5098 0.61176 0.72549
0.51373 0.60784 0.72941
0.51765 0.60784 0.72941
0.51765 0.60392 0.72549
0.51765 0.60784 0.72941
0.51373 0.60392 0.72549
0.5098 0.60392 0.72549
0.5098 0.6 0.72157
0.52157 0.61176 0.73725
0.51765 0.60784 0.73333
0.51373 0.60392 0.72941
0.51765 0.61176 0.73333
0.51373 0.61176 0.72941
0.51373 0.60392 0.72549
0.51765 0.60784 0.72941
0.51373 0.60392 0.72941
0.51765 0.60392 0.72941
0.51765 0.60784 0.72941
