0.95294 0.88627 0.78431
0.96078 0.89804 0.79608
0.96078 0.89804 0.8
0.95294 0.8902 0.79216
0.90196 0.83137 0.74118
0.96471 0.90196 0.78824
0.94902 0.88627 0.77647
0.96078 0.89412 0.79216
0.96078 0.90196 0.8
0.95686 0.90196 0.8
0.92941 0.86667 0.77647
0.96078 0.90196 0.78039
0.94902 0.89412 0.78039
0.95294 0.89412 0.78824
0.96078 0.90196 0.8
0.95294 0.89804 0.79608
0.94902 0.88627 0.79216
0.96863 0.90196 0.77647
0.96471 0.89412 0.77255
0.96078 0.89412 0.77647
0.95294 0.88235 0.77255
0.96078 0.89412 0.78824
0.95686 0.89412 0.79216
0.95686 0.88627 0.79216
0.98039 0.8902 0.75294
0.96863 0.8902 0.75686
0.96078 0.88627 0.76078
0.96471 0.88235 0.72549
