0.87059 0.81961 0.75294
0.87451 0.82745 0.75294
0.87451 0.83137 0.75294
0.87843 0.83137 0.76078
0.87843 0.83137 0.76471
0.87451 0.83922 0.77255
0.87451 0.84314 0.77647
0.87451 0.84314 0.77647
0.87843 0.84314 0.77647
0.87843 0.84314 0.77647
0.87843 0.84314 0.78039
0.88235 0.84706 0.78431
0.87843 0.84314 0.77647
0.88235 0.84706 0.78039
0.87843 0.84314 0.77647
0.87843 0.84314 0.77647
0.88235 0.84706 0.78039
0.87843 0.84314 0.77647
0.87451 0.83922 0.77255
0.87451 0.83922 0.77255
0.88235 0.84314 0.77647
0.88235 0.84314 0.77647
0.88235 0.84314 0.77647
0.88235 0.84314 0.77647
0.87451 0.83529 0.76863
0.88627 0.83529 0.77647
0.88627 0.83922 0.77647
