0.4549 0.42745 0.41569
0.44706 0.42745 0.41176
0.44706 0.42745 0.41176
0.44314 0.42353 0.41176
0.43529 0.41569 0.40392
0.42745 0.40392 0.4
0.42353 0.4 0.4
0.40784 0.39216 0.38431
0.40392 0.38824 0.38431
0.4 0.38431 0.38824
0.38824 0.38039 0.39216
0.46275 0.43137 0.41961
0.45098 0.42353 0.41176
0.43922 0.41961 0.40392
0.43137 0.41176 0.4
0.43529 0.41569 0.40392
0.42745 0.40784 0.39608
0.41961 0.39608 0.39216
0.42353 0.4 0.4
0.41569 0.39608 0.4
0.40392 0.38824 0.39216
0.4 0.38431 0.39608
0.39216 0.38039 0.39608
0.45882 0.42353 0.41176
0.45098 0.42353 0.41176
0.43922 0.41961 0.40392
0.43529 0.41569 0.40392
0.43137 0.41569 0.40392
0.42745 0.40784 0.39608
0.42353 0.40392 0.39608
0.41569 0.39216 0.39608
0.41176 0.39608 0.4
0.40392 0.38824 0.39608
0.4 0.38039 0.4
0.4 0.38039 0.39608
0.38824 0.37255 0.38431
0.46667 0.43529 0.42353
0.46667 0.43529 0.42353
0.46275 0.42745 0.41961
0.45098 0.42353 0.41176
0.44314 0.41961 0.40784
0.43529 0.41961 0.40784
0.41961 0.40392 0.39608
0.41961 0.40392 0.40392
0.41961 0.40392 0.40784
0.40784 0.4 0.4
0.39608 0.38824 0.39608
0.38824 0.38039 0.39216
0.39216 0.37255 0.38824
0.38824 0.36863 0.38431
0.47451 0.44314 0.43137
0.47451 0.44314 0.43137
0.47059 0.43529 0.42745
0.47059 0.42745 0.42353
0.46275 0.43137 0.42353
0.45098 0.42745 0.41569
0.42745 0.41176 0.40392
0.42745 0.41176 0.41176
0.42745 0.41176 0.41569
0.41961 0.40392 0.41176
0.41569 0.4 0.41569
0.40392 0.38824 0.41176
0.40392 0.38431 0.4
0.39608 0.37647 0.39216
0.47451 0.44314 0.43137
0.46667 0.43529 0.42745
0.4549 0.42353 0.41569
0.45882 0.42745 0.41961
0.45882 0.43137 0.42353
0.45098 0.43137 0.42353
0.44314 0.42745 0.41176
0.43137 0.41569 0.40784
0.42745 0.41176 0.41176
0.41961 0.40392 0.40784
0.41961 0.4 0.41569
0.41569 0.39608 0.41961
0.41961 0.39608 0.42353
0.40784 0.38824 0.40392
0.40392 0.38431 0.4
0.4549 0.42353 0.41961
0.44706 0.41961 0.41961
0.43529 0.41176 0.41176
0.43137 0.40784 0.40784
0.43529 0.41569 0.41176
0.43137 0.41569 0.41176
0.42353 0.40784 0.40784
0.42353 0.40784 0.40392
0.42745 0.41176 0.41176
0.41176 0.39608 0.40392
0.40392 0.38431 0.4
0.40784 0.38824 0.41569
0.39608 0.37647 0.40392
0.4 0.38039 0.40784
0.37647 0.36471 0.38824
0.36471 0.35294 0.38039
0.47843 0.45882 0.45882
0.47059 0.45098 0.45098
0.45882 0.43922 0.43922
0.4549 0.43922 0.43922
0.45098 0.43922 0.44314
0.44314 0.43137 0.43529
0.44314 0.43137 0.43529
0.44314 0.42745 0.43529
0.43529 0.42353 0.43529
0.42353 0.40784 0.42745
0.42745 0.41176 0.43922
0.40784 0.39216 0.41961
0.40784 0.39216 0.41961
0.40392 0.39216 0.41961
0.38039 0.37255 0.40392
0.47059 0.4549 0.45882
0.45882 0.44706 0.4549
0.45882 0.45098 0.45882
0.45882 0.45098 0.45882
0.44706 0.43922 0.45098
0.44706 0.43922 0.45098
0.45098 0.44314 0.45882
0.43922 0.43137 0.45098
0.42745 0.41569 0.44314
0.41176 0.4 0.42745
0.40784 0.39608 0.42353
0.40784 0.4 0.43137
0.39216 0.38824 0.42353
0.45882 0.4549 0.4549
0.43529 0.43137 0.43922
0.43922 0.43529 0.44706
0.45098 0.44706 0.45882
0.46275 0.45882 0.47059
0.45882 0.45882 0.46667
0.44706 0.45098 0.46275
0.44314 0.44314 0.46275
0.43137 0.42745 0.44706
0.41961 0.41176 0.43922
0.42353 0.41176 0.44314
0.41569 0.40784 0.44314
0.40784 0.39608 0.43137
0.40392 0.39216 0.43137
0.38431 0.38039 0.38039
0.28627 0.28627 0.28235
0.22745 0.23137 0.23137
0.22353 0.22745 0.23137
0.23922 0.23922 0.24706
0.29412 0.29804 0.30196
0.38039 0.38431 0.39216
0.45098 0.4549 0.46667
0.44706 0.45098 0.46667
0.42745 0.42353 0.44314
0.42745 0.41961 0.44706
0.42745 0.41569 0.45098
0.41569 0.40392 0.43922
0.41961 0.40784 0.44314
0.15686 0.15686 0.14902
0.098039 0.10588 0.094118
0.086275 0.098039 0.090196
0.086275 0.094118 0.090196
0.098039 0.10588 0.10196
0.11765 0.12549 0.12549
0.14902 0.15294 0.16078
0.25882 0.25882 0.27451
0.39608 0.39608 0.41569
0.42353 0.42353 0.44314
0.41961 0.41176 0.43922
0.41961 0.40784 0.44314
0.42745 0.41961 0.44314
0.36863 0.35686 0.38824
0.1451 0.1451 0.12941
0.11765 0.12549 0.10588
0.11373 0.12549 0.10196
0.10588 0.11765 0.10196
0.10588 0.1098 0.098039
0.10588 0.1098 0.098039
0.098039 0.10196 0.090196
0.090196 0.098039 0.090196
0.1098 0.11373 0.11765
0.21176 0.21569 0.22745
0.39608 0.39216 0.41176
0.42745 0.41961 0.43922
0.41176 0.39608 0.42353
0.41961 0.41176 0.43137
0.29804 0.28627 0.27059
0.12549 0.12549 0.10588
0.12941 0.13333 0.1098
0.11765 0.12941 0.10196
0.11765 0.12549 0.10196
0.12157 0.12549 0.10196
0.12157 0.12549 0.10196
0.12549 0.12941 0.10588
0.1098 0.11765 0.098039
0.098039 0.10588 0.098039
0.10588 0.1098 0.11765
0.27451 0.27059 0.2902
0.41569 0.40784 0.42745
0.41569 0.40392 0.42353
0.4 0.39216 0.41176
0.3098 0.30196 0.28235
0.13333 0.13333 0.10588
0.13333 0.13333 0.10196
0.12549 0.12941 0.098039
0.12549 0.12941 0.10196
0.12549 0.12941 0.10588
0.12549 0.12941 0.10196
0.13333 0.13725 0.1098
0.12549 0.12941 0.1098
0.12157 0.12549 0.11373
0.098039 0.098039 0.10196
0.17255 0.17647 0.19216
0.40784 0.40392 0.42353
0.40784 0.4 0.41961
0.41569 0.40784 0.42745
0.18039 0.17255 0.15294
0.13725 0.13725 0.10588
0.14118 0.1451 0.10588
0.12941 0.13333 0.098039
0.12941 0.13333 0.10196
0.13333 0.13725 0.10588
0.13333 0.13725 0.10588
0.12549 0.13333 0.1098
0.12157 0.12549 0.1098
0.10196 0.10588 0.10196
0.21569 0.21961 0.23137
0.21569 0.2 0.18039
0.13725 0.13333 0.094118
0.13725 0.13725 0.098039
0.13725 0.13725 0.10588
0.14118 0.14118 0.1098
0.13725 0.13725 0.1098
0.12941 0.13333 0.11373
0.11765 0.11765 0.10196
0.13725 0.13725 0.13333
0.39216 0.39216 0.40784
0.38431 0.35686 0.33725
0.23922 0.21569 0.19608
0.18431 0.16078 0.14118
0.15294 0.12941 0.11373
0.14902 0.12941 0.11373
0.15686 0.14118 0.12549
0.24706 0.22745 0.21961
