0.46275 0.6 0.76471
0.46275 0.6 0.76471
0.46667 0.60392 0.76863
0.46667 0.60392 0.76863
0.46275 0.60392 0.76863
0.45882 0.60392 0.76863
0.45882 0.60392 0.76863
0.46275 0.6 0.76471
0.46667 0.60392 0.76863
0.46667 0.60392 0.76863
0.45882 0.6 0.76471
0.46275 0.60784 0.77255
0.46275 0.60784 0.77647
0.46667 0.60392 0.76863
0.45882 0.59608 0.76078
0.46667 0.60392 0.76863
0.46275 0.60392 0.76863
0.46667 0.60392 0.76863
0.45882 0.59608 0.76471
0.46275 0.6 0.76471
0.46275 0.6 0.76471
0.46667 0.60392 0.76863
0.46275 0.6 0.76471
0.46275 0.6 0.76078
0.46667 0.60392 0.76863
0.46275 0.6 0.76471
0.46667 0.60392 0.76863
0.46667 0.60392 0.76863
0.46275 0.6 0.76471
