0.20392 0.54902 0.77255
0.19608 0.5451 0.75686
0.18824 0.54118 0.74902
0.21961 0.56863 0.78824
0.21176 0.56471 0.78039
0.19608 0.54902 0.76863
0.18824 0.53725 0.74902
0.18824 0.54118 0.74902
0.23529 0.59216 0.8
0.23137 0.58431 0.79216
0.21961 0.57647 0.78824
0.20784 0.56471 0.78039
0.19608 0.55294 0.76863
0.19216 0.54902 0.75686
0.18824 0.54118 0.74902
0.24706 0.60392 0.81176
0.23529 0.6 0.80392
0.23137 0.59608 0.8
0.22745 0.58824 0.79608
0.21569 0.57647 0.79216
0.20392 0.56078 0.78431
0.20392 0.56078 0.78431
0.2 0.55294 0.77647
0.18824 0.53725 0.75686
0.25882 0.61569 0.82353
0.24706 0.60392 0.81569
0.23922 0.59608 0.80784
0.23529 0.59216 0.80392
0.23529 0.59216 0.8
0.21569 0.57255 0.78039
0.21176 0.57255 0.79216
0.20784 0.56863 0.79216
0.20784 0.56471 0.78824
0.20392 0.55686 0.78039
0.19216 0.5451 0.76863
0.2549 0.63529 0.84706
0.25098 0.63137 0.83922
0.24706 0.61961 0.83137
0.2549 0.61176 0.82745
0.25098 0.60784 0.82353
0.23922 0.59608 0.81176
0.24706 0.6 0.81569
0.23922 0.59216 0.80784
0.22353 0.57647 0.79216
0.20392 0.56863 0.79216
0.20784 0.57255 0.79608
0.2 0.56471 0.78824
0.2 0.55686 0.78431
0.20392 0.56078 0.78039
0.20392 0.55686 0.77255
0.25882 0.63137 0.85098
0.2549 0.63137 0.85098
0.25098 0.63529 0.85098
0.24314 0.62745 0.84314
0.24314 0.61961 0.83529
0.25882 0.61961 0.83922
0.2549 0.61176 0.83529
0.2549 0.60784 0.83137
0.24314 0.60392 0.81569
0.23529 0.59608 0.80784
0.22353 0.58431 0.8
0.21176 0.57647 0.79608
0.20392 0.57255 0.79608
0.19608 0.56471 0.78824
0.19608 0.56471 0.78431
0.2 0.56078 0.77647
0.20392 0.56078 0.77647
0.26275 0.64706 0.86275
0.26667 0.64706 0.86275
0.25882 0.63922 0.8549
0.25098 0.63137 0.84706
0.24314 0.63137 0.84706
0.24314 0.62745 0.84314
0.24314 0.61961 0.83529
0.23922 0.61176 0.83137
0.23922 0.60392 0.82745
0.25098 0.61176 0.83137
0.23922 0.60784 0.81961
0.22745 0.6 0.81176
0.22353 0.59216 0.80392
0.20784 0.58039 0.79608
0.2 0.57255 0.79216
0.19608 0.56863 0.78824
0.19608 0.56863 0.78039
0.19216 0.56471 0.77647
0.2 0.56078 0.77647
0.25098 0.63922 0.8549
0.24706 0.63529 0.85098
0.25098 0.63922 0.8549
0.24706 0.63529 0.85098
0.24706 0.63137 0.84706
0.24314 0.62745 0.84314
0.23529 0.62353 0.83922
0.24314 0.62353 0.83922
0.24314 0.61961 0.83922
0.23922 0.60784 0.82745
0.23922 0.60392 0.82745
0.22745 0.6 0.81961
0.22745 0.6 0.81961
0.22353 0.59608 0.81569
0.21569 0.58431 0.80392
0.20784 0.58039 0.8
0.20392 0.57647 0.79608
0.19216 0.57255 0.78824
0.19216 0.56471 0.78431
0.2 0.56863 0.78824
0.19608 0.56078 0.78431
0.27451 0.6549 0.87059
0.26275 0.64706 0.86275
0.25882 0.64706 0.86275
0.25098 0.63922 0.8549
0.24706 0.63529 0.85098
0.24706 0.63529 0.85098
0.2549 0.63922 0.8549
0.24706 0.63529 0.85098
0.23922 0.62745 0.84314
0.23922 0.61961 0.83529
0.23529 0.61569 0.83137
0.23529 0.61176 0.83137
0.23529 0.60784 0.82745
0.22745 0.60392 0.82353
0.22745 0.60392 0.82353
0.22745 0.60392 0.82353
0.21961 0.59608 0.81569
0.21176 0.58824 0.80392
0.20392 0.58039 0.8
0.2 0.57647 0.79608
0.20392 0.57647 0.79608
0.2 0.56863 0.79216
0.19608 0.55686 0.78431
0.27059 0.6549 0.86275
0.27451 0.64706 0.85882
0.27843 0.6549 0.87059
0.27451 0.6549 0.87059
0.26667 0.64706 0.86275
0.26275 0.65098 0.86667
0.25098 0.63922 0.8549
0.24706 0.63529 0.85098
0.25098 0.63922 0.8549
0.25098 0.63922 0.8549
0.25098 0.63922 0.8549
0.23922 0.62353 0.83922
0.23922 0.61961 0.83529
0.23922 0.61961 0.83529
0.23922 0.61961 0.83529
0.23137 0.61176 0.82745
0.22745 0.60784 0.82353
0.22353 0.60392 0.81961
0.22353 0.60392 0.81961
0.21961 0.6 0.81569
0.20784 0.58824 0.80392
0.2 0.57647 0.79608
0.21176 0.58039 0.8
0.2 0.56471 0.79216
0.20392 0.56863 0.79216
0.29804 0.67451 0.88627
0.27843 0.65098 0.86275
0.27059 0.64706 0.85882
0.26275 0.64314 0.8549
0.27059 0.65098 0.85882
0.26667 0.64706 0.8549
0.25882 0.64314 0.8549
0.25882 0.64314 0.85882
0.25882 0.63922 0.8549
0.24706 0.63137 0.84706
0.24706 0.63922 0.8549
0.24314 0.63137 0.84706
0.24314 0.62745 0.84314
0.24706 0.62745 0.84314
0.23529 0.61569 0.83137
0.23922 0.61961 0.83529
0.22353 0.60784 0.82353
0.22353 0.61176 0.82745
0.22353 0.60784 0.82353
0.21961 0.60392 0.81961
0.20392 0.58824 0.80392
0.20784 0.59216 0.80784
0.21176 0.59216 0.80784
0.21176 0.58824 0.80784
0.20784 0.58039 0.8
0.20784 0.57647 0.79608
0.19608 0.56863 0.78824
0.22745 0.46275 0.65882
0.31765 0.6549 0.86667
0.30196 0.67059 0.8902
0.27843 0.66275 0.87451
0.27843 0.6549 0.86275
0.27843 0.6549 0.86275
0.26667 0.65098 0.86275
0.27059 0.65098 0.87059
0.27059 0.64706 0.86667
0.26667 0.64314 0.86275
0.2549 0.63922 0.8549
0.24706 0.63137 0.84706
0.24706 0.63529 0.85098
0.2549 0.63922 0.8549
0.24314 0.62353 0.83922
0.23529 0.61569 0.83137
0.23529 0.61569 0.83137
0.21961 0.60784 0.82745
0.22353 0.61176 0.83137
0.22745 0.61569 0.83137
0.22353 0.61176 0.82745
0.21569 0.60784 0.82353
0.21176 0.6 0.81569
0.21176 0.6 0.81569
0.21569 0.6 0.81569
0.20784 0.58431 0.80392
0.20392 0.58039 0.79608
0.19216 0.56863 0.78824
0.27843 0.56471 0.77255
0.32157 0.67451 0.89412
0.29804 0.66275 0.8902
0.28627 0.66275 0.88235
0.27843 0.6549 0.87843
0.27059 0.64706 0.86667
0.26667 0.64706 0.86275
0.26275 0.64314 0.85882
0.25882 0.63922 0.8549
0.25098 0.63529 0.84706
0.2549 0.63529 0.85098
0.24706 0.63137 0.84706
0.23529 0.62353 0.83922
0.23529 0.62353 0.83922
0.23922 0.62745 0.84314
0.23137 0.61961 0.84314
0.21961 0.60784 0.83137
0.21569 0.60392 0.82745
0.22353 0.61176 0.83137
0.22745 0.61569 0.83137
0.22353 0.61176 0.82745
0.21961 0.60784 0.82353
0.21569 0.6 0.81569
0.21176 0.59216 0.80784
0.20784 0.58824 0.80392
0.19608 0.57647 0.79216
0.19608 0.57647 0.79216
0.28627 0.61961 0.81961
0.29804 0.67843 0.88235
0.27843 0.66667 0.87059
0.26667 0.65098 0.85882
0.26275 0.64314 0.85882
0.26275 0.64706 0.86275
0.26275 0.64314 0.85882
0.25882 0.63922 0.8549
0.25882 0.63922 0.8549
0.25098 0.63529 0.85098
0.24706 0.63529 0.85098
0.23922 0.62745 0.84314
0.23922 0.62745 0.84314
0.23529 0.62353 0.84314
0.22745 0.61569 0.83922
0.22353 0.61176 0.83529
0.21961 0.60784 0.82745
0.22745 0.61569 0.83137
0.22353 0.61176 0.82745
0.22353 0.61176 0.82745
0.21961 0.60784 0.82353
0.21569 0.6 0.81176
0.21961 0.59608 0.81569
0.21176 0.59216 0.81176
0.20784 0.58824 0.81176
0.20392 0.58039 0.80392
0.22353 0.48627 0.66667
0.30196 0.64706 0.84706
0.30588 0.67059 0.88627
0.28235 0.65098 0.87451
0.27451 0.64314 0.86667
0.26667 0.63922 0.85882
0.2549 0.63529 0.84706
0.25098 0.63529 0.84706
0.24314 0.62745 0.84314
0.24314 0.63137 0.84706
0.24314 0.63137 0.84706
0.23529 0.62353 0.84314
0.23529 0.62353 0.84706
0.23529 0.62353 0.84706
0.23529 0.62353 0.84314
0.23529 0.62353 0.83922
0.22745 0.61569 0.83137
0.23137 0.61961 0.83529
0.22745 0.61569 0.83137
0.22353 0.61176 0.82745
0.22353 0.60392 0.81961
0.21569 0.59608 0.81569
0.21961 0.59608 0.82353
0.21176 0.59216 0.81961
0.20784 0.58431 0.80784
0.21176 0.58431 0.80392
0.24706 0.51373 0.71373
0.3098 0.63922 0.86275
0.2902 0.65882 0.87843
0.26275 0.64706 0.85882
0.25882 0.64314 0.8549
0.25098 0.63137 0.84706
0.24706 0.63137 0.85098
0.25098 0.63137 0.84706
0.24314 0.63137 0.84706
0.23529 0.62745 0.84314
0.23529 0.62353 0.83922
0.22745 0.61961 0.83529
0.22745 0.61569 0.83137
0.22745 0.61569 0.83137
0.22745 0.61569 0.83137
0.23137 0.61961 0.83529
0.23529 0.61961 0.83529
0.23137 0.61176 0.82745
0.22353 0.60392 0.81961
0.21961 0.60392 0.82353
0.21961 0.60784 0.83137
0.20784 0.59608 0.81961
0.20392 0.58824 0.81176
0.21176 0.59216 0.80784
0.21569 0.58824 0.80784
0.26667 0.54118 0.73333
0.30588 0.64706 0.85882
0.27451 0.6549 0.87843
0.25882 0.64706 0.86275
0.25882 0.63922 0.85098
0.25882 0.63529 0.84706
0.25098 0.63137 0.84314
0.24706 0.63529 0.84706
0.24314 0.62745 0.84314
0.23529 0.61961 0.83529
0.23529 0.61961 0.83529
0.23529 0.61961 0.83529
0.23529 0.62353 0.83922
0.23529 0.61961 0.83529
0.23529 0.61176 0.83137
0.23529 0.61569 0.83529
0.22745 0.60784 0.82745
0.22745 0.61176 0.83529
0.22353 0.61176 0.83529
0.21569 0.60392 0.82745
0.20784 0.59608 0.81569
0.21569 0.6 0.81961
0.22353 0.6 0.81961
0.22745 0.6 0.82353
0.26667 0.54118 0.73725
0.29412 0.64706 0.86275
0.27843 0.65098 0.86275
0.25882 0.63529 0.84706
0.2549 0.63529 0.84314
0.2549 0.63529 0.84706
0.25098 0.63137 0.84706
0.25098 0.63137 0.84706
0.2549 0.63529 0.85098
0.24314 0.62353 0.83922
0.24314 0.62353 0.83922
0.24706 0.62745 0.84314
0.23922 0.61569 0.83922
0.23922 0.61569 0.84314
0.23529 0.61176 0.83922
0.22745 0.61176 0.83529
0.22353 0.61176 0.83529
0.22353 0.61176 0.83529
0.21961 0.60784 0.83137
0.21961 0.60784 0.83137
0.21961 0.60392 0.83137
0.2549 0.51765 0.72157
0.29804 0.63529 0.84706
0.27451 0.6549 0.86275
0.26275 0.63922 0.8549
0.26667 0.63529 0.85098
0.2549 0.63137 0.84314
0.25882 0.63137 0.84314
0.2549 0.62745 0.84314
0.25098 0.62745 0.83922
0.25098 0.63137 0.84314
0.24314 0.61961 0.84314
0.23137 0.60784 0.83529
0.23529 0.61176 0.83922
0.23529 0.62353 0.84706
0.22353 0.61176 0.83529
0.22353 0.61176 0.83529
0.21961 0.61176 0.83137
0.23137 0.50588 0.69412
0.30196 0.62353 0.85098
0.28627 0.65098 0.87059
0.2549 0.64314 0.84706
0.25882 0.63922 0.84314
0.26275 0.63137 0.84314
0.25882 0.63137 0.84314
0.2549 0.62745 0.83922
0.24706 0.62353 0.84314
0.23922 0.61176 0.84314
0.23922 0.61961 0.84706
0.23922 0.62745 0.85098
0.23137 0.61961 0.84314
0.22353 0.61176 0.83529
0.22353 0.47059 0.66275
0.27843 0.59608 0.80392
0.28627 0.65098 0.87059
0.27843 0.64706 0.86275
0.26275 0.63529 0.84706
0.2549 0.63137 0.83922
0.25098 0.62353 0.84314
0.24706 0.62353 0.85098
0.24314 0.62353 0.85098
0.23922 0.62745 0.85098
0.22745 0.61569 0.83922
0.25882 0.5451 0.74118
0.29412 0.63529 0.84706
0.28235 0.64706 0.87451
0.25098 0.63137 0.85098
0.24314 0.62745 0.83529
0.25098 0.62353 0.85098
0.24314 0.63137 0.85098
0.22353 0.46275 0.67451
0.2902 0.61961 0.84706
0.25882 0.63137 0.84706
0.2549 0.62353 0.83922
0.32549 0.61961 0.84314
