0.65098 0.61961 0.58039
0.6549 0.61961 0.58431
0.63922 0.61176 0.59216
0.64706 0.61176 0.58431
0.65098 0.61569 0.58431
0.65882 0.61569 0.58039
0.65882 0.60784 0.57255
0.62745 0.60392 0.59216
0.64706 0.60392 0.57255
0.64706 0.60784 0.57255
0.65882 0.61176 0.57647
0.66275 0.61176 0.56863
0.66275 0.61176 0.56078
0.6 0.59216 0.58039
0.64706 0.60784 0.56863
0.6549 0.61569 0.58039
0.65882 0.61569 0.57647
0.66275 0.61569 0.57255
0.65882 0.60392 0.55686
0.70588 0.64706 0.59608
0.59216 0.6 0.60784
0.65882 0.61176 0.58039
0.6549 0.61961 0.58431
0.66275 0.61961 0.58039
0.66667 0.61961 0.57647
0.65882 0.60784 0.55686
0.70196 0.64314 0.59216
0.73725 0.67451 0.61176
0.54902 0.58431 0.6
0.6549 0.60784 0.56863
0.65882 0.61176 0.58039
0.65882 0.61176 0.57647
0.65882 0.61569 0.57647
0.6549 0.60392 0.56078
0.68627 0.62745 0.57255
0.73333 0.67059 0.60784
0.72549 0.66275 0.6
0.65098 0.61176 0.57647
0.66275 0.61176 0.58039
0.66667 0.60784 0.57647
0.67451 0.61176 0.57647
0.66275 0.60392 0.56471
0.67843 0.62353 0.56863
0.73333 0.67059 0.61176
0.72549 0.66275 0.6
0.64314 0.61569 0.59608
0.65882 0.61961 0.58431
0.66275 0.61569 0.58431
0.67451 0.61569 0.58039
0.66667 0.61176 0.56863
0.67451 0.61961 0.56471
0.73333 0.67059 0.60784
0.72941 0.66667 0.60392
0.63529 0.60392 0.6
0.6549 0.61176 0.57647
0.66275 0.61961 0.58431
0.66275 0.61569 0.58039
0.65882 0.61176 0.56863
0.66667 0.61176 0.56471
0.72549 0.66275 0.60784
0.73333 0.67059 0.60392
0.71765 0.6549 0.59216
0.61961 0.59608 0.6
0.66275 0.60392 0.56863
0.66275 0.60784 0.57647
0.66667 0.61569 0.58039
0.66667 0.61569 0.57255
0.67059 0.61569 0.56471
0.72157 0.65882 0.60392
0.7451 0.67843 0.61176
0.72157 0.6549 0.59608
0.56471 0.58039 0.58824
0.66275 0.60784 0.57255
0.66667 0.61569 0.58431
0.66667 0.61569 0.58039
0.66667 0.62353 0.57647
0.67059 0.61569 0.56471
0.7098 0.64706 0.59216
0.74118 0.67451 0.61176
0.72549 0.65882 0.6
0.53333 0.58431 0.6
0.6549 0.61176 0.57647
0.65882 0.61961 0.57647
0.66275 0.61569 0.58039
0.67059 0.62353 0.58039
0.67059 0.61961 0.56863
0.70588 0.64706 0.58824
0.7451 0.68235 0.61176
0.4902 0.57647 0.60392
0.64314 0.60392 0.57647
0.6549 0.61569 0.57255
0.66667 0.61569 0.58039
0.67059 0.61961 0.58039
0.67059 0.61569 0.56471
0.69412 0.63137 0.57255
0.74118 0.68235 0.60784
0.64314 0.60784 0.58824
0.6549 0.61176 0.57647
0.66667 0.61569 0.58039
0.67059 0.61961 0.58039
0.67059 0.61569 0.56863
0.67843 0.61961 0.56078
0.73333 0.67451 0.6
0.63529 0.60784 0.6
0.65882 0.61569 0.57647
0.66275 0.61961 0.58039
0.67059 0.61961 0.57647
0.67451 0.61961 0.57255
0.67451 0.61569 0.56078
0.59608 0.59608 0.59608
0.65882 0.60784 0.56863
0.65098 0.61569 0.57647
0.66667 0.61569 0.56863
0.67451 0.62353 0.58039
0.67059 0.61569 0.56078
0.58039 0.61176 0.62353
0.65882 0.60784 0.58039
0.65098 0.61569 0.57647
0.66667 0.61569 0.56863
0.67059 0.61961 0.58039
0.54902 0.60392 0.63137
0.65098 0.60392 0.58039
0.65098 0.61569 0.57255
0.66667 0.62353 0.57647
0.65098 0.61176 0.58039
