0.58431 0.70588 0.82745
0.58824 0.7098 0.83137
0.6 0.71765 0.84314
0.6 0.71765 0.83922
0.59608 0.71765 0.83922
0.59216 0.71373 0.83137
0.58824 0.7098 0.83137
0.58431 0.70588 0.82745
0.59216 0.71373 0.83137
0.59216 0.71373 0.83529
0.59608 0.71765 0.83922
0.59216 0.7098 0.83529
0.59216 0.71373 0.83529
0.59608 0.71765 0.83922
0.58824 0.7098 0.83137
0.58824 0.7098 0.83137
0.58824 0.7098 0.83137
0.59216 0.71373 0.83529
0.59216 0.70588 0.83529
0.59216 0.7098 0.83529
0.59608 0.71765 0.83922
0.58824 0.7098 0.83137
0.59608 0.71765 0.83922
0.59216 0.71373 0.83529
0.59216 0.71373 0.83529
0.59216 0.71373 0.83529
0.59608 0.71373 0.83529
0.6 0.71373 0.84706
0.59216 0.70588 0.83922
0.58824 0.70196 0.83529
0.59216 0.70588 0.83137
0.59216 0.71373 0.83529
0.59216 0.71373 0.83529
0.59216 0.71373 0.83529
0.59216 0.71373 0.83529
0.59608 0.71765 0.83922
0.59608 0.71765 0.83922
0.59216 0.71373 0.83529
0.59608 0.7098 0.83137
0.58039 0.69804 0.83137
0.58824 0.70588 0.83922
0.58824 0.70196 0.83922
0.59216 0.7098 0.83922
0.58824 0.7098 0.83137
0.59216 0.7098 0.83137
0.59216 0.70588 0.83137
0.59608 0.7098 0.83529
0.59216 0.7098 0.83137
0.59216 0.71373 0.83529
0.59216 0.71765 0.83922
0.59216 0.71373 0.83922
0.59608 0.7098 0.83922
0.6 0.71373 0.83529
0.58431 0.70588 0.83922
0.58039 0.69804 0.83137
0.58431 0.70196 0.83529
0.58431 0.70196 0.83529
0.58431 0.70196 0.83529
0.58431 0.70196 0.83529
0.58431 0.70196 0.83922
0.59216 0.7098 0.84314
0.58824 0.7098 0.83137
0.58824 0.70196 0.82745
0.59608 0.7098 0.83529
0.59608 0.7098 0.83529
0.59608 0.71373 0.83922
0.58824 0.71373 0.83529
0.59216 0.7098 0.83529
0.59216 0.70588 0.83137
0.59608 0.70588 0.83922
0.6 0.7098 0.83922
0.6 0.71373 0.83529
0.58431 0.69804 0.83137
0.58824 0.70196 0.83529
0.58824 0.70196 0.83529
0.58824 0.70196 0.83529
0.58431 0.70196 0.83529
0.58431 0.70196 0.83529
0.58431 0.70196 0.83529
0.58431 0.70196 0.84314
0.59216 0.7098 0.84706
0.58824 0.7098 0.83529
0.59608 0.7098 0.83529
0.59608 0.7098 0.83529
0.6 0.71373 0.83922
0.59608 0.71765 0.83922
0.59608 0.71765 0.83922
0.60392 0.71765 0.84314
0.60392 0.7098 0.83922
0.60392 0.70588 0.83529
0.6 0.70196 0.83529
0.6 0.70588 0.83137
0.58431 0.70196 0.83529
0.58824 0.70588 0.83922
0.59216 0.70588 0.83922
0.59216 0.70588 0.83922
0.59216 0.70588 0.83922
0.59608 0.7098 0.84314
0.59216 0.70588 0.83922
0.58431 0.69804 0.83529
0.58039 0.69804 0.83922
0.58431 0.70196 0.83922
0.59216 0.7098 0.83529
0.6 0.71765 0.83922
0.59608 0.7098 0.83529
0.59608 0.7098 0.83529
0.59608 0.71373 0.83529
0.59608 0.71373 0.83137
0.59608 0.71373 0.83137
0.60784 0.72157 0.83922
0.60784 0.7098 0.83137
0.60392 0.7098 0.83137
0.60392 0.7098 0.83137
0.58431 0.70196 0.83529
0.58824 0.70196 0.83529
0.59216 0.70588 0.83922
0.58824 0.70196 0.83529
0.59216 0.70588 0.83922
0.58824 0.70196 0.83529
0.58824 0.70196 0.83529
0.58431 0.70196 0.84314
0.59216 0.7098 0.84314
0.58431 0.70588 0.83137
0.6 0.71373 0.83922
0.6 0.71373 0.83922
0.59608 0.7098 0.83529
0.60392 0.71765 0.83529
0.60392 0.71373 0.83137
0.59608 0.71765 0.83137
0.59608 0.71373 0.83137
0.60392 0.7098 0.82745
0.60784 0.71373 0.83137
0.58431 0.70196 0.83922
0.58431 0.70196 0.83529
0.58431 0.69804 0.83137
0.58824 0.70196 0.83529
0.58431 0.70196 0.83529
0.59216 0.70196 0.83922
0.59608 0.70196 0.83529
0.58824 0.70588 0.83922
0.59608 0.71373 0.84706
0.58431 0.70196 0.83529
0.59216 0.70588 0.83529
0.6 0.71373 0.83922
0.60392 0.71765 0.83922
0.60392 0.71765 0.83529
0.60392 0.71765 0.83529
0.59608 0.71373 0.83137
0.6 0.71373 0.83137
0.60392 0.71373 0.83137
0.60392 0.71373 0.83137
0.61176 0.71373 0.83529
0.61961 0.71765 0.83922
0.57647 0.69804 0.83529
0.58039 0.70196 0.83529
0.58039 0.70196 0.83529
0.58039 0.70196 0.83529
0.58039 0.69804 0.83137
0.58431 0.70196 0.83529
0.59608 0.70588 0.83922
0.59216 0.70588 0.83922
0.58824 0.70588 0.83922
0.58431 0.70196 0.83529
0.58824 0.70196 0.83137
0.60392 0.71765 0.83922
0.60392 0.71765 0.83529
0.60392 0.71765 0.83529
0.6 0.71373 0.83137
0.6 0.71373 0.83137
0.6 0.71373 0.83137
0.60392 0.71765 0.83529
0.60784 0.71765 0.83529
0.61569 0.71765 0.83529
0.61569 0.71373 0.83529
0.61176 0.71373 0.83529
0.58039 0.70196 0.83922
0.57647 0.70588 0.83529
0.58039 0.7098 0.83922
0.57255 0.70196 0.83137
0.57647 0.70588 0.83529
0.58824 0.70588 0.83922
0.59216 0.7098 0.84314
0.59216 0.7098 0.84314
0.58824 0.70588 0.83922
0.59216 0.7098 0.84314
0.59216 0.7098 0.83529
0.59216 0.70588 0.83137
0.6 0.71373 0.83137
0.60392 0.71765 0.83529
0.6 0.71373 0.83137
0.6 0.71373 0.83137
0.6 0.71373 0.83137
0.6 0.71373 0.83137
0.60784 0.71373 0.83137
0.61569 0.71765 0.83922
0.61569 0.71373 0.83529
0.61569 0.71765 0.83922
0.58431 0.70196 0.83922
0.58431 0.70196 0.83922
0.58431 0.70588 0.83922
0.58039 0.7098 0.83922
0.58039 0.7098 0.83922
0.57255 0.70196 0.83137
0.56863 0.69804 0.82745
0.57647 0.70588 0.83529
0.58431 0.7098 0.83922
0.58824 0.70588 0.83922
0.58824 0.7098 0.83922
0.58824 0.7098 0.83137
0.59608 0.71373 0.84314
0.59608 0.7098 0.83922
0.60392 0.71765 0.84706
0.6 0.71765 0.83922
0.59216 0.7098 0.83137
0.60784 0.71765 0.83922
0.61176 0.71765 0.83922
0.60392 0.71373 0.83137
0.60784 0.71373 0.83137
0.61176 0.71765 0.83529
0.61569 0.71765 0.83922
0.61176 0.71765 0.83529
0.58431 0.70196 0.83529
0.59216 0.7098 0.84314
0.58431 0.70588 0.83922
0.58431 0.7098 0.83922
0.58039 0.7098 0.83922
0.57647 0.70196 0.83529
0.57255 0.69804 0.83137
0.57647 0.70196 0.83137
0.58039 0.70588 0.83529
0.58824 0.70588 0.83922
0.58431 0.70588 0.83529
0.58824 0.7098 0.83137
0.59216 0.70588 0.83922
0.60392 0.71765 0.85098
0.60392 0.71765 0.85098
0.59608 0.71373 0.83922
0.59608 0.7098 0.83529
0.60784 0.71373 0.84314
0.60784 0.7098 0.83529
0.61176 0.71765 0.83529
0.61569 0.72157 0.83922
0.61569 0.72157 0.83922
0.60784 0.71373 0.83137
0.61176 0.71765 0.83529
0.58824 0.70588 0.83922
0.58431 0.70196 0.83529
0.58039 0.69804 0.83137
0.59216 0.7098 0.84314
0.58431 0.70196 0.83529
0.58824 0.70588 0.83922
0.59216 0.7098 0.84314
0.58824 0.70588 0.83922
0.58431 0.70196 0.83529
0.58431 0.70196 0.83529
0.58824 0.7098 0.84314
0.59608 0.71373 0.84314
0.58824 0.7098 0.83137
0.58824 0.70588 0.83529
0.6 0.71373 0.84706
0.60392 0.71765 0.85098
0.6 0.72157 0.84706
0.59608 0.71373 0.83922
0.60784 0.71373 0.84314
0.60784 0.7098 0.83529
0.60784 0.71373 0.83137
0.61569 0.72157 0.83922
0.61176 0.71765 0.83529
0.61176 0.71765 0.83529
0.61176 0.71765 0.83529
0.61176 0.71765 0.83529
0.59216 0.7098 0.84706
0.58431 0.70196 0.83529
0.59216 0.7098 0.84314
0.59216 0.70588 0.83922
0.58824 0.70196 0.83529
0.59216 0.70588 0.83922
0.58431 0.70196 0.83529
0.59216 0.70196 0.84314
0.59216 0.7098 0.84314
0.59608 0.7098 0.83922
0.6 0.71765 0.84314
0.6 0.71373 0.83922
0.59608 0.7098 0.83529
0.59216 0.70588 0.83137
0.6 0.71373 0.83137
0.60392 0.71373 0.83529
0.60784 0.71373 0.83529
0.61176 0.71765 0.83529
0.61176 0.71765 0.83529
0.60784 0.71373 0.83137
0.61569 0.71765 0.83529
0.58431 0.70196 0.83529
0.58039 0.69804 0.83137
0.58431 0.70196 0.83529
0.59216 0.70588 0.83922
0.59216 0.70588 0.83922
0.59216 0.70588 0.83922
0.59608 0.70588 0.85098
0.59216 0.70196 0.83922
0.59216 0.70588 0.83529
0.59608 0.7098 0.83529
0.60392 0.71765 0.84314
0.6 0.71373 0.83922
0.6 0.71373 0.83137
0.59608 0.7098 0.82745
0.6 0.71373 0.83137
0.60784 0.71765 0.83529
0.61176 0.71765 0.83529
0.60392 0.7098 0.82745
0.60784 0.71373 0.83137
0.61569 0.71765 0.83922
0.58824 0.70588 0.84706
0.58039 0.69804 0.83922
0.58431 0.69804 0.83922
0.58824 0.70196 0.83529
0.59216 0.70588 0.83922
0.59216 0.70588 0.84314
0.59216 0.7098 0.85098
0.59216 0.70588 0.84314
0.58824 0.70588 0.83529
0.59608 0.71373 0.83529
0.6 0.71373 0.83922
0.60392 0.71765 0.84314
0.60392 0.71765 0.83922
0.6 0.71373 0.83137
0.6 0.71373 0.83137
0.60784 0.71765 0.83529
0.61569 0.72157 0.83922
0.60784 0.71373 0.83137
0.60784 0.71373 0.83137
0.61569 0.72157 0.83922
0.60784 0.72157 0.83529
0.57647 0.70196 0.83922
0.58431 0.70196 0.84314
0.58824 0.70588 0.84706
0.58824 0.70196 0.83922
0.58824 0.70196 0.83529
0.58824 0.70588 0.83529
0.58431 0.70588 0.83922
0.58824 0.7098 0.83922
0.58431 0.7098 0.83529
0.59216 0.71373 0.83529
0.59216 0.70588 0.83137
0.59608 0.7098 0.83529
0.6 0.71373 0.83529
0.6 0.71373 0.83529
0.6 0.71373 0.83137
0.6 0.7098 0.83137
0.61176 0.71373 0.83922
0.61176 0.71765 0.83922
0.61569 0.72157 0.83922
0.61961 0.72157 0.84314
0.61569 0.72549 0.83922
0.57255 0.70196 0.83922
0.57647 0.69804 0.83922
0.58431 0.70196 0.84314
0.58824 0.69804 0.84314
0.58824 0.70588 0.83922
0.59216 0.71373 0.83922
0.58431 0.7098 0.83137
0.58431 0.7098 0.83137
0.58824 0.71373 0.83529
0.59608 0.7098 0.83529
0.6 0.71373 0.83922
0.6 0.71373 0.83922
0.60392 0.71765 0.84314
0.60392 0.71765 0.84314
0.6 0.71765 0.83922
0.60784 0.71765 0.84314
0.60784 0.7098 0.83922
0.60784 0.71373 0.83137
0.61176 0.71765 0.83529
0.60784 0.71373 0.83137
0.60784 0.71373 0.82745
0.61569 0.72157 0.83529
0.61961 0.72549 0.83922
0.61569 0.72157 0.83529
0.61176 0.71765 0.83529
0.61569 0.72157 0.83529
0.61961 0.72549 0.83922
0.62353 0.72549 0.83137
0.62745 0.72549 0.83137
0.58824 0.70588 0.83922
0.58431 0.70588 0.83922
0.57647 0.7098 0.83922
0.58039 0.70196 0.83529
0.58824 0.70196 0.83922
0.6 0.70196 0.84706
0.6 0.7098 0.84314
0.59608 0.7098 0.83922
0.6 0.71765 0.83922
0.6 0.72157 0.84314
0.59216 0.71373 0.83529
0.59608 0.7098 0.83529
0.60392 0.71765 0.84314
0.6 0.71373 0.83922
0.6 0.71373 0.83922
0.6 0.71373 0.83922
0.59608 0.7098 0.83529
0.60392 0.71373 0.83922
0.60784 0.7098 0.83922
0.60784 0.71373 0.83137
0.61176 0.71765 0.83529
0.61569 0.72157 0.83922
0.61569 0.72157 0.83529
0.61569 0.72157 0.83529
0.61961 0.72549 0.83922
0.61569 0.72157 0.83529
0.61569 0.72157 0.83529
0.61961 0.72549 0.83922
0.61961 0.72549 0.83529
0.62745 0.72941 0.83529
0.63529 0.73333 0.83922
