0.95686 0.87059 0.7451
0.92941 0.83529 0.71373
0.95294 0.8902 0.78824
0.96471 0.89412 0.78824
0.97255 0.89412 0.78431
0.96471 0.88627 0.76863
0.94902 0.85882 0.73333
0.96078 0.89804 0.8
0.95294 0.88235 0.78039
0.96078 0.88235 0.78039
0.96078 0.87843 0.76863
0.94118 0.84314 0.72549
0.97255 0.91373 0.81176
0.9451 0.87843 0.77647
0.94902 0.87451 0.75686
0.94902 0.8549 0.7451
0.97647 0.92549 0.82745
0.96471 0.8902 0.78824
0.93725 0.84706 0.73333
0.76078 0.66275 0.55686
0.97647 0.90196 0.8
0.81176 0.70588 0.6
0.72941 0.62745 0.52157
0.97255 0.90196 0.8
0.89412 0.79608 0.69804
0.96078 0.89804 0.8
0.92549 0.8549 0.75686
