0.25098 0.34902 0.49412
0.23137 0.35294 0.50588
0.21176 0.33725 0.4902
0.20784 0.33333 0.48627
0.20392 0.32941 0.48235
0.20392 0.32549 0.47843
0.19608 0.31765 0.47059
0.27843 0.38431 0.5098
0.23137 0.35294 0.50196
0.23137 0.3451 0.49412
0.22745 0.34902 0.49804
0.22353 0.3451 0.49412
0.22745 0.33333 0.48235
0.26275 0.37647 0.5098
0.23922 0.35686 0.50196
0.23529 0.35294 0.50196
0.22745 0.3451 0.49412
0.22745 0.3451 0.49412
0.26275 0.36863 0.50588
0.2549 0.36471 0.52157
0.24706 0.36078 0.50196
0.23137 0.34902 0.49804
0.22745 0.3451 0.49412
0.24706 0.36078 0.50588
0.23922 0.35686 0.50588
0.23137 0.35294 0.49804
