0.12941 0.19216 0.31373
0.12549 0.19216 0.3098
0.11765 0.18431 0.30196
0.10588 0.17255 0.2902
0.094118 0.16078 0.27843
0.11373 0.18039 0.29804
0.11765 0.18431 0.30196
0.12549 0.19216 0.3098
0.12157 0.18824 0.30588
0.12157 0.18431 0.30196
0.10588 0.16471 0.28627
0.10196 0.16863 0.28627
0.11765 0.18431 0.30196
0.11373 0.18039 0.29804
0.1098 0.17647 0.2902
0.12157 0.18431 0.29412
0.11373 0.17255 0.27843
0.14118 0.18431 0.29412
0.11765 0.18431 0.30196
0.1098 0.17647 0.29412
0.11765 0.18039 0.30196
0.1098 0.16863 0.2902
0.1098 0.17255 0.29412
0.12549 0.18824 0.3098
0.11373 0.17647 0.29804
0.10588 0.17255 0.2902
0.11373 0.17255 0.29412
0.12549 0.18039 0.29804
0.12549 0.17255 0.27451
0.1098 0.17647 0.29804
0.11373 0.18039 0.29804
0.1098 0.17255 0.29412
0.12549 0.18431 0.30588
0.11373 0.17255 0.29412
0.12941 0.18824 0.3098
0.11765 0.17647 0.29804
0.11765 0.18039 0.29412
0.12157 0.18431 0.2902
0.13333 0.19216 0.29804
0.16078 0.2 0.28235
0.1098 0.17255 0.29412
0.12549 0.18431 0.30588
0.12549 0.18431 0.30588
0.12157 0.18039 0.30196
0.12941 0.18431 0.3098
0.12941 0.18039 0.30588
0.11765 0.17255 0.28627
0.12549 0.18039 0.28627
0.12549 0.18824 0.29804
0.11373 0.16471 0.26275
0.41569 0.41176 0.4549
0.11765 0.17647 0.29804
0.11765 0.17647 0.29804
0.11373 0.17255 0.29412
0.12549 0.18431 0.30588
0.11373 0.17255 0.29412
0.12549 0.18039 0.30196
0.13333 0.18039 0.30588
0.12941 0.18431 0.29804
0.11765 0.18039 0.28627
0.13333 0.18431 0.2902
0.21176 0.21961 0.29412
0.12157 0.18039 0.30196
0.12157 0.18039 0.30196
0.11373 0.17255 0.29412
0.11765 0.17647 0.29804
0.12157 0.18039 0.30196
0.12549 0.18431 0.30588
0.12941 0.18431 0.3098
0.12941 0.18039 0.30196
0.12157 0.17647 0.2902
0.12549 0.18039 0.29412
0.13725 0.16078 0.26275
0.55294 0.52549 0.55686
0.12157 0.18824 0.30588
0.11373 0.17647 0.29804
0.11765 0.17647 0.29804
0.11765 0.17255 0.29804
0.13333 0.18431 0.31373
0.12941 0.18039 0.3098
0.13333 0.18431 0.31765
0.13333 0.18824 0.31765
0.12157 0.18431 0.2902
0.12157 0.18431 0.28627
0.11765 0.16863 0.28235
0.29412 0.29804 0.36078
0.11765 0.18824 0.30588
0.10196 0.17255 0.2902
0.11765 0.18039 0.29804
0.11373 0.17255 0.29412
0.12549 0.17647 0.3098
0.11765 0.16863 0.30196
0.13333 0.18431 0.31765
0.12941 0.18431 0.3098
0.11765 0.18431 0.29412
0.12157 0.18039 0.29804
0.14902 0.17255 0.26667
0.62745 0.60392 0.60392
0.12157 0.18824 0.30588
0.11373 0.18824 0.30588
0.098039 0.17255 0.2902
0.11765 0.18824 0.30196
0.1098 0.17647 0.29412
0.11373 0.16471 0.29804
0.12157 0.17255 0.30588
0.13725 0.18824 0.32157
0.13725 0.19216 0.31373
0.12549 0.18431 0.30196
0.11765 0.16863 0.27451
0.34902 0.3451 0.4
0.11765 0.18824 0.30588
0.1098 0.18431 0.30588
0.11373 0.18431 0.30588
0.11373 0.18431 0.30588
0.11373 0.18039 0.30196
0.11373 0.17255 0.29804
0.12549 0.18039 0.30588
0.12549 0.17647 0.30196
0.12549 0.18431 0.30588
0.14118 0.19216 0.31765
0.16471 0.19216 0.27059
0.11765 0.18431 0.30196
0.12549 0.19608 0.31373
0.12941 0.19608 0.31765
0.11765 0.18431 0.30588
0.10588 0.16863 0.2902
0.11765 0.18431 0.30196
0.13333 0.18824 0.3098
0.12941 0.18431 0.29804
0.12157 0.18039 0.29412
0.13333 0.17647 0.28627
0.38431 0.38824 0.42353
0.11765 0.18431 0.30196
0.12157 0.18824 0.30588
0.12549 0.19216 0.30588
0.12157 0.18824 0.30588
0.10588 0.17255 0.2902
0.12157 0.18824 0.30588
0.12549 0.18039 0.30196
0.13333 0.18824 0.30196
0.12941 0.18431 0.30196
0.15686 0.19216 0.27451
0.12549 0.18824 0.30588
0.12549 0.19216 0.30588
0.12157 0.18824 0.30196
0.1098 0.17647 0.28627
0.11765 0.18431 0.29804
0.12157 0.18431 0.29804
0.12941 0.18431 0.30196
0.11765 0.16863 0.29804
0.33725 0.36078 0.41961
0.12549 0.19216 0.3098
0.1098 0.17647 0.2902
0.12157 0.18824 0.29804
0.10196 0.18039 0.28627
0.11765 0.18824 0.29804
0.12941 0.19608 0.3098
0.12941 0.18039 0.28627
0.1098 0.17647 0.29412
0.11765 0.18431 0.29804
0.11765 0.18431 0.29412
0.1098 0.18431 0.29412
0.11765 0.18431 0.29412
0.12157 0.17255 0.27843
0.29412 0.3098 0.38431
0.12157 0.18824 0.29804
0.12941 0.18824 0.30196
0.13333 0.18431 0.2902
0.14902 0.17647 0.27059
0.58824 0.57255 0.60784
0.14118 0.18824 0.2902
0.23137 0.24706 0.3098
0.41176 0.40392 0.4549
