0.36078 0.43529 0.55294
0.35294 0.43137 0.56078
0.35294 0.42745 0.54902
0.3451 0.41961 0.54902
0.34118 0.41569 0.55294
0.33725 0.41569 0.54902
0.33725 0.41176 0.54118
0.36863 0.44314 0.56471
0.35294 0.42745 0.55686
0.3451 0.41961 0.55686
0.34902 0.42353 0.56078
0.34902 0.42353 0.55294
0.32549 0.4 0.52549
0.37647 0.44706 0.57255
0.35294 0.42745 0.55294
0.33725 0.41569 0.5451
0.33333 0.40784 0.53725
0.3451 0.41961 0.54902
0.33333 0.40784 0.53725
0.35686 0.43529 0.56078
0.33725 0.41569 0.5451
0.33725 0.41569 0.5451
0.34118 0.41569 0.54118
0.38431 0.45882 0.58431
0.36078 0.43922 0.56863
0.34118 0.41961 0.5451
0.33725 0.41176 0.53725
0.37647 0.44314 0.56863
0.35686 0.42745 0.55294
0.33725 0.41176 0.53725
0.34118 0.41569 0.54118
0.36863 0.43137 0.55686
0.3451 0.41176 0.54118
0.34902 0.42353 0.54902
0.36863 0.43137 0.55686
0.3451 0.41176 0.54118
0.34902 0.42353 0.54902
