0.47451 0.61176 0.77647
0.46275 0.6 0.76471
0.47451 0.61176 0.77647
0.47059 0.60784 0.77255
0.46667 0.60392 0.76863
0.47451 0.61176 0.77647
0.47451 0.61176 0.77647
0.47451 0.61176 0.77647
0.47059 0.60784 0.77255
0.47451 0.61176 0.77647
0.47059 0.60784 0.77255
0.47451 0.61176 0.77647
0.47843 0.61569 0.78039
0.47451 0.61176 0.77647
0.47059 0.60784 0.77255
0.47451 0.61176 0.77647
0.47059 0.60784 0.77255
0.47451 0.61176 0.77255
0.47059 0.60784 0.77255
0.47451 0.61176 0.77647
0.47451 0.61176 0.77647
0.47059 0.60784 0.77255
0.47843 0.61569 0.78039
0.47843 0.61569 0.78039
0.47059 0.60784 0.77255
0.47451 0.61176 0.77647
0.47451 0.61176 0.77647
0.47843 0.61569 0.78039
0.47059 0.60784 0.77255
0.47059 0.60784 0.77255
0.47451 0.61176 0.77647
0.47059 0.61176 0.77255
