0.93725 0.87059 0.75294
0.9451 0.87843 0.76078
0.93725 0.87059 0.75294
0.92941 0.86275 0.7451
0.94118 0.87451 0.75294
0.94902 0.88235 0.76471
0.93725 0.87059 0.75294
0.9451 0.87451 0.75686
0.95294 0.88627 0.76863
0.94118 0.87451 0.75686
0.95686 0.8902 0.77255
0.95294 0.87843 0.76078
0.93725 0.86275 0.7451
0.93725 0.87059 0.75294
0.95294 0.88627 0.77255
0.95294 0.88627 0.77255
0.93333 0.86667 0.75294
0.92941 0.86275 0.7451
0.94118 0.87059 0.75294
0.92941 0.86275 0.7451
0.9451 0.87843 0.76863
0.93333 0.86667 0.76078
0.95294 0.88627 0.77255
0.93725 0.87059 0.75294
0.93725 0.87059 0.75294
0.92549 0.85882 0.74902
0.93333 0.86667 0.75686
0.93333 0.87451 0.75294
0.9098 0.83922 0.72941
0.91373 0.83922 0.72549
