0.21569 0.2549 0.40392
0.21176 0.25098 0.40784
0.23529 0.26667 0.42745
0.22353 0.2549 0.41569
0.20392 0.23922 0.39608
0.21176 0.25882 0.42353
0.21569 0.30588 0.48235
0.20784 0.32941 0.49412
0.2 0.32549 0.48627
0.18824 0.30588 0.47059
0.18824 0.29804 0.46275
0.2 0.29804 0.47451
0.20392 0.2902 0.47451
0.20784 0.2549 0.40392
0.21961 0.25882 0.41176
0.21569 0.2549 0.40784
0.20784 0.24706 0.4
0.21176 0.26275 0.42353
0.21961 0.30196 0.47451
0.21569 0.31373 0.48235
0.21569 0.31373 0.47843
0.20784 0.30196 0.47059
0.2 0.2902 0.45882
0.20392 0.2902 0.46667
0.20392 0.29412 0.47059
0.21961 0.27059 0.41176
0.20784 0.25882 0.4
0.20784 0.25882 0.4
0.20784 0.25882 0.4
0.20784 0.27843 0.42353
0.20784 0.30196 0.46275
0.21176 0.3098 0.47059
0.22745 0.32157 0.48235
0.22353 0.31765 0.48235
0.22353 0.30588 0.47451
0.21176 0.29412 0.47059
0.19216 0.27843 0.46275
0.20392 0.29412 0.47059
0.20784 0.26275 0.39608
0.20784 0.25882 0.39608
0.18824 0.26667 0.41176
0.20784 0.31373 0.46667
0.21961 0.31765 0.47843
0.21961 0.32157 0.48235
0.22353 0.3098 0.47843
0.21961 0.29804 0.47843
0.20784 0.29412 0.47451
0.19608 0.28235 0.45882
0.20392 0.2902 0.46667
0.20784 0.29412 0.46667
0.21569 0.27059 0.40392
0.20784 0.26275 0.4
0.2 0.27451 0.41961
0.22353 0.31765 0.47843
0.23137 0.32157 0.48627
0.23137 0.32549 0.4902
0.23137 0.30588 0.48235
0.21961 0.28627 0.47451
0.21176 0.28627 0.47059
0.21176 0.2902 0.46667
0.21961 0.29412 0.47451
0.21961 0.29804 0.47451
0.20784 0.26275 0.4
0.20784 0.27843 0.42353
0.22353 0.31373 0.47451
0.23529 0.32157 0.48627
0.23137 0.32549 0.49412
0.22353 0.30196 0.47843
0.21176 0.28235 0.46275
0.21176 0.29804 0.47451
0.20784 0.29804 0.47059
0.20392 0.29412 0.46667
0.20784 0.29804 0.47059
0.2 0.28235 0.45098
0.21176 0.27059 0.40784
0.20784 0.26667 0.40392
0.20784 0.27059 0.41569
0.21961 0.3098 0.47451
0.21961 0.31373 0.48627
0.21961 0.31373 0.48235
0.22745 0.31373 0.48627
0.22353 0.30588 0.48235
0.21176 0.29804 0.47451
0.20392 0.2902 0.47059
0.19608 0.28627 0.46667
0.19608 0.28627 0.46275
0.2 0.2902 0.45882
0.20784 0.26275 0.4
0.20392 0.25882 0.40392
0.19608 0.25882 0.40392
0.20392 0.30588 0.47451
0.20784 0.32157 0.4902
0.21569 0.31765 0.48627
0.21176 0.3098 0.48235
0.22353 0.31373 0.48627
0.21569 0.30588 0.48235
0.20784 0.29804 0.47451
0.2 0.29412 0.47059
0.20392 0.29804 0.47059
0.19216 0.28627 0.4549
0.21569 0.26275 0.40392
0.21961 0.26667 0.41176
0.21176 0.27059 0.41569
0.20784 0.30588 0.47451
0.21176 0.31765 0.4902
0.22353 0.32549 0.4902
0.20784 0.30588 0.47843
0.21569 0.30588 0.47843
0.21569 0.30588 0.47843
0.21176 0.30196 0.47059
0.20784 0.29804 0.47059
0.20784 0.29804 0.47059
0.20392 0.2902 0.46667
0.22353 0.26667 0.40392
0.22745 0.26275 0.41176
0.20784 0.25882 0.41569
0.22353 0.30196 0.48235
0.22353 0.31373 0.4902
0.22745 0.31765 0.48627
0.21569 0.30588 0.47843
0.21961 0.30588 0.48235
0.21961 0.30196 0.47451
0.21176 0.29412 0.46275
0.21176 0.29412 0.46275
0.22353 0.30588 0.47451
0.21569 0.30196 0.47451
0.22353 0.26667 0.40392
0.22353 0.25882 0.40392
0.20392 0.25882 0.42745
0.23137 0.3098 0.4902
0.22745 0.31765 0.49412
0.22745 0.31765 0.4902
0.22745 0.31765 0.4902
0.22353 0.31373 0.48627
0.21176 0.30196 0.47059
0.20392 0.29412 0.45882
0.2 0.2902 0.4549
0.21176 0.30196 0.46667
0.2 0.2902 0.4549
0.21569 0.26275 0.40784
0.21961 0.26275 0.40784
0.21569 0.25882 0.40784
0.2 0.2549 0.42353
0.21961 0.29412 0.47451
0.21961 0.3098 0.48235
0.22745 0.31765 0.4902
0.21961 0.31373 0.48627
0.21961 0.31373 0.48627
0.21176 0.30588 0.47843
0.20392 0.29804 0.46667
0.19216 0.28627 0.45882
0.20392 0.29412 0.46275
0.20392 0.29412 0.45882
0.19216 0.28235 0.44706
0.21176 0.26667 0.41176
0.19608 0.24706 0.39608
0.20784 0.26275 0.4
0.20392 0.26275 0.40392
0.20784 0.26667 0.41569
0.21569 0.27451 0.43922
0.22745 0.3098 0.48627
0.22745 0.31765 0.4902
0.21961 0.31373 0.48235
0.21569 0.3098 0.48235
0.21569 0.3098 0.48235
0.20392 0.29804 0.47059
0.20392 0.29804 0.47059
0.19608 0.2902 0.46275
0.20784 0.29804 0.47059
0.21569 0.30196 0.47059
0.19216 0.28235 0.44706
0.21961 0.27451 0.41961
0.20784 0.26275 0.40784
0.20392 0.25882 0.40392
0.20392 0.25882 0.40392
0.21961 0.26667 0.41569
0.2 0.26275 0.41961
0.22353 0.30588 0.47843
0.23137 0.31765 0.49412
0.23137 0.32549 0.49804
0.21961 0.31765 0.4902
0.21569 0.30588 0.47843
0.21176 0.30588 0.47843
0.20784 0.30196 0.47451
0.20392 0.29412 0.46667
0.20784 0.29412 0.46667
0.20784 0.2902 0.46667
0.21961 0.27451 0.41961
0.20784 0.26275 0.40784
0.2 0.25098 0.39608
0.21176 0.25882 0.40784
0.24314 0.27843 0.43137
0.19608 0.2549 0.41176
0.22353 0.3098 0.47843
0.22745 0.32157 0.49412
0.21961 0.32157 0.49412
0.22745 0.32157 0.49412
0.22745 0.31765 0.4902
0.21176 0.30196 0.47451
0.20392 0.29804 0.47059
0.20784 0.30196 0.47451
0.21176 0.30196 0.47451
0.20392 0.28627 0.45882
0.19608 0.28627 0.45098
0.22745 0.28235 0.42353
0.20784 0.26275 0.40392
0.20392 0.2549 0.4
0.21176 0.25882 0.40784
0.22353 0.26275 0.41176
0.23529 0.27059 0.41961
0.20784 0.26667 0.41961
0.21176 0.30196 0.47059
0.21961 0.32549 0.49412
0.21961 0.32549 0.49412
0.22353 0.32157 0.4902
0.22353 0.31373 0.48627
0.21569 0.30588 0.47843
0.2 0.29412 0.46667
0.20784 0.29804 0.47059
0.21176 0.30196 0.47451
0.21176 0.29412 0.46667
0.22745 0.27843 0.42745
0.21176 0.26667 0.41961
0.22745 0.28235 0.43529
0.21961 0.27451 0.42745
0.20392 0.25882 0.40784
0.21569 0.26667 0.40784
0.22353 0.27059 0.40784
0.21961 0.26667 0.40392
0.21961 0.27059 0.42353
0.21961 0.30196 0.47451
0.21176 0.3098 0.4902
0.21569 0.3098 0.48627
0.21961 0.3098 0.48235
0.23137 0.31765 0.4902
0.22745 0.3098 0.48627
0.21176 0.29804 0.47451
0.20784 0.2902 0.46667
0.21176 0.29412 0.46667
0.20784 0.29804 0.46275
0.22353 0.28627 0.43137
0.22353 0.27843 0.43137
0.22745 0.28235 0.43529
0.21569 0.27059 0.42353
0.21176 0.26667 0.41569
0.21961 0.27059 0.41176
0.22353 0.27451 0.41569
0.22353 0.27843 0.41569
0.21176 0.26667 0.41961
0.22745 0.3098 0.48235
0.22745 0.31765 0.49804
0.22745 0.31765 0.49412
0.21961 0.3098 0.48235
0.23529 0.32157 0.49412
0.22745 0.3098 0.48627
0.21569 0.30196 0.47843
0.2 0.28235 0.45882
0.20392 0.2902 0.46275
0.19608 0.28627 0.4549
0.24314 0.2902 0.43137
0.23137 0.28627 0.42745
0.23529 0.2902 0.44314
0.22353 0.27843 0.43137
0.21176 0.26667 0.41961
0.21569 0.27059 0.42353
0.20784 0.26275 0.41176
0.21961 0.27451 0.41961
0.21176 0.26667 0.41176
0.21176 0.26667 0.41176
0.2 0.26667 0.41569
0.22353 0.30588 0.47843
0.23137 0.31765 0.50196
0.23137 0.32157 0.49804
0.22745 0.31765 0.4902
0.24314 0.32549 0.50196
0.22353 0.31373 0.48627
0.21176 0.30196 0.47451
0.20392 0.29412 0.46667
0.21176 0.30196 0.47451
0.2 0.2902 0.46275
0.2549 0.30196 0.43922
0.23137 0.27843 0.42353
0.23922 0.28627 0.43529
0.24706 0.29412 0.44314
0.22353 0.27451 0.42353
0.21176 0.26667 0.41961
0.21569 0.27059 0.42353
0.20392 0.25882 0.41176
0.21961 0.27451 0.41961
0.21961 0.27451 0.41961
0.20784 0.26275 0.40784
0.2 0.25882 0.40392
0.22353 0.30588 0.47059
0.23529 0.31765 0.49412
0.23529 0.32157 0.49412
0.23137 0.32157 0.49804
0.22353 0.31765 0.50196
0.21569 0.31373 0.49412
0.21176 0.30588 0.48627
0.20392 0.29412 0.47451
0.20392 0.29412 0.46667
0.20392 0.29412 0.46667
0.27451 0.31765 0.45098
0.25098 0.30196 0.43922
0.23137 0.28235 0.42353
0.24706 0.29412 0.44314
0.23922 0.28627 0.43529
0.21569 0.26667 0.41569
0.22353 0.27843 0.43137
0.20784 0.26275 0.41569
0.21176 0.26667 0.41569
0.21569 0.27059 0.41569
0.21961 0.27451 0.41961
0.21961 0.27451 0.41961
0.21176 0.27059 0.41176
0.23137 0.3098 0.47451
0.24706 0.32941 0.50588
0.23529 0.32549 0.49804
0.22745 0.31765 0.49804
0.21961 0.3098 0.49804
0.20784 0.30196 0.4902
0.20784 0.29804 0.48235
0.20784 0.29412 0.47451
0.21176 0.29804 0.47059
0.20392 0.29412 0.46667
0.23529 0.28235 0.42745
0.23529 0.28235 0.43137
0.23529 0.28235 0.43137
0.22353 0.27059 0.42353
0.21176 0.26667 0.42353
0.21569 0.27059 0.42353
0.21961 0.27451 0.42745
0.21961 0.27451 0.41961
0.22745 0.28235 0.42745
0.21961 0.27451 0.41961
0.21176 0.27059 0.41569
0.22353 0.30196 0.46667
0.23922 0.32157 0.50196
0.22353 0.31765 0.4902
0.21961 0.31373 0.49412
0.22745 0.31373 0.50588
0.21569 0.30196 0.4902
0.21569 0.30196 0.48235
0.21569 0.29804 0.47059
0.21176 0.29804 0.46667
0.20392 0.29412 0.46667
0.23137 0.28235 0.42353
0.23137 0.28235 0.43137
0.22745 0.27843 0.42745
0.21569 0.27843 0.42353
0.21569 0.27451 0.42353
0.21569 0.27843 0.42353
0.22353 0.28235 0.42745
0.22353 0.27843 0.42353
0.21961 0.27059 0.41176
0.21176 0.27451 0.41569
0.22745 0.3098 0.46667
0.24314 0.32941 0.50196
0.22745 0.32157 0.49804
0.21569 0.3098 0.4902
0.22353 0.31373 0.49412
0.21961 0.3098 0.48235
0.21176 0.30196 0.47059
0.20392 0.29412 0.46275
0.20392 0.29412 0.45882
0.22745 0.28235 0.42745
0.21961 0.27451 0.41961
0.21176 0.27451 0.41569
0.21961 0.28235 0.42353
0.20784 0.27059 0.41176
0.21961 0.27451 0.41961
0.23529 0.28627 0.42745
0.22745 0.27451 0.41176
0.22353 0.27451 0.42353
0.23922 0.31765 0.47451
0.20784 0.30196 0.47059
0.21176 0.30196 0.47451
0.20784 0.29804 0.47059
0.20392 0.29412 0.45882
0.21961 0.27451 0.41961
0.23529 0.28235 0.41961
0.23922 0.27843 0.41569
0.23922 0.28627 0.43137
0.23137 0.3098 0.46667
0.2549 0.28627 0.43529
0.23922 0.27059 0.41569
