0.52549 0.60784 0.72941
0.52157 0.6 0.72157
0.51373 0.60392 0.72549
0.52157 0.60392 0.72549
0.51765 0.6 0.72157
0.52157 0.60784 0.72941
0.51373 0.6 0.72157
0.51373 0.60392 0.72941
0.51765 0.60784 0.72941
0.51373 0.60784 0.72941
0.51373 0.60392 0.72549
0.52549 0.61176 0.73333
0.52549 0.60784 0.72941
0.51373 0.60392 0.72549
0.51373 0.60392 0.72549
0.51373 0.60392 0.72549
0.51765 0.6 0.72549
0.51765 0.6 0.72157
0.51765 0.60784 0.72941
0.51765 0.60784 0.72941
0.51765 0.60784 0.72941
0.51373 0.6 0.72157
0.52157 0.60392 0.72549
0.51373 0.60784 0.72941
0.51765 0.60784 0.72941
0.51765 0.60392 0.72549
0.51765 0.60784 0.72941
0.51373 0.60392 0.72549
0.5098 0.60392 0.72549
0.5098 0.6 0.72157
0.51373 0.60392 0.72549
0.51765 0.60784 0.72941
0.51373 0.60392 0.72549
0.5098 0.60392 0.72549
0.51765 0.60784 0.72941
0.52157 0.60784 0.72941
0.51373 0.60392 0.72549
0.51765 0.60784 0.72941
