0.20392 0.30588 0.42745
0.2 0.30196 0.42353
0.2 0.30196 0.42353
0.20392 0.30196 0.42353
0.2 0.30196 0.43529
0.20392 0.30196 0.43137
0.2 0.29804 0.41569
0.2 0.29804 0.41961
0.20392 0.30196 0.42353
0.19608 0.30196 0.42745
0.2 0.3098 0.43137
0.2 0.30196 0.42745
0.2 0.30196 0.42745
0.20392 0.30196 0.42745
0.20392 0.30196 0.42353
0.20392 0.30588 0.43529
0.19608 0.29804 0.42745
0.21176 0.31373 0.44314
0.21176 0.3098 0.43529
0.19608 0.29804 0.42745
0.19608 0.29804 0.42745
0.22353 0.32941 0.45882
0.19608 0.30588 0.43137
0.19216 0.29804 0.42353
0.19216 0.29412 0.42353
0.22353 0.32549 0.4549
0.23137 0.33333 0.4549
0.23137 0.32941 0.45098
