0.10588 0.11765 0.17647
0.094118 0.10588 0.16471
0.043137 0.062745 0.14118
0.062745 0.086275 0.17255
0.070588 0.10196 0.16863
0.10196 0.1098 0.16863
0.039216 0.058824 0.13725
0.05098 0.082353 0.15686
0.066667 0.10196 0.17255
0.027451 0.066667 0.13333
0.12157 0.13333 0.19216
0.047059 0.066667 0.14118
0.054902 0.082353 0.15686
0.082353 0.1098 0.18039
0.054902 0.082353 0.15686
0.031373 0.070588 0.14118
0.07451 0.10588 0.16863
0.07451 0.1098 0.17647
0.015686 0.062745 0.12941
0.10196 0.12157 0.18431
