0.61176 0.57255 0.53725
0.61569 0.57647 0.54118
0.61176 0.57255 0.53725
0.60784 0.57255 0.54118
0.60784 0.57255 0.5451
0.61569 0.57255 0.53333
0.61176 0.57255 0.53333
0.61176 0.57255 0.53725
0.61569 0.57647 0.53725
0.61176 0.57255 0.54118
0.61961 0.57255 0.53725
0.61569 0.57647 0.53725
0.61176 0.57255 0.53333
0.61569 0.57647 0.53725
0.61569 0.57647 0.54118
0.61961 0.57255 0.53725
0.61176 0.57255 0.53333
0.60784 0.56863 0.52941
0.61176 0.57255 0.53333
0.60784 0.56863 0.52941
0.61176 0.57255 0.53725
