0.19216 0.3098 0.44706
0.18824 0.30588 0.44706
0.18431 0.30196 0.44314
0.18824 0.30588 0.44706
0.2 0.3098 0.4549
0.18824 0.31373 0.44706
0.19216 0.3098 0.45098
0.19608 0.31373 0.4549
0.18824 0.30588 0.44706
0.18824 0.30588 0.45098
0.19216 0.3098 0.45098
0.19608 0.3098 0.44706
0.19608 0.30588 0.45098
0.18431 0.3098 0.44314
0.18039 0.30588 0.43922
0.18431 0.30588 0.44314
0.19608 0.31373 0.45098
0.19608 0.31373 0.44706
0.2 0.31373 0.44706
0.2 0.30588 0.44706
0.19216 0.31765 0.45098
0.18039 0.3098 0.43922
0.17647 0.30196 0.43137
0.19216 0.30588 0.43922
0.19608 0.3098 0.44314
0.2 0.31373 0.44706
0.19608 0.3098 0.44314
0.19216 0.31765 0.45098
0.18039 0.3098 0.43922
0.17647 0.30196 0.43137
0.19608 0.31373 0.44706
0.2 0.3098 0.44314
0.18824 0.30196 0.43529
0.19608 0.3098 0.44314
0.18824 0.31373 0.44706
0.17647 0.30588 0.43922
0.16863 0.29804 0.42745
0.18824 0.3098 0.44314
0.20392 0.31765 0.45098
0.2 0.3098 0.44314
0.19216 0.30196 0.43922
0.17255 0.30196 0.43137
