0.6549 0.61961 0.58039
0.65882 0.61961 0.57647
0.65882 0.61961 0.57647
0.65882 0.61961 0.57647
0.66667 0.62353 0.58039
0.66275 0.62353 0.57647
0.66275 0.62353 0.57647
0.66275 0.62353 0.57255
0.65882 0.61961 0.57255
0.65882 0.61961 0.57647
0.67059 0.62353 0.57647
0.67059 0.62353 0.57647
0.67059 0.62353 0.57647
0.67451 0.62745 0.58431
0.66667 0.61961 0.58039
0.66667 0.61961 0.58039
0.66667 0.61961 0.58039
0.67059 0.62353 0.57647
0.67451 0.62745 0.57647
0.67451 0.62745 0.58039
0.67451 0.62745 0.58039
0.67451 0.62745 0.58039
0.67451 0.62745 0.58039
0.67059 0.62353 0.57647
0.67059 0.61961 0.58039
0.67451 0.62745 0.57647
