0.10588 0.13725 0.17647
0.098039 0.13725 0.17255
0.11373 0.14118 0.17647
0.13333 0.14902 0.18039
0.15294 0.16863 0.19216
0.13725 0.16078 0.18039
0.16078 0.15294 0.18039
0.086275 0.12157 0.16078
0.13333 0.13725 0.18431
0.19216 0.17647 0.21961
0.15686 0.15294 0.2
0.098039 0.098039 0.14902
0.066667 0.12549 0.1451
0.062745 0.1098 0.15294
0.058824 0.090196 0.14902
0.090196 0.11765 0.16471
0.062745 0.094118 0.15294
0.062745 0.10196 0.16078
0.11373 0.17647 0.19216
0.027451 0.090196 0.13333
0.019608 0.10196 0.15294
0.015686 0.11765 0.15294
0.078431 0.19608 0.22745
