0.54902 0.62745 0.72157
0.54902 0.62745 0.72157
0.55294 0.63137 0.72549
0.54902 0.62745 0.72157
0.54902 0.62745 0.72157
0.56471 0.63529 0.72941
0.56078 0.63137 0.72549
0.56078 0.63529 0.72549
0.54902 0.62745 0.72157
0.54902 0.62353 0.71765
0.54902 0.62745 0.72157
0.5451 0.62353 0.72157
0.56471 0.63529 0.72549
0.56471 0.63529 0.72549
0.56078 0.63137 0.72157
0.56471 0.63529 0.72941
0.55686 0.62745 0.72157
0.56078 0.63137 0.72549
0.55686 0.62745 0.72157
0.54902 0.61961 0.71765
0.5451 0.62353 0.72549
0.56863 0.63922 0.73333
0.56078 0.63922 0.72157
0.55294 0.63137 0.71765
0.55294 0.63137 0.72549
0.55686 0.62745 0.72157
0.56471 0.63529 0.72157
0.56471 0.63529 0.72157
0.55686 0.62745 0.71373
0.54902 0.61961 0.71373
0.5451 0.62353 0.72157
0.48235 0.56471 0.66275
0.56863 0.63922 0.73333
0.56471 0.63922 0.72941
0.55686 0.63922 0.71765
0.55686 0.63922 0.72549
0.55294 0.63137 0.72941
0.55686 0.63137 0.72157
0.55686 0.62745 0.71373
0.56078 0.63137 0.71765
0.56078 0.63137 0.71373
0.54902 0.62353 0.7098
0.54118 0.62353 0.71765
0.5098 0.59216 0.6902
0.56078 0.63922 0.72941
0.55686 0.63922 0.71765
0.56078 0.63922 0.72941
0.55686 0.63529 0.72941
0.55686 0.63529 0.72941
0.56078 0.63137 0.72157
0.55686 0.62745 0.71373
0.56078 0.63137 0.71765
0.55686 0.62745 0.71373
0.55294 0.62353 0.71765
0.54118 0.62353 0.71765
0.52549 0.61176 0.7098
0.55294 0.63529 0.72157
0.55686 0.63529 0.72549
0.56078 0.63922 0.72941
0.55686 0.63529 0.72941
0.55294 0.63137 0.72549
0.55686 0.63529 0.72941
0.56078 0.63137 0.72157
0.56078 0.63137 0.71765
0.55686 0.62745 0.71373
0.55686 0.62745 0.71373
0.55686 0.62745 0.72157
0.54118 0.62353 0.71765
0.52941 0.61176 0.7098
0.55686 0.63922 0.72941
0.56078 0.63922 0.73333
0.55686 0.63529 0.72941
0.55686 0.63529 0.72941
0.55686 0.63529 0.72941
0.56078 0.63137 0.72157
0.56471 0.63529 0.72157
0.55686 0.62745 0.71373
0.55686 0.62745 0.71373
0.55686 0.63137 0.72157
0.5451 0.62353 0.71765
0.53725 0.61961 0.71765
0.55686 0.63529 0.72941
0.55686 0.63529 0.72941
0.56078 0.63922 0.73333
0.56078 0.63922 0.73333
0.55686 0.63529 0.72941
0.56471 0.63529 0.72549
0.56471 0.63529 0.72157
0.56078 0.63137 0.71765
0.56078 0.63137 0.72157
0.55686 0.63137 0.72549
0.54902 0.62745 0.72549
0.5451 0.62353 0.72549
0.47451 0.56078 0.67059
0.56078 0.63922 0.73333
0.55686 0.63529 0.72941
0.55686 0.63529 0.72941
0.55686 0.63529 0.72941
0.55686 0.63529 0.72941
0.55686 0.63529 0.72941
0.56078 0.63137 0.72157
0.56078 0.63137 0.71765
0.56078 0.63137 0.72157
0.56078 0.63137 0.72157
0.55686 0.62745 0.72157
0.54902 0.62353 0.72157
0.53725 0.61961 0.71765
0.56078 0.63922 0.73333
0.56078 0.63922 0.73333
0.55686 0.63529 0.72941
0.55294 0.63137 0.72549
0.56078 0.63922 0.73333
0.55686 0.63922 0.73333
0.56078 0.63137 0.72941
0.56471 0.63529 0.72941
0.56078 0.63137 0.72549
0.55686 0.62745 0.72157
0.55686 0.62745 0.72157
0.54902 0.62353 0.72157
0.54118 0.61961 0.71765
0.46667 0.55294 0.65882
0.55686 0.64314 0.73333
0.56078 0.63922 0.73333
0.56078 0.63529 0.72941
0.56078 0.63529 0.72941
0.56471 0.63529 0.72941
0.56863 0.63922 0.73333
0.56078 0.63137 0.72549
0.55686 0.62745 0.72157
0.55686 0.62745 0.72549
0.5451 0.62353 0.71765
0.53725 0.62353 0.72157
0.49412 0.58039 0.68627
0.55686 0.63922 0.72941
0.56078 0.63922 0.73333
0.55686 0.63137 0.72549
0.56471 0.63529 0.72941
0.56471 0.63529 0.72941
0.56078 0.63137 0.72549
0.55686 0.62745 0.72157
0.56078 0.62745 0.72549
0.55294 0.61961 0.72157
0.5451 0.62353 0.72157
0.54118 0.62353 0.72157
0.51765 0.60392 0.71373
0.56078 0.64314 0.72549
0.56471 0.64314 0.73725
0.56078 0.63529 0.72941
0.56471 0.63529 0.72941
0.56471 0.63529 0.72941
0.56078 0.63137 0.72549
0.56078 0.63137 0.72549
0.55686 0.62353 0.72157
0.54902 0.61961 0.72157
0.5451 0.62353 0.72157
0.54118 0.62353 0.72157
0.53333 0.61961 0.72941
0.56471 0.63529 0.72941
0.56078 0.63529 0.72941
0.56471 0.63922 0.73333
0.56471 0.63529 0.72941
0.56471 0.63529 0.72941
0.55686 0.62745 0.72157
0.56471 0.63529 0.72941
0.56078 0.63137 0.72549
0.55686 0.63137 0.72157
0.54902 0.63137 0.72157
0.53725 0.62353 0.71373
0.53725 0.62353 0.72549
0.47451 0.56863 0.68235
0.56471 0.63137 0.73333
0.56863 0.63922 0.73333
0.56471 0.63529 0.72941
0.56471 0.63529 0.72941
0.56471 0.63529 0.72941
0.56078 0.63137 0.72549
0.56078 0.63137 0.72549
0.56471 0.63137 0.72157
0.56078 0.63137 0.71765
0.54902 0.62745 0.7098
0.54118 0.62353 0.7098
0.53725 0.62353 0.71765
0.51373 0.60392 0.7098
0.56863 0.63529 0.73725
0.56471 0.63529 0.72941
0.56078 0.63137 0.72549
0.56471 0.63529 0.72941
0.56471 0.63529 0.72941
0.56078 0.63137 0.72157
0.56078 0.63137 0.71765
0.55294 0.63137 0.71373
0.54902 0.63137 0.71373
0.54118 0.61961 0.7098
0.52941 0.61176 0.71373
0.56078 0.63137 0.72549
0.56078 0.63137 0.72157
