0.26667 0.58431 0.76863
0.27451 0.59608 0.78039
0.31373 0.61569 0.77647
0.32157 0.61176 0.76078
0.28235 0.60392 0.78431
0.3098 0.60784 0.77255
0.33333 0.61176 0.76471
0.24706 0.57255 0.76863
0.29804 0.61961 0.79216
0.31765 0.61569 0.78039
0.32549 0.60392 0.76863
0.26667 0.58431 0.78431
0.31373 0.62745 0.80392
0.32941 0.61961 0.78431
0.32549 0.6 0.76078
0.27451 0.59608 0.79216
0.32157 0.62353 0.80392
0.32549 0.60784 0.77647
0.32549 0.59608 0.75294
0.27843 0.59608 0.79608
0.32157 0.61961 0.8
0.31765 0.60784 0.77255
0.34118 0.6 0.7451
0.28235 0.6 0.8
0.32941 0.61961 0.79608
0.32941 0.61176 0.77647
0.29412 0.61176 0.80392
