0.48627 0.46275 0.46275
0.49804 0.47843 0.48235
0.50196 0.48235 0.48235
0.49412 0.47843 0.48235
0.48627 0.47059 0.47451
0.52549 0.5098 0.51765
0.52157 0.50588 0.5098
0.5098 0.49412 0.49804
0.49804 0.48235 0.48627
0.48627 0.47843 0.48235
0.52157 0.50588 0.5098
0.52157 0.50588 0.5098
0.51373 0.49804 0.50196
0.50588 0.4902 0.49412
0.48235 0.47059 0.47451
0.44706 0.43137 0.42745
0.52157 0.50588 0.50196
0.51373 0.49804 0.49412
0.52157 0.50588 0.50196
0.51373 0.50196 0.49804
0.51373 0.49804 0.49412
0.33333 0.32549 0.32157
0.43922 0.41961 0.41961
0.51765 0.49804 0.49412
0.51765 0.50196 0.4902
0.53333 0.51373 0.50588
0.41961 0.40784 0.4
0.50588 0.48627 0.47843
0.52157 0.50588 0.4902
0.54902 0.52549 0.51373
0.49804 0.47843 0.47059
0.52941 0.51373 0.49804
0.53725 0.51373 0.49804
0.53725 0.5098 0.5098
0.52549 0.5098 0.49412
0.52941 0.50588 0.49412
0.46667 0.4549 0.43529
0.43529 0.43529 0.45098
0.42745 0.41961 0.44314
0.43922 0.42353 0.44706
0.46275 0.42745 0.41569
0.55686 0.52549 0.52157
0.53333 0.50588 0.49804
0.52157 0.49412 0.48627
0.52549 0.49804 0.4902
0.43922 0.41569 0.40392
0.46275 0.4549 0.47843
0.44706 0.43137 0.46275
0.43922 0.42745 0.45882
0.43529 0.42353 0.4549
0.47843 0.43529 0.41569
0.56471 0.52941 0.5098
0.5451 0.5098 0.49804
0.53725 0.50588 0.49804
0.53725 0.50588 0.49804
0.52549 0.49412 0.48627
0.54902 0.51373 0.50588
0.52941 0.49412 0.48627
0.41961 0.4 0.4
0.47451 0.4549 0.46667
0.4549 0.43529 0.4549
0.4549 0.43922 0.45882
0.4549 0.43529 0.46667
0.43529 0.41569 0.44314
0.42745 0.40784 0.43529
0.4 0.38039 0.40784
0.57647 0.52549 0.50196
0.61569 0.56471 0.54118
0.61569 0.56471 0.54902
0.59216 0.54902 0.52941
0.58431 0.5451 0.52157
0.58431 0.5451 0.53333
0.58039 0.54118 0.53333
0.57647 0.53725 0.53333
0.57647 0.53333 0.52549
0.57647 0.53333 0.52549
0.57647 0.53725 0.53333
0.56078 0.52157 0.51765
0.52549 0.48627 0.47843
0.4902 0.45098 0.44314
0.49412 0.4549 0.44706
0.51765 0.48235 0.47451
0.55686 0.52157 0.51765
0.55294 0.51765 0.51373
0.54118 0.5098 0.50196
0.53333 0.5098 0.50196
0.52157 0.50196 0.49804
0.51373 0.49412 0.50196
0.5098 0.48627 0.49804
0.50588 0.48235 0.49412
0.50196 0.47843 0.49412
0.50588 0.48235 0.50588
0.48235 0.45882 0.48235
0.65098 0.6 0.57647
0.65098 0.6 0.57647
0.64706 0.59608 0.57255
0.64314 0.59216 0.56863
0.63922 0.59608 0.56471
0.63922 0.59608 0.56863
0.63529 0.59216 0.57647
0.62353 0.58431 0.56863
0.62353 0.58824 0.57255
0.62745 0.58824 0.58039
0.62353 0.58431 0.58039
0.62353 0.58431 0.57647
0.61961 0.58039 0.57255
0.62745 0.58431 0.57647
0.61569 0.57255 0.56471
0.60784 0.56863 0.56078
0.59608 0.56471 0.55294
0.59608 0.56471 0.55294
0.6 0.56863 0.55686
0.58824 0.55686 0.5451
0.58039 0.54902 0.54118
0.57647 0.5451 0.53725
0.56863 0.53725 0.52941
0.55686 0.53333 0.52941
0.5451 0.52157 0.52941
0.54118 0.52157 0.53333
0.54118 0.52157 0.53333
0.53725 0.5098 0.52941
0.53333 0.50588 0.53333
0.51765 0.4902 0.52157
0.64314 0.6 0.56863
0.64314 0.6 0.56863
0.64314 0.59608 0.56863
0.63922 0.6 0.56471
0.63529 0.59216 0.56863
0.63529 0.59216 0.57255
0.63137 0.59216 0.57647
0.62353 0.58824 0.56863
0.62353 0.58824 0.56863
0.61961 0.58039 0.56471
0.61569 0.57647 0.56078
0.61176 0.56863 0.55686
0.61569 0.57647 0.56078
0.61569 0.57255 0.56078
0.60784 0.57255 0.55686
0.59608 0.56863 0.54902
0.59216 0.56078 0.54902
0.59216 0.56078 0.54902
0.58824 0.55686 0.5451
0.58039 0.54902 0.54118
0.57647 0.5451 0.53725
0.57647 0.5451 0.53333
0.56078 0.53333 0.52941
0.55294 0.52941 0.52941
0.54118 0.52157 0.52549
0.53333 0.51373 0.52157
0.52941 0.50588 0.51765
0.52549 0.50196 0.51765
0.51765 0.49412 0.51765
0.64706 0.60784 0.57255
0.64706 0.60784 0.57255
0.64314 0.60392 0.56863
0.63529 0.6 0.56471
0.62745 0.58824 0.56471
0.62745 0.58431 0.56471
0.62745 0.59216 0.57255
0.62745 0.59216 0.57255
0.62745 0.59216 0.56078
0.63137 0.59216 0.56471
0.63137 0.58824 0.57255
0.62353 0.58039 0.56078
0.61961 0.57647 0.55686
0.61961 0.57647 0.56078
0.60784 0.57255 0.55294
0.60392 0.57647 0.55294
0.6 0.56471 0.55294
0.59608 0.56471 0.55294
0.58824 0.55686 0.5451
0.58431 0.55294 0.5451
0.58039 0.54902 0.54118
0.57647 0.5451 0.53725
0.56471 0.54118 0.52941
0.55294 0.53333 0.52549
0.5451 0.52549 0.52549
0.53725 0.51765 0.52157
0.53725 0.51373 0.52157
0.53333 0.50588 0.51765
0.52941 0.50196 0.52157
0.64314 0.60784 0.57255
0.64314 0.60784 0.57255
0.64314 0.60784 0.57255
0.63922 0.60392 0.56863
0.62745 0.59216 0.56471
0.62745 0.59216 0.57255
0.63137 0.59216 0.57255
0.63137 0.58824 0.56863
0.63137 0.58824 0.57255
0.63529 0.59216 0.57255
0.63137 0.58824 0.56863
0.62745 0.58431 0.56078
0.62353 0.58039 0.55686
0.61961 0.58431 0.55686
0.61569 0.58039 0.56078
0.61176 0.57647 0.56078
0.60784 0.57255 0.55686
0.60784 0.57255 0.55294
0.60392 0.56863 0.54902
0.59216 0.56078 0.54118
0.58039 0.55294 0.54118
0.57255 0.55294 0.54118
0.56863 0.5451 0.53725
0.56863 0.53725 0.53333
0.56863 0.53333 0.53725
0.55686 0.52941 0.52941
0.5451 0.52157 0.52157
0.53333 0.51373 0.51765
0.53333 0.5098 0.52157
0.64314 0.60784 0.57255
0.63922 0.60392 0.56863
0.64314 0.60784 0.57255
0.63922 0.60392 0.56863
0.63529 0.6 0.56863
0.63529 0.6 0.57255
0.63137 0.59216 0.56863
0.62745 0.58431 0.56471
0.63529 0.59216 0.57255
0.63529 0.59216 0.56471
0.62745 0.58431 0.55686
0.62353 0.58039 0.55294
0.62745 0.58824 0.55686
0.62745 0.59216 0.55686
0.61961 0.58431 0.55686
0.61176 0.57647 0.55686
0.61176 0.57647 0.55686
0.60784 0.57255 0.55294
0.6 0.56471 0.5451
0.59216 0.56078 0.54118
0.59608 0.56078 0.54902
0.57647 0.55686 0.5451
0.57255 0.54902 0.53725
0.58039 0.5451 0.54118
0.56863 0.53333 0.53725
0.56471 0.53333 0.53725
0.55294 0.52549 0.52941
0.54902 0.51765 0.52941
0.54118 0.51373 0.52157
0.52941 0.50588 0.51765
0.63922 0.60392 0.56863
0.63922 0.60392 0.56863
0.63922 0.60392 0.56863
0.63529 0.60392 0.56078
0.64314 0.60784 0.57255
0.63529 0.6 0.56863
0.63137 0.59216 0.56471
0.63529 0.59216 0.56078
0.63922 0.59608 0.56863
0.63529 0.59608 0.56078
0.63137 0.59608 0.55686
0.62353 0.58431 0.54902
0.62745 0.58824 0.55294
0.62353 0.59216 0.55294
0.61961 0.58431 0.55294
0.61176 0.57647 0.54902
0.61569 0.58039 0.56078
0.61176 0.57647 0.55686
0.60392 0.56863 0.54902
0.60392 0.56471 0.54902
0.6 0.56078 0.55294
0.58824 0.55294 0.5451
0.58039 0.54902 0.54118
0.58039 0.5451 0.54118
0.57255 0.53725 0.54118
0.56471 0.52941 0.53333
0.56078 0.52549 0.52941
0.55686 0.52157 0.53333
0.54902 0.51765 0.52549
0.53333 0.5098 0.51765
0.64314 0.60784 0.57255
0.64706 0.61176 0.57647
0.64314 0.60784 0.57255
0.63922 0.60392 0.56863
0.63922 0.60392 0.56863
0.63529 0.6 0.56863
0.64314 0.6 0.56863
0.64706 0.6 0.56863
0.64706 0.6 0.56471
0.64314 0.59608 0.56471
0.64314 0.6 0.56471
0.63529 0.59608 0.56078
0.62745 0.59216 0.55686
0.62353 0.58824 0.55294
0.61961 0.58431 0.55686
0.61569 0.58039 0.55294
0.61961 0.58431 0.56078
0.61176 0.57647 0.55294
0.60784 0.57255 0.55294
0.61176 0.56863 0.55294
0.60784 0.56863 0.55294
0.59216 0.56078 0.54118
0.58431 0.54902 0.53725
0.58431 0.54902 0.54118
0.58431 0.5451 0.5451
0.58039 0.54118 0.54118
0.56863 0.53333 0.52549
0.56471 0.53333 0.53333
0.55294 0.52157 0.52549
0.53333 0.5098 0.51373
0.64706 0.61176 0.57647
0.64706 0.61176 0.57647
0.64314 0.60784 0.57255
0.64314 0.60392 0.56863
0.65098 0.60392 0.56863
0.65098 0.6 0.56863
0.6549 0.60392 0.57255
0.65098 0.6 0.56863
0.65098 0.60392 0.57255
0.63529 0.59608 0.56078
0.62745 0.59216 0.55686
0.63137 0.59608 0.56078
0.62353 0.58824 0.55686
0.62353 0.58824 0.56078
0.61961 0.58431 0.55686
0.61176 0.57647 0.55294
0.61569 0.58039 0.56078
0.61569 0.57255 0.55686
0.60784 0.56863 0.55294
0.60392 0.57255 0.55294
0.59216 0.56078 0.54118
0.59216 0.55294 0.5451
0.59216 0.55294 0.5451
0.58431 0.5451 0.53725
0.57647 0.53725 0.53333
0.57255 0.53725 0.53333
0.55686 0.52549 0.52941
0.5451 0.52157 0.52549
0.54118 0.51765 0.52549
0.65098 0.61176 0.57647
0.65098 0.61176 0.57647
0.65098 0.61569 0.57647
0.65098 0.60392 0.57255
0.65098 0.6 0.56863
0.6549 0.60392 0.57255
0.6549 0.60392 0.57255
0.64706 0.6 0.56863
0.63529 0.59608 0.56078
0.63529 0.59608 0.56078
0.63529 0.59608 0.56078
0.63137 0.58824 0.56078
0.63137 0.58824 0.56471
0.62353 0.58824 0.56078
0.62353 0.58824 0.56471
0.61961 0.58431 0.56471
0.61961 0.58039 0.56078
0.61961 0.58039 0.56471
0.60784 0.57647 0.55686
0.6 0.56863 0.5451
0.59216 0.55686 0.53725
0.59216 0.55294 0.5451
0.59216 0.55294 0.5451
0.58039 0.54118 0.53725
0.57255 0.54118 0.53725
0.56863 0.53725 0.53725
0.55294 0.52941 0.53333
0.6549 0.60392 0.57255
0.6549 0.60392 0.57255
0.6549 0.60392 0.57255
0.65098 0.6 0.56863
0.64706 0.60392 0.56863
0.64706 0.60784 0.57255
0.64314 0.60392 0.56863
0.63529 0.59608 0.56078
0.63529 0.59216 0.56078
0.63922 0.6 0.56863
0.63922 0.59608 0.56863
0.63529 0.58824 0.56471
0.63137 0.58431 0.56471
0.62353 0.58039 0.56471
0.61961 0.57647 0.56078
0.61176 0.58039 0.56078
0.60784 0.57255 0.55294
0.60784 0.57255 0.55294
0.6 0.56471 0.54902
0.59608 0.55686 0.5451
0.59216 0.55686 0.54902
0.58039 0.5451 0.53725
0.57255 0.5451 0.54118
0.56471 0.54118 0.54118
0.55294 0.52941 0.53725
0.66275 0.61176 0.58039
0.65098 0.60784 0.57255
0.64706 0.60784 0.57255
0.64314 0.60392 0.56863
0.64706 0.60784 0.57255
0.63922 0.6 0.56471
0.64314 0.60392 0.56863
0.64314 0.60392 0.56863
0.63922 0.58824 0.56471
0.63922 0.58824 0.56471
0.63922 0.58824 0.56471
0.62745 0.58039 0.56471
0.61961 0.58039 0.56078
0.61569 0.58039 0.56078
0.61176 0.57647 0.55686
0.61176 0.57647 0.55686
0.60392 0.57255 0.54902
0.59608 0.55686 0.54118
0.59216 0.55686 0.5451
0.64314 0.60392 0.56863
0.64314 0.60392 0.56863
0.64314 0.60392 0.56863
0.63922 0.6 0.56471
0.64314 0.59216 0.56863
0.64314 0.59216 0.56863
0.63922 0.58824 0.56471
0.63137 0.58824 0.56471
0.62745 0.58824 0.56471
