0.59216 0.55294 0.51373
0.58431 0.55294 0.52941
0.55686 0.56471 0.55686
0.58431 0.5451 0.50588
0.58431 0.54902 0.52157
0.58824 0.55294 0.51765
0.59216 0.55686 0.52941
0.59608 0.55294 0.52549
0.57255 0.56863 0.56078
0.58431 0.53725 0.51373
0.58039 0.5451 0.51373
0.58431 0.54902 0.51373
0.58824 0.55294 0.53333
0.58824 0.5451 0.52157
0.57255 0.56471 0.55294
0.58431 0.53725 0.52157
0.58039 0.5451 0.51765
0.58431 0.54902 0.51765
0.58431 0.54902 0.52157
0.59216 0.55294 0.52157
0.58039 0.56863 0.55686
0.58824 0.5451 0.52549
0.58431 0.54902 0.52941
0.58431 0.54902 0.51373
0.59216 0.55294 0.51765
0.6 0.56078 0.51765
0.57647 0.55686 0.5451
