0.34118 0.62353 0.8
0.28627 0.63137 0.81961
0.30588 0.56471 0.73333
0.31765 0.61961 0.78824
0.31765 0.62353 0.80392
0.30588 0.63922 0.82745
0.29804 0.64314 0.83922
0.18824 0.36471 0.51373
0.32941 0.61176 0.78039
0.29804 0.61569 0.79608
0.30196 0.63529 0.81569
0.30588 0.63922 0.82745
0.2902 0.63137 0.83137
0.29804 0.63137 0.83137
0.31373 0.63137 0.81569
0.22353 0.42353 0.59608
0.31373 0.61569 0.79608
0.31373 0.62745 0.81176
0.3098 0.62745 0.80392
0.29412 0.62353 0.80392
0.3098 0.62353 0.8
0.26667 0.52157 0.6902
0.32549 0.62353 0.81961
0.3098 0.61961 0.78824
0.31373 0.61569 0.79216
0.14118 0.31373 0.4549
0.32549 0.57255 0.74902
0.32549 0.61176 0.78824
0.32941 0.61176 0.78039
0.20392 0.37255 0.51373
