0.96078 0.90588 0.81569
0.96863 0.9098 0.81961
0.96471 0.90588 0.81569
0.96078 0.9098 0.81961
0.96078 0.91373 0.81961
0.96863 0.92157 0.82745
0.96471 0.91765 0.82353
0.96863 0.9098 0.81569
0.96078 0.9098 0.81961
0.96471 0.91765 0.82353
0.96471 0.91765 0.82353
0.96863 0.91765 0.82353
0.97255 0.91373 0.82353
0.96471 0.91765 0.82353
0.97255 0.92549 0.83137
0.96471 0.91373 0.82353
0.97255 0.91373 0.82353
0.97255 0.91765 0.82353
0.96471 0.90588 0.81176
0.97647 0.91765 0.82745
0.97255 0.91373 0.81961
0.97647 0.91765 0.82745
0.96863 0.9098 0.81569
0.96863 0.9098 0.82353
0.96078 0.90588 0.81961
