0.96863 0.90196 0.8
0.96078 0.89412 0.79216
0.96471 0.89804 0.8
0.97255 0.90588 0.80784
0.95294 0.8902 0.78824
0.95686 0.8902 0.79216
0.96078 0.89804 0.79608
0.95686 0.88235 0.79216
0.95686 0.8902 0.79608
0.96078 0.89804 0.80392
0.96863 0.90588 0.81569
0.96863 0.90588 0.81176
0.96471 0.90196 0.80392
0.96863 0.90588 0.80784
0.96078 0.89804 0.8
0.95686 0.90196 0.8
0.95686 0.89412 0.80392
0.96863 0.9098 0.81961
0.96471 0.90588 0.81569
0.96471 0.90196 0.81176
0.95686 0.89804 0.80392
0.96078 0.90196 0.81176
0.95686 0.89804 0.80784
