0.48235 0.5451 0.66275
0.47451 0.53725 0.65882
0.45882 0.52941 0.65098
0.47843 0.54902 0.67451
0.48627 0.54902 0.67843
0.4902 0.55294 0.67843
0.4902 0.55686 0.68235
0.48235 0.55294 0.67843
0.47451 0.54902 0.67451
0.49412 0.56471 0.68235
0.48627 0.55686 0.67843
0.48235 0.55294 0.67843
0.48627 0.55294 0.67451
0.47843 0.54902 0.66667
0.47451 0.55294 0.66667
0.46275 0.54118 0.66275
0.49804 0.56471 0.68627
0.48627 0.56078 0.67843
0.47843 0.55686 0.67451
0.48627 0.56078 0.68627
0.48235 0.55686 0.68235
0.48627 0.56471 0.68235
0.47451 0.56078 0.67843
0.47059 0.54902 0.67451
0.50196 0.56471 0.68627
0.50196 0.56863 0.68627
0.49804 0.56471 0.68235
0.48627 0.55294 0.67451
0.48627 0.56078 0.67843
0.47843 0.55294 0.67843
0.48627 0.56078 0.68627
0.48235 0.56078 0.68235
0.46667 0.54118 0.66667
0.49804 0.56471 0.68235
0.49804 0.56471 0.68235
0.49412 0.56078 0.67843
0.49412 0.56078 0.67843
0.4902 0.56078 0.67843
0.47843 0.55294 0.67059
0.47451 0.54902 0.67451
0.47843 0.55294 0.67843
0.48235 0.55686 0.68235
0.46667 0.54118 0.66667
0.49804 0.56471 0.68235
0.50196 0.56863 0.68627
0.49804 0.56471 0.68235
0.50196 0.56863 0.68627
0.4902 0.55686 0.67451
0.48235 0.55686 0.67451
0.47843 0.55294 0.67451
0.47843 0.55294 0.67843
0.47843 0.55294 0.67843
0.45882 0.53333 0.6549
0.50196 0.56863 0.68627
0.49804 0.56471 0.68235
0.50196 0.56863 0.68627
0.49804 0.56471 0.68235
0.49804 0.56471 0.68627
0.49804 0.56471 0.6902
0.49412 0.56078 0.68627
0.48627 0.55686 0.67843
0.48235 0.55294 0.67059
0.48235 0.54902 0.67059
0.46275 0.53725 0.6549
0.50196 0.56863 0.68627
0.49804 0.56471 0.68235
0.49804 0.56471 0.68235
0.49804 0.56471 0.68235
0.4902 0.55686 0.68235
0.49804 0.56078 0.69412
0.49412 0.55686 0.6902
0.4902 0.55294 0.67451
0.4902 0.55686 0.67451
0.4902 0.55686 0.67451
0.47843 0.54902 0.66667
0.43137 0.50588 0.62745
0.50196 0.56471 0.68235
0.49804 0.56471 0.68235
0.49804 0.56471 0.68235
0.49804 0.56471 0.68627
0.48627 0.56078 0.68627
0.48627 0.56078 0.68627
0.48627 0.56078 0.68627
0.48235 0.55686 0.67843
0.48235 0.55686 0.67451
0.48235 0.55686 0.67451
0.47059 0.5451 0.66275
0.49412 0.56471 0.68235
0.49412 0.56471 0.68235
0.49804 0.56471 0.68235
0.49804 0.56471 0.68235
0.4902 0.56078 0.68235
0.48235 0.54902 0.67451
0.48627 0.55686 0.68627
0.48627 0.56078 0.67843
0.48235 0.55686 0.67451
0.48235 0.55686 0.67451
0.47059 0.5451 0.66275
0.49412 0.56863 0.68627
0.49412 0.56863 0.68627
0.49412 0.56471 0.68235
0.49804 0.56471 0.68235
0.49804 0.56471 0.68235
0.49412 0.55686 0.67843
0.4902 0.55294 0.68235
0.4902 0.56078 0.68235
0.47843 0.55294 0.67059
0.47451 0.54902 0.66667
0.47059 0.5451 0.66275
0.4902 0.56471 0.68235
0.4902 0.56471 0.68235
0.49804 0.56863 0.68627
0.49804 0.56471 0.68235
0.50196 0.56863 0.68627
0.49804 0.56078 0.68235
0.49804 0.56078 0.6902
0.49412 0.56078 0.68235
0.48235 0.55294 0.67059
0.48627 0.55294 0.67059
0.48235 0.55294 0.66667
0.49412 0.56863 0.68627
0.49412 0.56471 0.68235
0.49804 0.56471 0.68235
0.49412 0.56078 0.67843
0.49412 0.55686 0.68627
0.49412 0.56078 0.67843
0.49412 0.56078 0.67451
0.4902 0.55686 0.67451
0.49412 0.56078 0.67843
0.49412 0.56078 0.67843
0.49804 0.56471 0.68235
0.49412 0.56078 0.67843
0.48627 0.55294 0.67059
0.4902 0.55686 0.67451
0.48627 0.54902 0.67059
