0.16863 0.2549 0.41569
0.16078 0.2549 0.41176
0.17647 0.2549 0.41961
0.17255 0.24706 0.41176
0.17255 0.24706 0.41176
0.16471 0.2549 0.41569
0.16078 0.25098 0.41176
0.16471 0.25098 0.41176
0.17255 0.24706 0.41176
0.17647 0.25882 0.41961
0.16471 0.2549 0.41569
0.16471 0.24706 0.40784
0.18431 0.2549 0.41961
0.18824 0.2549 0.41176
0.17255 0.2549 0.41569
0.18431 0.26275 0.42745
0.18824 0.25882 0.41569
0.17255 0.25882 0.41961
0.17255 0.25882 0.41961
0.16078 0.24706 0.40784
0.16471 0.24706 0.41569
0.17255 0.25882 0.41961
0.17255 0.2549 0.41961
