0.15686 0.23529 0.38039
0.17255 0.24706 0.39216
0.18039 0.24314 0.39608
0.15294 0.23529 0.38039
0.17255 0.24706 0.39608
0.17255 0.24706 0.39608
0.17255 0.23922 0.38824
0.17255 0.22745 0.38039
0.16863 0.22745 0.38039
0.15686 0.22745 0.37647
0.16863 0.23922 0.38824
0.17255 0.24314 0.39216
0.16471 0.23922 0.38824
0.16471 0.23137 0.38039
0.16078 0.21961 0.37255
0.16078 0.23137 0.38039
0.15686 0.22745 0.37647
0.16863 0.23922 0.38824
0.16471 0.23137 0.38431
0.17255 0.23137 0.38431
0.17255 0.23137 0.38431
0.16078 0.22353 0.37647
0.15686 0.23137 0.38039
0.16078 0.24706 0.38824
0.16471 0.23137 0.38431
0.16471 0.23922 0.38824
0.16863 0.23529 0.38431
0.18039 0.23529 0.38824
0.17647 0.22745 0.38431
0.15686 0.21961 0.37255
0.15294 0.22353 0.37255
0.16078 0.23922 0.38431
0.16471 0.24314 0.38039
0.14118 0.22353 0.36078
0.16863 0.24314 0.38824
0.16471 0.23529 0.38431
0.16078 0.23137 0.38039
0.16863 0.23922 0.38824
0.16078 0.23137 0.38039
0.16863 0.23529 0.38431
0.16863 0.23922 0.38431
0.15294 0.22353 0.36471
0.16471 0.23529 0.37647
0.16863 0.23529 0.38039
0.16471 0.22745 0.37647
0.14118 0.21569 0.36078
0.15294 0.23137 0.37647
0.15294 0.23137 0.37647
0.16471 0.23922 0.38824
0.16471 0.23922 0.38824
0.16471 0.23922 0.38431
0.16078 0.23922 0.38431
0.16078 0.23922 0.38431
0.16078 0.24314 0.38824
0.16863 0.24314 0.38431
0.15294 0.22353 0.36471
0.16078 0.23137 0.37255
0.17255 0.23922 0.38431
0.16471 0.22745 0.38039
0.14118 0.21176 0.36078
0.16078 0.23922 0.38431
0.18039 0.25098 0.39216
0.18039 0.24706 0.39216
0.17647 0.24706 0.38824
0.14902 0.22745 0.37255
0.1451 0.22353 0.36863
0.16471 0.24314 0.38824
0.16471 0.24314 0.38824
0.16078 0.23922 0.38431
0.15686 0.23529 0.38039
0.16078 0.24314 0.38824
0.16078 0.24314 0.38824
0.14902 0.23137 0.37647
0.16471 0.24314 0.38431
0.16471 0.23529 0.37647
0.16471 0.23529 0.37647
0.16863 0.23529 0.38039
0.16471 0.22353 0.37647
0.1451 0.21569 0.36471
0.17255 0.24706 0.39216
0.18431 0.2549 0.39608
0.16471 0.23529 0.37647
0.17255 0.24314 0.38431
0.17647 0.24706 0.38824
0.16078 0.23922 0.37647
0.16471 0.25098 0.38431
0.17647 0.24314 0.38431
0.17255 0.23922 0.38039
0.15294 0.23137 0.37647
0.15686 0.23529 0.38039
0.15686 0.23529 0.38039
0.16471 0.24314 0.39608
0.16471 0.23922 0.39608
0.15686 0.23137 0.38824
0.15686 0.23922 0.38824
0.16078 0.24314 0.38824
0.16078 0.23529 0.38431
0.16078 0.23922 0.38039
0.16471 0.23922 0.38039
0.16863 0.23529 0.37647
0.16471 0.23529 0.37647
0.15686 0.23137 0.37255
0.1451 0.22353 0.36078
0.17255 0.25098 0.39216
0.18824 0.26667 0.40392
0.18431 0.25882 0.39608
0.16863 0.23529 0.37647
0.17647 0.25098 0.39608
0.16078 0.24314 0.38431
0.16078 0.23922 0.38431
0.17255 0.24706 0.39216
0.16863 0.24314 0.38039
0.16863 0.23922 0.38039
0.18039 0.24706 0.38824
0.16471 0.23137 0.36471
0.15686 0.23529 0.38039
0.15686 0.23137 0.38039
0.15686 0.23137 0.37647
0.16078 0.23529 0.38431
0.15294 0.22745 0.38431
0.16471 0.23922 0.39608
0.15686 0.23137 0.38824
0.15686 0.23137 0.38431
0.16863 0.24314 0.38824
0.16863 0.23922 0.38824
0.16471 0.23529 0.38039
0.15294 0.22745 0.36863
0.17255 0.23922 0.38431
0.16471 0.23922 0.38039
0.14902 0.23922 0.37255
0.14118 0.22745 0.36078
0.16471 0.25098 0.38431
0.17255 0.26275 0.39608
0.17255 0.2549 0.39216
0.18039 0.2549 0.39216
0.18431 0.26275 0.40784
0.17647 0.2549 0.4
0.15686 0.23529 0.38039
0.16863 0.24314 0.38431
0.16471 0.23529 0.37647
0.17255 0.24314 0.38824
0.18039 0.25098 0.38431
0.15294 0.23137 0.37647
0.1451 0.22353 0.36863
0.16471 0.23529 0.38431
0.15686 0.22745 0.37647
0.16471 0.23529 0.38431
0.15686 0.22745 0.38431
0.17255 0.23922 0.4
0.16471 0.23529 0.39216
0.16863 0.23137 0.38431
0.16078 0.22353 0.37647
0.16863 0.23529 0.38824
0.17647 0.24314 0.39216
0.16471 0.23137 0.38431
0.15686 0.23137 0.37647
0.16471 0.24314 0.38824
0.13725 0.23137 0.36471
0.14118 0.23529 0.36863
0.15686 0.24706 0.38039
0.14902 0.23922 0.37255
0.15294 0.24314 0.37647
0.16078 0.23922 0.37647
0.17647 0.2549 0.4
0.17255 0.25098 0.39608
0.15686 0.23529 0.38039
0.17255 0.24314 0.38824
0.16471 0.23529 0.37647
0.16863 0.23922 0.38039
0.17255 0.24706 0.38039
0.15686 0.23137 0.38431
0.1451 0.21961 0.37255
0.14902 0.22745 0.37647
0.15686 0.23137 0.38039
0.15294 0.22745 0.37647
0.15686 0.23137 0.37647
0.15686 0.23137 0.38039
0.16078 0.23529 0.38431
0.15686 0.23137 0.38039
0.16863 0.23529 0.38431
0.16471 0.22745 0.37647
0.16863 0.23529 0.38431
0.16078 0.23137 0.37647
0.15686 0.22745 0.37255
0.14902 0.22745 0.36863
0.16078 0.23922 0.38039
0.12941 0.21961 0.36078
0.1451 0.23529 0.37647
0.16078 0.25098 0.38824
0.1451 0.23922 0.37647
0.15294 0.24706 0.38039
0.17255 0.2549 0.38824
0.16471 0.24314 0.38039
0.16471 0.24314 0.38431
0.15686 0.23529 0.37647
0.16471 0.24314 0.38039
0.15686 0.23137 0.37255
0.16863 0.24706 0.38431
0.16863 0.24706 0.38431
0.16078 0.23922 0.37255
0.16078 0.23137 0.38824
0.16078 0.23529 0.39216
0.14118 0.21569 0.36863
0.14902 0.22745 0.37255
0.14902 0.22745 0.37255
0.16078 0.23922 0.38431
0.15294 0.23137 0.37647
0.16078 0.23922 0.38431
0.16471 0.24314 0.38824
0.16471 0.23922 0.38824
0.16078 0.23137 0.38039
0.16471 0.23529 0.37647
0.15294 0.22745 0.36471
0.15294 0.23137 0.36863
0.16078 0.23922 0.37647
0.16078 0.23922 0.38039
0.14118 0.22745 0.37255
0.15294 0.23529 0.38039
0.15686 0.24314 0.38824
0.14902 0.23529 0.38039
0.17255 0.25882 0.39608
0.16863 0.24706 0.38039
0.16078 0.23922 0.37647
0.16471 0.24314 0.38039
0.14902 0.22745 0.36471
0.16078 0.23922 0.37647
0.16078 0.23922 0.37647
0.17647 0.2549 0.39216
0.15686 0.23529 0.37255
0.15686 0.23529 0.37255
0.16863 0.23922 0.38824
0.16078 0.23529 0.38431
0.14902 0.22745 0.37255
0.15294 0.23137 0.37647
0.14902 0.22745 0.37255
0.16471 0.24314 0.38824
0.15686 0.23529 0.38039
0.16078 0.23922 0.38431
0.15686 0.23529 0.38039
0.15294 0.23137 0.37647
0.16078 0.23922 0.38431
0.16471 0.24314 0.38039
0.14902 0.22745 0.36471
0.16471 0.24314 0.38039
0.16471 0.24314 0.38039
0.16078 0.24314 0.38039
0.14902 0.22745 0.37255
0.15686 0.23529 0.38039
0.15294 0.23137 0.37647
0.15686 0.23529 0.38039
0.17647 0.25098 0.39216
0.17647 0.25098 0.38431
0.17255 0.24314 0.38431
0.15686 0.22745 0.36863
0.16863 0.23922 0.38039
0.16471 0.24314 0.38039
0.16471 0.24314 0.38039
0.16471 0.24314 0.38039
0.15294 0.22745 0.36863
0.16471 0.23529 0.37647
0.15294 0.22353 0.36471
0.17647 0.24706 0.4
0.15294 0.23137 0.37647
0.1451 0.23137 0.37255
0.1451 0.23137 0.37255
0.16078 0.24314 0.38431
0.15686 0.23529 0.37647
0.1451 0.22353 0.36863
0.16078 0.23922 0.38431
0.15686 0.23529 0.38039
0.15294 0.23137 0.37647
0.15686 0.23529 0.37647
0.16863 0.24314 0.38039
0.15686 0.23137 0.36863
0.17255 0.25098 0.38824
0.15686 0.23529 0.37255
0.15294 0.22745 0.36863
0.15294 0.23137 0.37647
0.16078 0.23529 0.38039
0.16078 0.23529 0.38039
0.15686 0.23529 0.38039
0.17255 0.24706 0.39216
0.17647 0.24706 0.38824
0.16471 0.23922 0.38039
0.15686 0.23137 0.36863
0.17255 0.24706 0.38431
0.16863 0.24314 0.37647
0.16078 0.23922 0.37255
0.16863 0.24314 0.38039
0.14902 0.22353 0.36471
0.15294 0.22745 0.37255
0.16863 0.24706 0.39216
0.17647 0.25098 0.4
0.17255 0.24706 0.40392
0.1451 0.23137 0.37647
0.13333 0.22353 0.36078
0.14118 0.23137 0.36471
0.15294 0.23922 0.37255
0.16078 0.23529 0.37647
0.15686 0.23529 0.37647
0.16078 0.23922 0.38431
0.16078 0.23922 0.38431
0.16078 0.23137 0.37647
0.16078 0.23137 0.37255
0.16863 0.23922 0.38039
0.16863 0.24314 0.38039
0.16863 0.24706 0.38431
0.16078 0.23922 0.37647
0.15686 0.23137 0.37255
0.16078 0.23137 0.38039
0.16471 0.23529 0.38431
0.16863 0.23922 0.38824
0.15294 0.23137 0.37647
0.17647 0.2549 0.4
0.17647 0.2549 0.4
0.15686 0.23922 0.37647
0.14902 0.22745 0.36471
0.17255 0.25098 0.38824
0.16078 0.23529 0.37255
0.16863 0.23922 0.37647
0.16863 0.23922 0.38824
0.14902 0.22353 0.36863
0.15294 0.23137 0.37647
0.17647 0.25098 0.4
0.16863 0.24314 0.4
0.15294 0.23922 0.38431
0.13725 0.23137 0.36471
0.13725 0.22745 0.36078
0.15294 0.23137 0.36863
0.15686 0.22745 0.36863
0.17255 0.24314 0.38824
0.16863 0.24314 0.38824
0.16471 0.23529 0.38431
0.15686 0.22745 0.37255
0.16471 0.23529 0.38039
0.17647 0.24706 0.39608
0.16863 0.24314 0.38431
0.16078 0.23922 0.37647
0.16863 0.24706 0.38431
0.16078 0.23922 0.37647
0.16078 0.23137 0.37647
0.16471 0.23529 0.37647
0.17255 0.24314 0.38824
0.16863 0.24706 0.39216
0.17647 0.2549 0.4
0.16863 0.24706 0.39216
0.16078 0.23529 0.37647
0.15686 0.22745 0.36863
0.16863 0.23922 0.38039
0.16471 0.23529 0.37647
0.15686 0.22745 0.37255
0.16471 0.23529 0.38824
0.15294 0.22353 0.37647
0.15686 0.22745 0.37647
0.15294 0.22353 0.36471
0.16863 0.24706 0.39608
0.16078 0.24314 0.39608
0.15294 0.23922 0.38431
0.1451 0.23922 0.37255
0.15294 0.23137 0.36863
0.15294 0.22353 0.36471
0.15294 0.22353 0.36471
0.15686 0.22745 0.37647
0.16078 0.23137 0.38039
0.16471 0.23922 0.38431
0.15686 0.22745 0.37647
0.17255 0.24706 0.39608
0.17647 0.25098 0.4
0.16078 0.23529 0.38039
0.16078 0.23922 0.37647
0.16078 0.23922 0.37647
0.16471 0.24314 0.38039
0.17647 0.24706 0.38824
0.17255 0.24314 0.38431
0.16863 0.23922 0.38039
0.15686 0.23529 0.38039
0.17255 0.24706 0.39216
0.16471 0.24314 0.38824
0.15686 0.23137 0.37255
0.15294 0.22745 0.36471
0.16863 0.23922 0.38039
0.16471 0.23922 0.36863
0.16863 0.24314 0.37255
0.16078 0.23529 0.37255
0.14902 0.22353 0.36471
0.15686 0.23137 0.37647
0.16078 0.23137 0.37255
0.16471 0.24314 0.38824
0.17255 0.2549 0.4
0.16863 0.25882 0.4
0.15294 0.24314 0.38431
0.15294 0.23922 0.38039
0.15686 0.23137 0.37647
0.14902 0.21961 0.36863
0.14902 0.21961 0.36863
0.15294 0.23137 0.37647
0.15686 0.23529 0.38039
0.16471 0.24314 0.38824
0.15686 0.23137 0.38824
0.16078 0.23529 0.38824
0.16863 0.24706 0.38824
0.16078 0.23922 0.37647
0.16471 0.24314 0.38039
0.1451 0.22745 0.36863
0.16863 0.24314 0.39216
0.18039 0.25098 0.4
0.18039 0.24314 0.38824
0.16863 0.23137 0.37255
0.17255 0.24314 0.38431
0.17255 0.24314 0.38431
0.17255 0.24314 0.38431
0.16471 0.23922 0.37647
0.16078 0.22745 0.36863
0.17647 0.23922 0.38431
0.16863 0.23529 0.36863
0.16471 0.23529 0.36471
0.16471 0.23137 0.36863
0.15294 0.22353 0.36471
0.15686 0.22745 0.36863
0.16471 0.23529 0.37647
0.16078 0.23922 0.37647
0.16863 0.24706 0.39216
0.17255 0.25098 0.39608
0.16863 0.2549 0.4
0.15686 0.24314 0.38824
0.15294 0.23529 0.38039
0.14902 0.22353 0.36863
0.1451 0.21961 0.36863
0.15686 0.23137 0.37647
0.15686 0.23529 0.38039
0.15686 0.23529 0.38039
0.16471 0.24314 0.38824
0.16471 0.24314 0.38824
0.16863 0.24706 0.39216
0.17255 0.25098 0.38824
0.16471 0.24314 0.38039
0.17647 0.2549 0.39216
0.16863 0.24706 0.38824
0.16863 0.24706 0.39216
0.17255 0.24314 0.39216
0.17647 0.23922 0.38431
0.17647 0.23922 0.38039
0.16471 0.23922 0.37647
0.17255 0.24706 0.38431
0.16863 0.24314 0.38431
0.17255 0.23922 0.38039
0.16863 0.23137 0.37255
0.18039 0.23529 0.38039
0.16078 0.21961 0.35686
0.16471 0.22745 0.36471
0.17255 0.23137 0.38039
0.16471 0.22353 0.37255
0.16078 0.22745 0.36863
0.16863 0.23137 0.37255
0.16471 0.23529 0.37255
0.16863 0.24706 0.39216
0.16078 0.23922 0.38824
0.16078 0.24314 0.38824
0.15294 0.23137 0.37647
0.15294 0.23137 0.37647
0.15686 0.23922 0.38039
0.14902 0.22745 0.37255
0.15294 0.23137 0.37647
0.16078 0.23922 0.38431
0.16078 0.24314 0.38431
0.17647 0.2549 0.39608
0.17647 0.2549 0.38824
0.16863 0.24706 0.38039
0.17255 0.25098 0.38824
0.16078 0.23922 0.38431
0.16863 0.24314 0.39216
0.17255 0.24314 0.39216
0.17647 0.23922 0.38431
0.16863 0.23137 0.37647
0.15686 0.23529 0.37255
0.16863 0.25098 0.38824
0.15686 0.23529 0.37255
0.15686 0.23137 0.36863
0.16863 0.23529 0.37647
0.17255 0.23529 0.37647
0.15686 0.22745 0.36471
0.15294 0.22353 0.36863
0.16078 0.22745 0.37647
0.1451 0.21176 0.36078
0.14902 0.22353 0.36471
0.15686 0.22745 0.36863
0.15294 0.22745 0.36863
0.16863 0.24706 0.38431
0.16863 0.24706 0.38824
0.16863 0.24706 0.39216
0.15686 0.23529 0.38039
0.15294 0.23137 0.37647
0.15294 0.23137 0.37647
0.1451 0.23137 0.37647
0.15294 0.23922 0.38431
0.14902 0.23529 0.38039
0.15294 0.23529 0.38039
0.16471 0.24706 0.39216
0.17647 0.2549 0.4
0.17255 0.24706 0.39216
0.17255 0.24314 0.38824
0.16471 0.23529 0.38431
0.17255 0.24314 0.39608
0.17255 0.24314 0.39608
0.16863 0.23922 0.39216
0.16078 0.23529 0.38824
0.16471 0.24706 0.39216
0.16863 0.25098 0.39216
0.15294 0.24314 0.37647
0.15294 0.23137 0.36863
0.16471 0.23529 0.37255
0.17255 0.23922 0.37255
0.16471 0.23529 0.36863
0.15686 0.23137 0.36471
0.14902 0.22353 0.35294
0.14902 0.22353 0.36471
0.15686 0.22745 0.37647
0.14902 0.21961 0.36863
0.15294 0.22353 0.36863
0.17255 0.25098 0.39608
0.16863 0.24706 0.39216
0.16078 0.23922 0.38431
0.15294 0.23137 0.37647
0.15294 0.23137 0.37647
0.13725 0.22353 0.36863
0.14118 0.22745 0.37255
0.1451 0.23137 0.37647
0.16471 0.24314 0.38824
0.17255 0.24706 0.39216
0.18039 0.25098 0.4
0.18039 0.24706 0.4
0.17255 0.24314 0.39216
0.17647 0.24706 0.39216
0.17647 0.24706 0.4
0.16471 0.23529 0.39216
0.15686 0.23137 0.38824
0.15686 0.23137 0.38824
0.15294 0.23529 0.38039
0.16471 0.25098 0.39216
0.14902 0.23529 0.37255
0.14902 0.23922 0.37255
0.16078 0.24706 0.38039
0.15294 0.23922 0.36471
0.15686 0.23922 0.36863
0.15294 0.23137 0.36078
0.14902 0.22745 0.35686
0.1451 0.22353 0.35686
0.15294 0.22353 0.36863
0.16078 0.23529 0.38039
0.14902 0.22353 0.36863
0.17255 0.25098 0.39608
0.16471 0.24314 0.38824
0.15294 0.23137 0.37647
0.15686 0.23137 0.38039
0.13333 0.21961 0.36471
0.14118 0.22745 0.37255
0.16471 0.25098 0.39608
0.16471 0.24706 0.39216
0.16471 0.24706 0.39216
0.18039 0.2549 0.40392
0.16863 0.23922 0.38824
0.16078 0.23137 0.38039
0.16471 0.23529 0.38431
0.16863 0.23922 0.39216
0.17255 0.24706 0.40392
0.16078 0.23529 0.39216
0.15294 0.22745 0.38431
0.15686 0.23529 0.38039
0.16471 0.24314 0.38431
0.16078 0.23922 0.37647
0.16471 0.23922 0.38039
0.15686 0.24314 0.37255
0.13725 0.22745 0.35294
0.15294 0.23529 0.36078
0.15294 0.23137 0.36078
0.15294 0.23137 0.36078
0.14118 0.21961 0.35686
0.15686 0.23529 0.37255
0.16471 0.23922 0.38431
0.16471 0.23529 0.38431
0.15294 0.23137 0.37647
0.14902 0.23922 0.38039
0.1451 0.23137 0.37647
0.1451 0.23137 0.37647
0.16078 0.24706 0.39216
0.17255 0.2549 0.4
0.15686 0.23922 0.38824
0.15686 0.23922 0.38824
0.16863 0.24706 0.39216
0.17255 0.25098 0.39216
0.16471 0.25098 0.39216
0.14902 0.23137 0.37647
0.15294 0.23529 0.38431
0.16863 0.24706 0.39216
0.15686 0.23137 0.37647
0.16471 0.23529 0.37647
0.17647 0.24314 0.38431
0.17255 0.23922 0.38039
0.15686 0.22353 0.36863
0.16863 0.23529 0.37647
0.16078 0.23137 0.36471
0.15686 0.23137 0.36078
0.14118 0.22745 0.36863
0.15294 0.23529 0.37647
0.15294 0.22745 0.37255
0.17647 0.24706 0.39608
0.16078 0.23922 0.38431
0.1451 0.23137 0.37647
0.13725 0.22353 0.36863
0.14902 0.23137 0.37647
0.16078 0.24706 0.39216
0.17255 0.25098 0.39608
0.14902 0.23529 0.38039
0.14902 0.23922 0.38431
0.15294 0.23922 0.38824
0.15686 0.24314 0.38431
0.15686 0.24314 0.38824
0.16863 0.24706 0.39216
0.16078 0.23529 0.38039
0.16078 0.23137 0.37255
0.17647 0.23922 0.38039
0.17647 0.23922 0.38431
0.16471 0.22353 0.37647
0.16078 0.21961 0.36471
0.16471 0.22353 0.36471
0.15294 0.22353 0.37255
0.15686 0.22745 0.37647
0.15686 0.23529 0.38039
0.15294 0.23137 0.37647
0.15686 0.23529 0.38039
0.16471 0.24314 0.38824
0.15294 0.23922 0.38431
0.14902 0.23922 0.37647
0.15686 0.24314 0.38431
0.15294 0.23922 0.38431
0.16078 0.23922 0.38431
0.16078 0.23529 0.38039
0.16863 0.23922 0.38039
0.16863 0.23922 0.38039
0.16863 0.23529 0.38039
0.1451 0.21569 0.36471
0.15686 0.22353 0.36863
0.16078 0.22745 0.36863
0.15686 0.23529 0.37647
0.15294 0.23137 0.37647
0.13725 0.22353 0.36471
0.1451 0.23137 0.37647
0.15294 0.23922 0.38824
0.16078 0.23922 0.38431
0.15686 0.23529 0.37647
0.15294 0.22745 0.36471
0.15686 0.22745 0.36863
0.16471 0.23922 0.38431
0.13725 0.21961 0.36863
0.1451 0.22745 0.36863
0.16471 0.23922 0.39608
0.15686 0.23137 0.38431
0.14902 0.22745 0.37255
0.14118 0.22745 0.36078
0.15686 0.24314 0.38431
0.15294 0.23922 0.38431
0.15294 0.23922 0.37255
0.15294 0.23922 0.37255
0.14902 0.23137 0.36863
0.15294 0.23529 0.37647
0.13725 0.22353 0.37255
0.1451 0.22745 0.36863
0.1451 0.23529 0.36863
0.14902 0.22745 0.37255
