0.098039 0.36078 0.36078
0.098039 0.35294 0.35294
0.17255 0.37255 0.37255
0.094118 0.35686 0.34902
0.098039 0.36471 0.35686
0.1098 0.33725 0.32941
0.1098 0.35686 0.34902
0.094118 0.35686 0.35686
0.094118 0.36078 0.36078
0.10588 0.34902 0.3451
0.18431 0.35294 0.37255
0.1098 0.35686 0.35294
0.086275 0.35294 0.36078
0.094118 0.35294 0.36471
0.10196 0.35294 0.35294
0.082353 0.35294 0.36471
0.12549 0.32549 0.33725
0.13725 0.35686 0.34902
0.10196 0.35294 0.35294
0.086275 0.3451 0.35294
0.090196 0.34902 0.36078
0.098039 0.34902 0.35686
0.098039 0.34902 0.36471
0.12549 0.35294 0.35294
0.098039 0.35686 0.35294
0.090196 0.3451 0.35294
0.090196 0.3451 0.36078
0.094118 0.34902 0.36471
0.094118 0.34902 0.35686
0.090196 0.3451 0.35294
0.094118 0.34902 0.36471
0.094118 0.34902 0.36471
0.094118 0.35294 0.36078
0.094118 0.34902 0.36471
