0.81961 0.8549 0.83529
0.81569 0.90196 0.87059
0.79216 0.80392 0.82353
0.75294 0.75686 0.75294
0.78431 0.83137 0.81569
0.81569 0.83137 0.82745
0.78824 0.79608 0.8
0.72549 0.74118 0.74118
0.62745 0.68235 0.69412
0.83529 0.89412 0.91765
0.64706 0.72549 0.70588
0.81961 0.82745 0.82353
0.72157 0.79216 0.76863
0.74118 0.86667 0.84314
0.78039 0.82353 0.88235
0.73333 0.79608 0.77255
0.86667 0.86275 0.84706
0.8 0.87843 0.84706
0.88235 0.9098 0.89804
0.76863 0.83137 0.80392
0.8 0.82353 0.79608
0.85882 0.90196 0.89804
0.86275 0.85882 0.86667
0.87843 0.9098 0.91765
0.79216 0.80784 0.87843
