0.043137 0.24706 0.42745
0.043137 0.25098 0.42353
0.043137 0.25098 0.42353
0.043137 0.25098 0.42353
0.05098 0.24706 0.41961
0.062745 0.25098 0.41961
0.039216 0.2549 0.42745
0.054902 0.26275 0.43137
0.05098 0.25882 0.43529
0.039216 0.24314 0.42353
0.039216 0.24706 0.42745
0.047059 0.23922 0.41961
0.047059 0.2549 0.43529
0.047059 0.25098 0.43529
0.043137 0.24706 0.43137
0.047059 0.25098 0.43529
0.043137 0.24314 0.42353
0.039216 0.2549 0.43922
0.05098 0.2549 0.43922
0.043137 0.25098 0.43529
0.035294 0.25098 0.43137
0.043137 0.2549 0.43529
0.043137 0.25098 0.43137
