0.57255 0.54118 0.49804
0.58431 0.54902 0.5098
0.58039 0.54902 0.50588
0.58824 0.55294 0.51373
0.58824 0.55294 0.51765
0.58431 0.54902 0.51373
0.57647 0.54118 0.50588
0.58431 0.54902 0.5098
0.58431 0.55294 0.5098
0.59216 0.55686 0.52157
0.59216 0.55686 0.52157
0.58824 0.55686 0.52157
0.58431 0.54902 0.5098
0.57647 0.54118 0.50588
0.57255 0.53725 0.5098
0.57647 0.54118 0.50588
0.57647 0.54118 0.50588
0.58039 0.5451 0.5098
0.58431 0.55686 0.51765
0.58039 0.55294 0.51373
0.58039 0.54902 0.51373
0.58039 0.54902 0.51373
0.58039 0.54902 0.5098
0.57647 0.54118 0.5098
0.58039 0.5451 0.51373
0.58039 0.5451 0.5098
0.58039 0.5451 0.5098
0.58039 0.5451 0.5098
0.58039 0.55294 0.51373
0.58039 0.55294 0.51373
0.58039 0.55294 0.51373
0.58431 0.55294 0.51373
0.58039 0.5451 0.51373
0.58039 0.5451 0.51765
0.58431 0.54902 0.51373
0.58431 0.54902 0.51373
0.58431 0.55294 0.51373
0.58039 0.54902 0.51373
0.57647 0.54902 0.5098
0.58431 0.54902 0.51373
0.58431 0.54902 0.52157
0.58431 0.54902 0.5098
0.58431 0.54902 0.51373
0.58431 0.54902 0.52157
0.58431 0.54902 0.51765
0.58431 0.54902 0.51373
0.58039 0.5451 0.51373
0.57647 0.54118 0.51373
0.58431 0.54902 0.51765
