0.92941 0.88627 0.80784
0.92941 0.88627 0.80784
0.92941 0.88627 0.80784
0.93333 0.8902 0.81176
0.93333 0.8902 0.81569
0.94118 0.90196 0.83137
0.92941 0.88627 0.80784
0.92941 0.88627 0.80784
0.92941 0.8902 0.81176
0.93725 0.89804 0.81961
0.94118 0.90196 0.82745
0.95686 0.92157 0.84314
0.92549 0.88235 0.81176
0.92941 0.88235 0.80784
0.92941 0.8902 0.81176
0.93333 0.89804 0.81961
0.93725 0.9098 0.82353
0.92549 0.88235 0.80392
0.92549 0.88235 0.81176
0.93333 0.8902 0.81569
0.93725 0.89804 0.82353
0.93725 0.90588 0.82745
0.95294 0.92549 0.84314
0.93333 0.8902 0.81961
0.93725 0.89412 0.81961
0.93725 0.90196 0.82745
0.9451 0.91373 0.83922
0.98039 0.95294 0.87059
0.93725 0.89412 0.81569
0.94118 0.89804 0.82353
0.96078 0.92941 0.8549
0.98824 0.95686 0.88235
