0.86667 0.8 0.72157
0.85882 0.79608 0.71373
0.84706 0.78431 0.7098
0.86667 0.80784 0.72549
0.85098 0.79216 0.7098
0.84314 0.78824 0.7098
0.8549 0.79608 0.71765
0.86275 0.80392 0.73333
0.85098 0.8 0.72549
0.83922 0.77647 0.70196
0.85098 0.79216 0.71765
0.85098 0.78824 0.72157
0.84706 0.8 0.72941
0.84314 0.78039 0.70588
0.85098 0.78824 0.71765
0.85098 0.78824 0.72549
0.8549 0.8 0.71765
0.8549 0.79608 0.71373
0.83922 0.78039 0.70588
0.8549 0.79608 0.72941
0.8549 0.79216 0.71373
0.85098 0.78431 0.7098
0.83922 0.77647 0.70588
0.8549 0.80392 0.72941
0.84706 0.79216 0.71765
0.83922 0.78039 0.70588
