0.96863 0.92157 0.83529
0.96078 0.91373 0.82745
0.96078 0.91373 0.82745
0.96078 0.9098 0.82745
0.96471 0.91765 0.83529
0.98039 0.92941 0.84706
0.96471 0.91765 0.83137
0.97647 0.92549 0.85098
0.97255 0.92157 0.84706
0.96863 0.91765 0.84314
0.96863 0.92157 0.83529
0.96863 0.92157 0.83529
0.97647 0.92941 0.85098
0.97255 0.92157 0.84706
0.97647 0.92549 0.85098
0.98431 0.93333 0.8549
0.97255 0.92549 0.84314
0.98039 0.93333 0.84314
0.96863 0.91765 0.84314
0.97255 0.92157 0.84706
0.98039 0.92941 0.8549
0.98039 0.93333 0.84706
0.98039 0.93333 0.84706
0.98431 0.93333 0.85882
0.98039 0.92941 0.8549
0.97647 0.92549 0.85098
0.97255 0.92157 0.84706
0.98039 0.92941 0.85098
0.98039 0.93333 0.8549
0.98039 0.92941 0.8549
0.98039 0.93333 0.85882
