0.36078 0.42745 0.56078
0.35294 0.41569 0.54902
0.35686 0.41961 0.55686
0.36078 0.42353 0.55294
0.38039 0.44314 0.58039
0.37255 0.43922 0.57647
0.35686 0.43137 0.56471
0.34902 0.42745 0.56078
0.36863 0.43137 0.56471
0.38039 0.44314 0.58431
0.36471 0.42745 0.57255
0.33333 0.40784 0.54902
0.34902 0.42745 0.56471
0.40784 0.47059 0.6
0.36078 0.42353 0.56078
0.35294 0.41569 0.56078
0.40392 0.47059 0.59216
0.35294 0.41961 0.54902
0.36078 0.42745 0.56471
0.39216 0.4549 0.57647
0.37255 0.43529 0.56471
0.36863 0.43922 0.57647
0.3451 0.42353 0.56863
0.40784 0.47059 0.59216
0.37255 0.43529 0.56471
0.35686 0.42745 0.56471
