0.2549 0.34902 0.46275
0.25098 0.3451 0.47843
0.23922 0.33333 0.45098
0.25882 0.35294 0.48627
0.2549 0.34902 0.48235
0.23922 0.33333 0.47059
0.27451 0.35686 0.45882
0.23137 0.31765 0.43529
0.23529 0.33725 0.47451
0.26667 0.35686 0.4902
0.25098 0.3451 0.47843
0.23137 0.32549 0.45882
0.26667 0.35686 0.44706
0.21961 0.2902 0.38039
0.24706 0.33725 0.46275
0.25098 0.34118 0.47451
0.25098 0.3451 0.47843
0.24314 0.3451 0.47451
0.25882 0.36078 0.46667
0.26275 0.30588 0.38039
0.2549 0.33333 0.44706
0.25098 0.34118 0.47843
0.25882 0.35294 0.48627
0.24314 0.34902 0.47451
0.26667 0.35686 0.46275
0.23922 0.3451 0.48235
