0.86667 0.78824 0.6902
0.87451 0.79216 0.69804
0.86667 0.78824 0.6902
0.86667 0.78824 0.6902
0.87059 0.79216 0.69412
0.85882 0.78431 0.68627
0.85882 0.78039 0.68235
0.86667 0.78824 0.6902
0.87451 0.79608 0.69804
0.87451 0.79608 0.69804
0.87843 0.79608 0.70196
0.86667 0.78824 0.6902
0.87059 0.79216 0.69412
0.89412 0.81569 0.71765
0.87451 0.79216 0.69804
0.86667 0.78039 0.68627
0.87059 0.79216 0.69412
0.85098 0.77255 0.67451
0.87059 0.78824 0.6902
0.8902 0.80392 0.7098
0.86275 0.77647 0.68235
0.87451 0.79216 0.6902
0.86667 0.78824 0.6902
0.86667 0.78824 0.6902
0.8549 0.77647 0.67843
0.87451 0.79216 0.69412
0.8902 0.80392 0.7098
0.85882 0.78039 0.68235
0.85882 0.78039 0.68235
0.86667 0.78431 0.6902
0.86275 0.78431 0.68627
