0.027451 0.22353 0.4
0.015686 0.18824 0.36471
0.023529 0.2 0.38039
0.035294 0.23137 0.41176
0.023529 0.19608 0.37255
0.015686 0.19216 0.37255
0.031373 0.22745 0.41176
0.031373 0.2 0.37647
0.023529 0.20392 0.38431
0.027451 0.23137 0.41176
0.027451 0.19608 0.37255
0.031373 0.2 0.37647
0.027451 0.2 0.37647
0.031373 0.21176 0.39216
0.035294 0.24314 0.41961
0.031373 0.2 0.37647
0.023529 0.19608 0.37255
0.031373 0.20392 0.38039
0.027451 0.2 0.37647
0.023529 0.2 0.37647
0.043137 0.21961 0.4
0.039216 0.23137 0.41176
0.019608 0.19216 0.36863
0.019608 0.19608 0.37255
0.027451 0.20392 0.38039
0.031373 0.20784 0.38431
0.031373 0.21176 0.38824
0.027451 0.21569 0.38824
0.035294 0.21569 0.39608
0.027451 0.22353 0.40392
0.019608 0.20392 0.37647
0.011765 0.19608 0.36863
0.019608 0.20392 0.37647
0.023529 0.20784 0.38039
0.031373 0.21569 0.38824
0.035294 0.21961 0.39216
0.035294 0.21961 0.39216
0.031373 0.22353 0.4
0.035294 0.24314 0.41961
0.031373 0.21569 0.38824
0.027451 0.21176 0.38431
0.019608 0.20392 0.37647
0.023529 0.20784 0.38039
0.023529 0.20784 0.38039
0.043137 0.22745 0.4
0.035294 0.21961 0.39216
0.035294 0.22353 0.40392
0.047059 0.25098 0.43137
0.043137 0.22745 0.40392
0.035294 0.21961 0.39608
0.027451 0.21176 0.38431
0.027451 0.21176 0.38431
0.027451 0.21176 0.38431
0.027451 0.21176 0.38431
0.043137 0.22353 0.4
0.047059 0.23529 0.40784
0.039216 0.23137 0.41176
0.035294 0.23922 0.42745
0.043137 0.23137 0.41176
0.039216 0.22353 0.40392
0.031373 0.22353 0.39216
0.035294 0.22353 0.39608
0.031373 0.21961 0.39216
0.035294 0.22353 0.39216
0.039216 0.22353 0.4
0.054902 0.23922 0.41961
0.039216 0.23529 0.42353
0.039216 0.2549 0.44706
0.031373 0.23529 0.40784
0.027451 0.23137 0.4
0.031373 0.22745 0.39608
0.035294 0.22745 0.39608
0.035294 0.23137 0.4
0.043137 0.23137 0.40392
0.047059 0.23529 0.41961
0.035294 0.23529 0.42353
0.035294 0.25098 0.44706
0.043137 0.24314 0.41569
0.035294 0.23137 0.4
0.027451 0.22745 0.39608
0.031373 0.23137 0.4
0.027451 0.22745 0.39608
0.035294 0.23137 0.4
0.043137 0.23922 0.41961
0.047059 0.25098 0.43529
0.043137 0.2549 0.44706
0.05098 0.24314 0.40392
0.043137 0.23922 0.40392
0.035294 0.23529 0.41176
0.031373 0.23137 0.41176
0.043137 0.24314 0.42353
0.047059 0.24706 0.41961
0.047059 0.24706 0.42745
0.058824 0.26667 0.45098
0.054902 0.25098 0.41569
0.039216 0.24314 0.41569
0.039216 0.23922 0.41961
0.047059 0.25098 0.43137
0.047059 0.25098 0.42745
0.054902 0.2549 0.44314
0.062745 0.27059 0.45882
0.043137 0.24314 0.41961
0.043137 0.24314 0.42353
0.05098 0.2549 0.43922
0.047059 0.25098 0.43529
0.05098 0.2549 0.44314
0.058824 0.27059 0.45882
0.047059 0.24706 0.43137
0.054902 0.2549 0.43922
0.047059 0.2549 0.43922
0.05098 0.26667 0.4549
0.047059 0.27451 0.46667
0.058824 0.25882 0.44314
0.047059 0.2549 0.43922
0.05098 0.27059 0.4549
0.054902 0.28627 0.47451
0.054902 0.2549 0.43922
0.058824 0.26667 0.45098
0.047059 0.26667 0.4549
