0.53333 0.61176 0.71765
0.53725 0.61569 0.72157
0.53725 0.61569 0.72157
0.53333 0.61569 0.72157
0.53333 0.61176 0.71765
0.53333 0.61176 0.71765
0.53333 0.61176 0.71765
0.53333 0.61569 0.71765
0.52941 0.61176 0.71765
0.53333 0.61176 0.71765
0.53333 0.61176 0.71765
0.53333 0.61176 0.71765
0.53333 0.61176 0.71765
0.53333 0.61176 0.71373
0.53333 0.61569 0.72157
0.53725 0.61569 0.72157
0.53333 0.61176 0.71765
0.53725 0.61569 0.72157
0.53725 0.61569 0.72549
0.53333 0.61176 0.71765
0.53725 0.61569 0.72157
0.53333 0.61176 0.71765
0.53725 0.61176 0.71765
0.53333 0.61176 0.71765
0.53333 0.61176 0.72157
