0.6902 0.63922 0.56471
0.69804 0.64314 0.57647
0.70588 0.64706 0.56863
0.70196 0.64706 0.57255
0.6902 0.63922 0.56471
0.69412 0.64314 0.56863
0.70196 0.64314 0.56863
0.70588 0.64706 0.57255
0.70588 0.64706 0.57255
0.70196 0.65098 0.57647
0.69412 0.63922 0.56863
0.70196 0.64314 0.56863
0.70196 0.64314 0.56863
0.70588 0.64706 0.57255
0.70588 0.64706 0.57255
0.7098 0.65098 0.57647
0.6902 0.63529 0.56471
0.69804 0.63922 0.56471
0.70588 0.64706 0.57255
0.70588 0.64706 0.57255
0.70196 0.64314 0.56863
0.70588 0.64706 0.57255
0.69412 0.63529 0.56471
0.69804 0.63922 0.56471
0.70196 0.64314 0.56863
0.70588 0.64706 0.57255
0.70588 0.64706 0.57255
0.69412 0.63922 0.56863
0.69804 0.63922 0.56471
0.69804 0.63922 0.56471
0.70588 0.64706 0.57255
0.7098 0.65098 0.57647
0.6902 0.63529 0.56471
0.69804 0.63922 0.56471
0.69804 0.63922 0.56471
0.70196 0.64314 0.56863
0.70196 0.64314 0.56863
0.70588 0.64706 0.57255
0.69412 0.63922 0.56863
0.70196 0.63922 0.56471
0.69804 0.63922 0.56471
0.70196 0.64314 0.56863
0.70588 0.64706 0.57255
0.69412 0.63922 0.56863
0.70196 0.63922 0.56863
0.69804 0.63922 0.56863
0.70196 0.63922 0.56863
