0.16471 0.15294 0.14902
0.15686 0.1451 0.1451
0.15294 0.13725 0.13725
0.1451 0.12941 0.12549
0.1451 0.12549 0.11765
0.10196 0.10196 0.12157
0.10588 0.10196 0.11765
0.11373 0.10588 0.11765
0.12157 0.10196 0.11373
0.11373 0.090196 0.098039
0.10588 0.082353 0.078431
0.10588 0.1098 0.12941
0.11765 0.11373 0.13333
0.11373 0.10588 0.12549
0.11765 0.10196 0.11765
0.11373 0.094118 0.10196
0.12157 0.094118 0.098039
0.1098 0.10196 0.12549
0.12157 0.10588 0.12941
0.11765 0.094118 0.11373
0.11765 0.090196 0.10196
0.12157 0.094118 0.11765
0.11765 0.086275 0.10588
