0.63922 0.6 0.56078
0.63922 0.60784 0.56471
0.63922 0.6 0.56078
0.63529 0.6 0.56078
0.64314 0.60392 0.56471
0.64314 0.60392 0.56471
0.64314 0.6 0.56078
0.63529 0.59608 0.55686
0.63922 0.6 0.56078
0.64706 0.6 0.55686
0.63529 0.6 0.55686
0.63922 0.6 0.56078
0.64706 0.60784 0.56863
0.64314 0.60392 0.56471
0.64706 0.60784 0.56863
0.64314 0.60392 0.56471
0.64314 0.60392 0.56471
0.64314 0.60392 0.56471
0.64314 0.60392 0.56078
0.63922 0.6 0.56078
0.63922 0.6 0.55686
0.63922 0.6 0.56078
0.63922 0.6 0.55686
