0.17255 0.52941 0.74902
0.17647 0.52941 0.75686
0.17647 0.53725 0.75686
0.16863 0.52549 0.74118
0.18039 0.52941 0.74902
0.18039 0.53333 0.75294
0.18039 0.52941 0.74902
0.18824 0.5451 0.76078
0.18039 0.53333 0.75294
0.18824 0.53333 0.75686
0.19216 0.54118 0.76078
0.18431 0.53333 0.75294
0.18824 0.53725 0.76471
0.18039 0.52549 0.75686
0.21176 0.5451 0.78039
0.2 0.54118 0.76863
0.19216 0.54118 0.76078
0.18824 0.53725 0.75686
0.18824 0.54118 0.76471
0.18431 0.53725 0.76471
0.19216 0.54118 0.76863
0.19216 0.54118 0.76078
0.18824 0.53725 0.75686
