0.12941 0.43137 0.65098
0.14118 0.45098 0.67059
0.13725 0.45098 0.66667
0.12941 0.43922 0.65882
0.13725 0.43922 0.65882
0.13333 0.43922 0.65882
0.13333 0.45882 0.67059
0.13333 0.45098 0.66667
0.14118 0.4549 0.67059
0.13333 0.43922 0.66275
0.12549 0.43529 0.66275
0.13333 0.44706 0.67843
0.13333 0.44706 0.67843
0.13333 0.45882 0.67451
0.14118 0.45882 0.67843
0.13333 0.44706 0.66667
0.12941 0.44314 0.67059
0.13333 0.44706 0.67843
0.13333 0.44706 0.67843
0.12941 0.44314 0.67059
0.13333 0.4549 0.67451
0.13333 0.45098 0.67059
0.13725 0.45098 0.67843
0.13333 0.44314 0.67843
0.12941 0.44314 0.67451
0.12549 0.43922 0.66667
0.12941 0.45098 0.67059
0.12941 0.45098 0.67059
0.13333 0.45098 0.67843
0.12941 0.44314 0.67451
0.13725 0.4549 0.68627
0.12549 0.44314 0.67059
0.13725 0.45882 0.67843
0.13333 0.4549 0.67451
0.12549 0.44706 0.66667
0.12941 0.45098 0.67843
0.13333 0.4549 0.68235
0.12941 0.44706 0.67843
