0.72157 0.67059 0.58824
0.67451 0.63137 0.57255
0.70588 0.6549 0.57647
0.67451 0.62353 0.55294
0.68235 0.63137 0.56863
0.7098 0.6549 0.57647
0.67059 0.61961 0.55294
0.6902 0.63137 0.56863
0.71373 0.6549 0.58039
0.67059 0.61961 0.54902
0.6902 0.63529 0.56863
0.7098 0.65098 0.57647
0.67059 0.61961 0.54902
0.69412 0.63922 0.57647
0.7098 0.65098 0.57647
0.66667 0.61176 0.5451
0.70196 0.63922 0.58431
0.7098 0.64314 0.56863
0.66667 0.60392 0.53725
0.69804 0.63529 0.57647
0.70588 0.63922 0.56471
0.67059 0.60784 0.54118
0.70588 0.64314 0.58039
0.70588 0.63922 0.56471
0.67843 0.61569 0.54902
0.67059 0.60784 0.53725
0.66275 0.60784 0.53333
0.65882 0.60784 0.54118
0.66275 0.60392 0.54118
