0.2549 0.29412 0.43529
0.21569 0.27451 0.41569
0.26275 0.31373 0.44706
0.23529 0.27843 0.41569
0.24706 0.28235 0.42353
0.22745 0.27843 0.41961
0.23922 0.30196 0.43529
0.2549 0.3098 0.44314
0.22745 0.27451 0.40784
0.23922 0.27843 0.41961
0.22745 0.27843 0.41569
0.23922 0.29412 0.41961
0.24706 0.30588 0.43529
0.23529 0.28627 0.41961
0.24314 0.28627 0.42353
0.21961 0.27059 0.40784
0.21176 0.27059 0.40784
0.24706 0.28627 0.43137
0.25098 0.29412 0.43137
0.25098 0.29412 0.43529
0.24314 0.2902 0.42745
0.21961 0.27059 0.41176
0.23922 0.28235 0.42353
0.26275 0.29412 0.43922
0.23137 0.27059 0.41176
0.22745 0.27843 0.41176
0.23529 0.28627 0.41961
0.23529 0.28235 0.41961
