0.92941 0.81961 0.70196
0.92157 0.81569 0.70196
0.92157 0.81569 0.69804
0.89412 0.81176 0.70588
0.91765 0.81569 0.69412
0.92157 0.81961 0.68627
0.92941 0.82745 0.69412
0.93725 0.83137 0.69804
0.93333 0.83529 0.7098
0.92549 0.81961 0.68235
0.92549 0.82745 0.6902
0.92941 0.82745 0.6902
0.93333 0.82353 0.69412
0.93333 0.83529 0.7098
0.92941 0.82353 0.68627
0.93333 0.83529 0.69412
0.92157 0.81961 0.68235
0.92941 0.83529 0.7098
0.94118 0.83529 0.69804
0.93725 0.83922 0.69804
0.92157 0.81961 0.68235
0.93333 0.83922 0.71765
0.9098 0.81569 0.69804
0.8902 0.79608 0.68235
0.83922 0.74902 0.63529
