0.95294 0.90196 0.8
0.93725 0.87451 0.78431
0.92157 0.88627 0.81176
0.94118 0.88235 0.78039
0.92549 0.86275 0.76078
0.91373 0.84314 0.74118
0.91373 0.84706 0.7451
0.92549 0.85882 0.75294
0.8 0.77647 0.73725
0.9451 0.88627 0.80392
0.93725 0.87059 0.79608
0.92941 0.86275 0.77647
0.91765 0.85098 0.75294
0.92157 0.85882 0.75294
0.55294 0.5451 0.52549
0.96471 0.9098 0.83137
0.93333 0.87059 0.8
0.92941 0.86667 0.77647
0.92157 0.85882 0.75686
0.3451 0.35686 0.38039
0.92157 0.87059 0.80784
0.92549 0.87451 0.78431
0.93333 0.87059 0.77647
0.92549 0.86275 0.76078
0.20392 0.23137 0.2902
0.83922 0.79608 0.7451
0.9451 0.89412 0.79608
0.92941 0.87451 0.77647
0.92941 0.86667 0.76863
0.13725 0.17647 0.2549
0.69804 0.67843 0.64706
0.94118 0.88627 0.78824
0.11373 0.16863 0.26275
0.50196 0.50196 0.50196
0.92549 0.87451 0.77647
0.91765 0.86275 0.75686
0.32157 0.3451 0.38039
0.90196 0.85098 0.77255
0.90196 0.85098 0.74902
0.81569 0.78039 0.71765
0.6902 0.67059 0.63922
0.50588 0.50588 0.4902
0.30588 0.31373 0.34902
0.18431 0.21961 0.27843
0.12941 0.17647 0.2549
