0.19216 0.31373 0.4549
0.20392 0.32157 0.45882
0.19608 0.31373 0.44706
0.2 0.31765 0.45098
0.19216 0.3098 0.44706
0.18824 0.30588 0.43922
0.20392 0.32157 0.4549
0.19216 0.3098 0.44314
0.19216 0.3098 0.44314
0.19216 0.3098 0.44314
0.19216 0.3098 0.44314
0.19216 0.30588 0.43922
0.19216 0.3098 0.44314
0.19216 0.3098 0.44314
0.19216 0.3098 0.44314
0.18824 0.30588 0.43922
0.19608 0.31373 0.44706
0.19216 0.3098 0.44314
0.19216 0.31373 0.44706
0.19216 0.3098 0.44314
0.19216 0.3098 0.44314
0.18039 0.30196 0.43922
0.18824 0.31765 0.44706
0.19216 0.31765 0.45098
0.18039 0.3098 0.43922
0.18431 0.31765 0.44706
0.19608 0.31373 0.44706
0.2 0.30588 0.44314
0.2 0.31373 0.44706
0.18039 0.29804 0.43137
0.18824 0.30588 0.45098
0.18824 0.3098 0.44706
0.18824 0.31765 0.44314
0.19608 0.32157 0.45098
0.18824 0.31765 0.44706
0.19216 0.32157 0.44706
0.19216 0.3098 0.43922
0.18824 0.30196 0.43137
0.19216 0.3098 0.44314
0.18431 0.30196 0.43529
0.19216 0.30588 0.43922
0.18039 0.30588 0.43529
0.19608 0.31373 0.4549
0.19216 0.3098 0.45098
0.19216 0.3098 0.44314
0.2 0.31765 0.45098
0.2 0.31765 0.45098
0.18824 0.31373 0.43529
0.20392 0.32549 0.44706
0.19608 0.31765 0.43922
0.18824 0.3098 0.43922
0.18431 0.30196 0.43529
0.18431 0.29804 0.43137
0.18039 0.30196 0.43137
0.18039 0.29412 0.42745
0.2 0.31765 0.4549
0.20392 0.32157 0.45882
0.20392 0.32157 0.4549
0.2 0.31765 0.45098
0.19608 0.31373 0.44706
0.19608 0.31765 0.43922
0.19216 0.31373 0.43529
0.19608 0.31765 0.43922
0.18431 0.30196 0.43529
0.18431 0.30196 0.43529
0.18039 0.2902 0.42353
0.17255 0.2902 0.42353
0.17647 0.28627 0.41961
0.16863 0.27451 0.40392
0.18431 0.29412 0.42353
0.18824 0.30588 0.43922
0.19216 0.3098 0.44314
0.2 0.31765 0.45098
0.20392 0.32157 0.4549
0.2 0.31765 0.45098
0.19216 0.3098 0.44314
0.19608 0.31765 0.43922
0.19608 0.31765 0.43922
0.19608 0.31765 0.43922
0.18431 0.30196 0.43137
0.18431 0.29804 0.43137
0.18431 0.29804 0.43137
0.18039 0.29412 0.42745
0.17647 0.2902 0.42353
0.17647 0.2902 0.41569
0.17647 0.2902 0.41961
0.17647 0.2902 0.42353
0.2 0.31765 0.45098
0.19216 0.3098 0.44314
0.19608 0.31373 0.44706
0.19608 0.31373 0.44706
0.20784 0.32549 0.45882
0.20392 0.32157 0.4549
0.19608 0.31373 0.44706
0.19608 0.31373 0.44706
0.18824 0.30588 0.43922
0.18431 0.30196 0.43529
0.18824 0.30588 0.43922
0.18824 0.30196 0.43529
0.17255 0.28627 0.42353
0.17647 0.2902 0.42353
0.18039 0.29412 0.41961
0.16863 0.28235 0.41176
0.17647 0.2902 0.42353
0.18039 0.29412 0.42745
0.17647 0.28627 0.41569
0.17647 0.27843 0.40784
0.19216 0.3098 0.44706
0.19216 0.3098 0.44706
0.2 0.31765 0.45098
0.19216 0.3098 0.44314
0.20784 0.32157 0.4549
0.20784 0.32157 0.4549
0.2 0.31765 0.45098
0.19216 0.3098 0.44314
0.18824 0.30196 0.43922
0.18431 0.29804 0.43137
0.19608 0.3098 0.44314
0.18824 0.30196 0.43529
0.16863 0.28235 0.41176
0.18039 0.29412 0.41961
0.17647 0.2902 0.41569
0.17255 0.28627 0.41569
0.16471 0.27843 0.41176
0.17255 0.28627 0.41961
0.17255 0.28235 0.41569
0.17255 0.27451 0.40392
0.2 0.31373 0.4549
0.19608 0.3098 0.44314
0.20392 0.31765 0.45098
0.20392 0.31765 0.45098
0.20784 0.32157 0.4549
0.2 0.31373 0.44706
0.18824 0.30196 0.43529
0.19216 0.30588 0.43922
0.19608 0.3098 0.44314
0.19216 0.30588 0.43922
0.17255 0.28627 0.41176
0.17255 0.28627 0.40784
0.17255 0.28627 0.41176
0.16471 0.27843 0.40784
0.16863 0.28235 0.41569
0.20392 0.31765 0.45098
0.20784 0.32157 0.4549
0.20784 0.32157 0.4549
0.2 0.31373 0.44706
0.20392 0.31765 0.45098
0.19608 0.3098 0.44314
0.18824 0.30196 0.43529
0.19216 0.30588 0.43922
0.18824 0.30196 0.43529
0.17255 0.28627 0.41961
0.17255 0.28627 0.41569
0.18039 0.29412 0.42353
0.16471 0.27843 0.41176
0.17255 0.28627 0.41961
0.19608 0.3098 0.44314
0.20392 0.31765 0.45098
0.2 0.31373 0.44706
0.20392 0.31765 0.45098
0.20392 0.31765 0.45098
0.19216 0.30588 0.43922
0.19216 0.30588 0.43922
0.19216 0.30588 0.43922
0.18431 0.29804 0.43137
0.18039 0.29412 0.42745
0.17255 0.28627 0.41961
0.18431 0.29804 0.43137
0.16863 0.28235 0.41569
0.2 0.31765 0.45098
0.20784 0.32157 0.4549
0.20392 0.31765 0.45098
0.19608 0.3098 0.44314
0.18824 0.30196 0.43529
0.18824 0.30196 0.43529
0.18824 0.30196 0.43529
0.18039 0.29412 0.42745
0.17255 0.28627 0.41961
0.17647 0.2902 0.41176
0.2 0.31765 0.45098
0.19216 0.3098 0.44314
0.18431 0.29804 0.43137
0.19608 0.3098 0.44314
0.18824 0.30196 0.43529
0.18824 0.30196 0.43529
