0.6 0.37647 0.29412
0.60392 0.38824 0.29804
0.61961 0.41569 0.29804
0.67059 0.47451 0.32157
0.60392 0.37647 0.29412
0.59216 0.38824 0.24706
0.64314 0.45882 0.29804
0.63922 0.44314 0.28235
0.6 0.40784 0.24706
0.67059 0.47059 0.30196
0.63922 0.45098 0.28235
0.62353 0.43529 0.27059
0.64706 0.44706 0.3098
0.63922 0.44706 0.32157
0.56078 0.36863 0.20784
0.62353 0.43137 0.27451
0.66275 0.46667 0.33333
0.66667 0.46667 0.34118
0.6 0.39216 0.28235
0.56863 0.36863 0.23922
0.64314 0.44314 0.32549
0.63137 0.43137 0.32157
0.62745 0.42353 0.32157
0.62745 0.42745 0.32549
0.62353 0.44706 0.33725
