0.51765 0.61961 0.7451
0.51765 0.61961 0.74902
0.50588 0.61176 0.73725
0.50588 0.61569 0.7451
0.50588 0.61569 0.7451
0.5098 0.61569 0.7451
0.51765 0.61961 0.74902
0.50588 0.61176 0.73725
0.51373 0.61569 0.74118
0.50196 0.61961 0.7451
0.50196 0.61569 0.74118
0.50588 0.61176 0.74118
0.51373 0.61569 0.7451
0.5098 0.61176 0.74118
0.5098 0.61569 0.74118
0.51373 0.61569 0.7451
0.50196 0.61961 0.7451
0.5098 0.61961 0.7451
0.51373 0.61569 0.7451
0.51373 0.61569 0.73725
0.5098 0.61569 0.74118
0.51373 0.61961 0.74902
0.51765 0.61961 0.74902
0.51373 0.61569 0.7451
0.51765 0.61961 0.74902
0.51373 0.61569 0.7451
