0.52549 0.60392 0.7098
0.54118 0.60784 0.7098
0.53725 0.60392 0.70588
0.54118 0.60784 0.7098
0.53725 0.60392 0.71373
0.53333 0.6 0.7098
0.52549 0.60392 0.7098
0.52549 0.60392 0.7098
0.52549 0.60392 0.7098
0.53725 0.60392 0.70588
0.53725 0.60392 0.70588
0.54118 0.60784 0.7098
0.54118 0.60392 0.71373
0.53333 0.60392 0.71373
0.53333 0.61176 0.71765
0.52549 0.60392 0.7098
0.52157 0.6 0.70588
0.52157 0.6 0.69804
0.52549 0.60392 0.70196
0.54118 0.60784 0.7098
0.5451 0.61176 0.71765
0.53725 0.61176 0.71373
0.52941 0.60392 0.7098
0.52941 0.60392 0.7098
0.52941 0.60784 0.7098
0.52549 0.60392 0.70588
0.52941 0.60784 0.7098
0.52941 0.60784 0.70588
0.52157 0.60392 0.69804
0.52157 0.6 0.69804
0.52549 0.6 0.70196
0.5451 0.60784 0.7098
0.54118 0.61569 0.71765
0.53333 0.61569 0.72157
0.52941 0.60784 0.71373
0.52549 0.60784 0.7098
0.52941 0.60784 0.70588
0.52549 0.60392 0.70196
0.52549 0.60392 0.70196
0.52549 0.60392 0.70196
0.52549 0.60392 0.70196
0.52549 0.60392 0.70196
0.52157 0.6 0.69804
0.52157 0.6 0.69804
0.52157 0.6 0.69804
0.51765 0.59608 0.69412
0.51765 0.59608 0.69412
0.5098 0.58824 0.69412
0.5451 0.61176 0.71373
0.54118 0.60392 0.70588
0.53333 0.60784 0.7098
0.53333 0.61176 0.71765
0.52941 0.60784 0.71373
0.52941 0.60784 0.7098
0.52941 0.60784 0.70588
0.52941 0.60784 0.70588
0.53333 0.61176 0.7098
0.52941 0.60784 0.70588
0.52941 0.60784 0.70588
0.52941 0.60784 0.70588
0.52157 0.6 0.69804
0.52157 0.6 0.69804
0.51765 0.59608 0.69412
0.51765 0.59608 0.69412
0.51765 0.59608 0.69412
0.5098 0.58824 0.69412
0.54118 0.60784 0.7098
0.53333 0.6 0.70196
0.5451 0.61176 0.71373
0.53333 0.60784 0.71373
0.52941 0.60784 0.71373
0.52549 0.60392 0.7098
0.52549 0.60392 0.70588
0.52549 0.60392 0.70196
0.52549 0.60392 0.70196
0.52941 0.60784 0.70588
0.52941 0.60784 0.70588
0.52941 0.60784 0.70588
0.52941 0.60784 0.70588
0.52157 0.59608 0.69804
0.52157 0.59608 0.69804
0.51765 0.59216 0.69412
0.51765 0.59608 0.69412
0.51765 0.59608 0.69412
0.51373 0.59216 0.69804
0.54118 0.61176 0.7098
0.54118 0.60784 0.7098
0.54118 0.60784 0.71765
0.53333 0.60784 0.71373
0.53333 0.61176 0.71765
0.53333 0.61176 0.71765
0.52549 0.60392 0.7098
0.52941 0.60784 0.70588
0.53333 0.61176 0.7098
0.52549 0.60784 0.70196
0.52157 0.6 0.69804
0.52157 0.6 0.69804
0.52157 0.6 0.69804
0.52941 0.6 0.70196
0.52941 0.59608 0.69804
0.52549 0.59216 0.69412
0.51765 0.59216 0.69804
0.5098 0.58824 0.69412
0.50588 0.58431 0.6902
0.54902 0.61569 0.71765
0.5451 0.61176 0.71373
0.5451 0.60784 0.71765
0.54118 0.61176 0.72157
0.52941 0.61176 0.71765
0.53333 0.61176 0.71765
0.53333 0.60784 0.71373
0.53333 0.60392 0.70588
0.53725 0.60392 0.70588
0.53333 0.60392 0.70588
0.52549 0.59608 0.69804
0.52157 0.59216 0.69412
0.53333 0.60392 0.70196
0.53333 0.6 0.70196
0.52941 0.59608 0.69804
0.52549 0.59216 0.69412
0.51765 0.59216 0.69804
0.51765 0.59608 0.70196
0.51373 0.59216 0.69804
0.54118 0.61176 0.71373
0.54118 0.60784 0.71373
0.5451 0.61176 0.72157
0.53725 0.61176 0.71765
0.52941 0.60784 0.71373
0.52941 0.60784 0.71373
0.53333 0.60784 0.71373
0.53333 0.6 0.70196
0.52549 0.59608 0.69804
0.53333 0.6 0.70196
0.53333 0.60392 0.70588
0.53333 0.6 0.70196
0.53333 0.60392 0.70588
0.52941 0.59608 0.69804
0.52941 0.59608 0.69804
0.52157 0.59216 0.69412
0.51765 0.59608 0.69804
0.51373 0.59216 0.69804
0.51765 0.59608 0.70196
0.53725 0.61569 0.71765
0.53333 0.61176 0.71765
0.53333 0.61176 0.71765
0.53333 0.61176 0.71765
0.53333 0.61176 0.71765
0.52941 0.60784 0.71373
0.52941 0.60784 0.71373
0.52549 0.60784 0.7098
0.52941 0.60784 0.7098
0.52941 0.60784 0.70588
0.53333 0.61176 0.7098
0.52941 0.60784 0.70588
0.52549 0.60392 0.70196
0.52941 0.60784 0.70196
0.52549 0.60392 0.70196
0.52157 0.59608 0.69804
0.51765 0.59608 0.69412
0.51373 0.59216 0.6902
0.52549 0.59608 0.70196
0.53725 0.61569 0.71765
0.53725 0.61569 0.72157
0.53725 0.61961 0.72549
0.54118 0.61569 0.72157
0.53725 0.61176 0.71765
0.52941 0.60392 0.7098
0.53333 0.60784 0.71373
0.53333 0.60784 0.71373
0.53333 0.60784 0.7098
0.53333 0.60784 0.70588
0.53333 0.61176 0.7098
0.53333 0.61176 0.7098
0.52549 0.60392 0.70196
0.52941 0.60784 0.70196
0.52941 0.60784 0.70588
0.52549 0.60392 0.70196
0.52157 0.6 0.69804
0.52157 0.59608 0.69804
0.52941 0.59608 0.70588
0.47451 0.54118 0.65098
0.53725 0.61569 0.71765
0.53333 0.61176 0.72157
0.54118 0.61961 0.72549
0.54118 0.61569 0.72157
0.54118 0.60784 0.71765
0.54118 0.60392 0.71373
0.54118 0.60784 0.71765
0.5451 0.60784 0.72157
0.53725 0.60392 0.7098
0.52941 0.6 0.70196
0.52941 0.60784 0.70588
0.52941 0.60784 0.70588
0.52549 0.60392 0.70196
0.52941 0.60784 0.70196
0.52941 0.60784 0.70196
0.52157 0.6 0.69804
0.52157 0.6 0.69804
0.51765 0.59608 0.69412
0.52549 0.59216 0.70196
0.47843 0.5451 0.6549
0.53725 0.61569 0.71765
0.54118 0.61961 0.71765
0.5451 0.61569 0.71765
0.54118 0.60784 0.7098
0.54118 0.60784 0.7098
0.5451 0.60784 0.71373
0.54118 0.60784 0.72157
0.54118 0.60784 0.71765
0.53725 0.60392 0.7098
0.52549 0.60392 0.70196
0.52157 0.6 0.69804
0.52549 0.60392 0.70196
0.53333 0.6 0.70196
0.53333 0.60392 0.70196
0.53333 0.6 0.70196
0.52549 0.59608 0.69412
0.51765 0.58824 0.69412
0.52157 0.58824 0.70196
0.49804 0.56078 0.68235
0.53725 0.61569 0.71373
0.53725 0.61961 0.71373
0.54118 0.61569 0.71373
0.53725 0.60784 0.7098
0.5451 0.61569 0.71373
0.53725 0.60784 0.7098
0.53725 0.60784 0.71765
0.53333 0.60392 0.71373
0.52941 0.6 0.70588
0.52549 0.60392 0.70196
0.52941 0.60784 0.70588
0.52549 0.60392 0.70196
0.53725 0.60392 0.70588
0.53333 0.59608 0.70196
0.53333 0.6 0.70196
0.52157 0.59608 0.69804
0.51373 0.59216 0.69804
0.51373 0.59216 0.70588
0.50588 0.56471 0.68235
0.54118 0.61961 0.71765
0.53725 0.61569 0.71373
0.53333 0.61176 0.7098
0.53333 0.61569 0.71373
0.52941 0.60784 0.70588
0.52941 0.60784 0.71373
0.52941 0.61176 0.71765
0.52941 0.60784 0.7098
0.52549 0.60392 0.70196
0.52941 0.60784 0.70588
0.52941 0.60784 0.70588
0.53333 0.6 0.70196
0.53333 0.6 0.70196
0.52941 0.59608 0.69804
0.52549 0.59608 0.69804
0.52157 0.59608 0.70196
0.52157 0.59216 0.7098
0.50588 0.57255 0.69412
0.54118 0.61961 0.71765
0.5451 0.62353 0.72157
0.53725 0.61569 0.71373
0.53333 0.61176 0.7098
0.53333 0.61176 0.7098
0.53725 0.61569 0.71373
0.53725 0.61569 0.71373
0.52941 0.60784 0.7098
0.51765 0.6 0.69412
0.52549 0.60392 0.70196
0.53725 0.60784 0.70588
0.53725 0.60392 0.70588
0.53333 0.6 0.70196
0.52157 0.58824 0.6902
0.52157 0.59608 0.69804
0.52941 0.59216 0.69412
0.52549 0.59608 0.70588
0.51765 0.58039 0.67059
0.44706 0.4902 0.55686
0.54118 0.61961 0.71765
0.54118 0.61961 0.71765
0.53333 0.61176 0.7098
0.52941 0.60784 0.70588
0.53333 0.61176 0.7098
0.53725 0.61569 0.71373
0.53333 0.61176 0.7098
0.52941 0.61176 0.70588
0.52941 0.61176 0.70588
0.52941 0.60784 0.70588
0.53725 0.60392 0.70588
0.53725 0.60392 0.70588
0.53333 0.6 0.70196
0.52941 0.59608 0.69804
0.52157 0.59608 0.69412
0.53333 0.59608 0.69804
0.53725 0.60784 0.7098
0.50196 0.52941 0.58824
0.53725 0.61569 0.71373
0.53725 0.61569 0.71373
0.53333 0.61569 0.71373
0.53333 0.61176 0.7098
0.53725 0.61569 0.71373
0.54118 0.61961 0.71765
0.53333 0.61176 0.71373
0.53333 0.61176 0.7098
0.53333 0.61961 0.71373
0.53333 0.61176 0.7098
0.54118 0.60784 0.7098
0.53725 0.60392 0.70588
0.53333 0.6 0.70196
0.53333 0.6 0.70196
0.52941 0.6 0.69412
0.52941 0.59608 0.70196
0.53333 0.59608 0.69412
0.69804 0.69804 0.71765
0.52549 0.50196 0.4902
0.54118 0.61961 0.72157
0.53725 0.61176 0.71373
0.53725 0.61176 0.7098
0.54118 0.61569 0.71373
0.54118 0.61176 0.71373
0.53725 0.60784 0.7098
0.53725 0.61176 0.7098
0.53333 0.61569 0.70588
0.53333 0.61569 0.71765
0.52941 0.60784 0.7098
0.53333 0.60392 0.7098
0.5451 0.61176 0.71373
0.53333 0.60392 0.70196
0.53333 0.6 0.69804
0.53333 0.60392 0.70196
0.53333 0.60392 0.70196
0.52157 0.58431 0.68235
0.70196 0.73333 0.77647
0.78039 0.78824 0.78824
0.62745 0.60784 0.58824
0.54118 0.61961 0.72941
0.5451 0.61569 0.71765
0.55294 0.61569 0.71765
0.54902 0.61569 0.71765
0.5451 0.61176 0.71373
0.54118 0.60784 0.7098
0.53333 0.61176 0.70588
0.52941 0.60784 0.70196
0.52941 0.60784 0.71373
0.52941 0.60784 0.71765
0.52941 0.60784 0.71373
0.53333 0.60392 0.70588
0.53725 0.60392 0.70196
0.53333 0.60784 0.69804
0.53333 0.60784 0.70196
0.53725 0.60784 0.70196
0.53333 0.6 0.69804
0.52549 0.59216 0.68627
0.52157 0.56863 0.63137
0.77255 0.76078 0.77647
0.70588 0.70588 0.68627
0.52549 0.52157 0.51765
0.5451 0.62353 0.72941
0.5451 0.61569 0.72157
0.5451 0.61176 0.71373
0.5451 0.61176 0.71373
0.54118 0.60784 0.7098
0.54118 0.60784 0.7098
0.53333 0.60784 0.7098
0.53333 0.60392 0.69412
0.52941 0.60784 0.70196
0.53333 0.60784 0.70196
0.53333 0.59608 0.69412
0.53725 0.59608 0.70196
0.48627 0.54902 0.65098
0.50588 0.52941 0.61176
0.63529 0.66275 0.71765
0.52157 0.5451 0.61961
0.54118 0.61961 0.72549
0.5451 0.61961 0.72157
0.54118 0.61176 0.71373
0.5451 0.61176 0.71373
0.52941 0.60784 0.70196
0.52941 0.60392 0.69804
0.52941 0.6 0.69412
0.53333 0.59216 0.6902
0.50588 0.57255 0.67843
0.41961 0.47843 0.59216
0.54118 0.61961 0.71765
0.5451 0.62353 0.72157
0.52941 0.60784 0.70196
0.52549 0.60784 0.69804
0.52549 0.6 0.69804
0.50588 0.56863 0.67059
0.5451 0.62353 0.72157
0.52941 0.60784 0.70196
0.52549 0.60392 0.69804
0.52549 0.60392 0.69804
0.50196 0.57647 0.67451
0.52157 0.6 0.69804
0.51765 0.59608 0.69412
