0.60392 0.68627 0.75686
0.60392 0.68627 0.75686
0.60784 0.6902 0.76471
0.60392 0.68627 0.75686
0.60392 0.68627 0.74902
0.60392 0.68627 0.75294
0.6 0.68235 0.74902
0.6 0.68235 0.74902
0.60784 0.68627 0.75294
0.61176 0.68627 0.75294
0.60784 0.6902 0.77255
0.60784 0.6902 0.77255
0.60784 0.6902 0.76863
0.6 0.68235 0.75686
0.60784 0.6902 0.76078
0.60392 0.68627 0.75686
0.60784 0.67843 0.75686
0.60784 0.68235 0.75294
0.60784 0.68235 0.74902
0.61176 0.68235 0.75294
0.61176 0.67843 0.75686
0.60784 0.6902 0.76863
0.60784 0.68627 0.78039
0.60784 0.6902 0.77647
0.60392 0.68627 0.76863
0.60784 0.6902 0.77255
0.60784 0.6902 0.76863
0.60784 0.68627 0.76078
0.60392 0.68627 0.76078
0.6 0.67843 0.75686
0.60784 0.67843 0.75686
0.61176 0.68235 0.75686
0.61176 0.68627 0.74902
0.61569 0.68235 0.75294
0.61176 0.67843 0.75686
0.61176 0.67451 0.76471
0.61176 0.67451 0.75686
0.60784 0.67451 0.75294
0.62353 0.69804 0.77647
0.61176 0.69804 0.76863
0.60784 0.6902 0.76471
0.60784 0.6902 0.77255
0.60784 0.68627 0.78039
0.60392 0.68235 0.77255
0.60784 0.6902 0.77255
0.60784 0.6902 0.77255
0.60784 0.68627 0.76471
0.61176 0.67843 0.75686
0.61569 0.68627 0.76471
0.61176 0.68235 0.76078
0.60784 0.67843 0.76078
0.60784 0.67843 0.75294
0.61176 0.68627 0.75294
0.60784 0.67451 0.7451
0.60392 0.67059 0.74902
0.60784 0.67059 0.76078
0.60392 0.67059 0.75294
0.60784 0.67451 0.75294
0.63922 0.69804 0.77255
0.63137 0.69412 0.77255
0.62745 0.69412 0.78039
0.62745 0.69804 0.77647
0.62353 0.69412 0.77647
0.61961 0.69412 0.77647
0.60784 0.6902 0.77255
0.60784 0.6902 0.77647
0.60784 0.6902 0.77255
0.60784 0.6902 0.76863
0.60392 0.68627 0.76471
0.61176 0.6902 0.76863
0.61569 0.68627 0.76863
0.61176 0.68235 0.76471
0.61569 0.68627 0.76863
0.61176 0.68235 0.76863
0.61176 0.68235 0.76078
0.61176 0.68235 0.76078
0.61176 0.68235 0.75686
0.60784 0.67843 0.75294
0.60392 0.67059 0.74902
0.60784 0.67451 0.75686
0.60784 0.67451 0.75686
0.60392 0.67451 0.75294
0.63922 0.70588 0.77647
0.64314 0.7098 0.78039
0.64314 0.7098 0.78039
0.64706 0.70588 0.78039
0.64314 0.70196 0.77647
0.63922 0.70196 0.77647
0.63922 0.70196 0.77255
0.63529 0.69804 0.77647
0.62745 0.69412 0.77255
0.62353 0.69804 0.77255
0.62353 0.69412 0.77647
0.62353 0.69412 0.78039
0.60784 0.68235 0.77647
0.60392 0.68627 0.77647
0.60784 0.6902 0.76863
0.61176 0.69412 0.76863
0.61176 0.69412 0.76863
0.61569 0.68627 0.76471
0.61176 0.68235 0.76471
0.61569 0.68627 0.77255
0.61176 0.68235 0.76863
0.61176 0.68235 0.76863
0.61176 0.68235 0.76078
0.61176 0.68235 0.76078
0.60784 0.67843 0.75686
0.60392 0.67451 0.75294
0.60784 0.67843 0.75686
0.60784 0.67843 0.75686
0.60784 0.67843 0.75686
0.62353 0.70196 0.79216
0.63529 0.70588 0.79216
0.63922 0.7098 0.78431
0.64314 0.7098 0.78039
0.63922 0.70588 0.77647
0.64706 0.71373 0.78431
0.64314 0.7098 0.78039
0.63529 0.70196 0.77255
0.63529 0.70196 0.77255
0.64314 0.70196 0.77647
0.63922 0.70588 0.78039
0.62745 0.69804 0.77647
0.61569 0.69804 0.77255
0.61176 0.69412 0.77255
0.61176 0.69412 0.77647
0.60784 0.68627 0.77647
0.60784 0.6902 0.77647
0.60784 0.6902 0.76863
0.61176 0.69412 0.76863
0.61176 0.69412 0.76863
0.61176 0.68235 0.76078
0.61569 0.68627 0.76471
0.61569 0.68235 0.76863
0.61176 0.68235 0.76863
0.61176 0.68235 0.76471
0.60784 0.67843 0.75686
0.60784 0.67843 0.75686
0.60784 0.67843 0.75686
0.60392 0.67451 0.75294
0.60392 0.67451 0.75294
0.60784 0.67843 0.75686
0.60392 0.67451 0.75294
0.62353 0.69804 0.78824
0.63529 0.70196 0.78824
0.64314 0.7098 0.78431
0.64314 0.7098 0.78039
0.63922 0.70588 0.77647
0.63922 0.70588 0.77647
0.63922 0.70588 0.77647
0.63529 0.70196 0.77255
0.63529 0.70196 0.77255
0.63922 0.69804 0.77255
0.63529 0.70196 0.77647
0.62745 0.69804 0.77255
0.61961 0.69804 0.77255
0.61176 0.69412 0.77255
0.61176 0.69804 0.78039
0.61176 0.6902 0.78039
0.60784 0.68627 0.77647
0.6 0.68235 0.76863
0.60392 0.68627 0.76471
0.60784 0.6902 0.76863
0.61176 0.6902 0.76863
0.60784 0.68627 0.76471
0.61176 0.68627 0.77255
0.61176 0.68627 0.76863
0.61176 0.68235 0.76471
0.61176 0.68235 0.76078
0.61176 0.68235 0.76078
0.61176 0.68235 0.76078
0.60784 0.67843 0.75686
0.60784 0.67843 0.75686
0.60392 0.67451 0.75294
0.62353 0.69804 0.78824
0.63922 0.70588 0.78431
0.64706 0.7098 0.78431
0.64706 0.71373 0.78431
0.64314 0.7098 0.78039
0.63922 0.70588 0.77647
0.63529 0.70196 0.77255
0.63529 0.70196 0.77255
0.63922 0.70588 0.77647
0.63922 0.70588 0.77647
0.63922 0.70588 0.77647
0.63529 0.70196 0.77255
0.63137 0.70196 0.77647
0.62353 0.69804 0.78039
0.61961 0.70196 0.78431
0.60784 0.6902 0.78039
0.60392 0.68235 0.77647
0.60392 0.68235 0.77647
0.60784 0.68627 0.77647
0.60392 0.68627 0.76863
0.60784 0.6902 0.77255
0.60784 0.6902 0.77255
0.60392 0.6902 0.76863
0.60392 0.68235 0.76471
0.61176 0.68235 0.76863
0.61569 0.68627 0.76471
0.60784 0.67843 0.75686
0.60784 0.67843 0.75686
0.60392 0.67451 0.75294
0.60784 0.67843 0.75686
0.61176 0.68235 0.76078
0.62745 0.70196 0.79216
0.63922 0.70588 0.78824
0.64706 0.7098 0.78431
0.64314 0.7098 0.78039
0.64314 0.7098 0.78039
0.64314 0.7098 0.78039
0.63922 0.70588 0.77647
0.64314 0.7098 0.78039
0.63922 0.70588 0.77647
0.63922 0.70588 0.77647
0.63922 0.70588 0.77647
0.63137 0.69804 0.76863
0.63137 0.69804 0.77647
0.62745 0.69412 0.77647
0.61961 0.69804 0.78039
0.61569 0.6902 0.78039
0.61569 0.6902 0.78431
0.61569 0.68627 0.78039
0.61569 0.69412 0.78039
0.60392 0.6902 0.76863
0.60392 0.68627 0.76863
0.60784 0.6902 0.77255
0.60392 0.68627 0.76863
0.61176 0.68627 0.76863
0.61176 0.68235 0.76863
0.61176 0.68235 0.76078
0.61176 0.68235 0.76078
0.61176 0.68235 0.76078
0.61176 0.68235 0.76078
0.60784 0.67843 0.75686
0.63137 0.7098 0.79608
0.63922 0.70588 0.78824
0.63922 0.70588 0.77647
0.64706 0.7098 0.78039
0.64706 0.7098 0.78431
0.64706 0.7098 0.78039
0.64314 0.7098 0.78039
0.64706 0.7098 0.78431
0.64706 0.7098 0.78039
0.63922 0.70588 0.77647
0.63529 0.70196 0.77255
0.63529 0.70196 0.77255
0.63529 0.69804 0.77647
0.63137 0.69804 0.78039
0.62353 0.69412 0.78039
0.61176 0.68627 0.77647
0.61961 0.69412 0.78431
0.61569 0.68627 0.78039
0.61569 0.6902 0.78039
0.60784 0.6902 0.77255
0.60784 0.68627 0.76863
0.60784 0.68627 0.76863
0.60392 0.68627 0.76863
0.61176 0.68627 0.77255
0.61176 0.68627 0.76863
0.61569 0.68627 0.76471
0.60784 0.67843 0.75686
0.60784 0.67843 0.75686
0.60784 0.67843 0.75686
0.60784 0.67843 0.75686
0.60784 0.67843 0.75686
0.63137 0.7098 0.79608
0.63529 0.70588 0.79216
0.63922 0.7098 0.78039
0.64314 0.70588 0.77647
0.64314 0.70196 0.77647
0.64706 0.70196 0.77647
0.64706 0.70588 0.78039
0.64706 0.70588 0.78039
0.64706 0.70588 0.78039
0.63922 0.70588 0.77647
0.63529 0.70196 0.77255
0.63529 0.70196 0.77255
0.63137 0.69804 0.76863
0.63137 0.69804 0.77647
0.61961 0.69412 0.78039
0.60784 0.69412 0.77647
0.60784 0.6902 0.77255
0.60392 0.68627 0.76863
0.61176 0.6902 0.77255
0.61569 0.68235 0.76863
0.61569 0.68627 0.76471
0.61569 0.6902 0.76863
0.61176 0.69412 0.76863
0.60784 0.6902 0.76471
0.60784 0.6902 0.76471
0.61176 0.68235 0.76078
0.61176 0.68235 0.76078
0.61176 0.68235 0.76078
0.61176 0.68235 0.76078
0.61176 0.68235 0.76078
0.61176 0.68235 0.76078
0.62353 0.70196 0.78824
0.63529 0.70588 0.78824
0.63529 0.7098 0.78039
0.64314 0.71765 0.78431
0.64706 0.71373 0.78431
0.64314 0.70196 0.77647
0.64706 0.70588 0.78039
0.64314 0.70196 0.77647
0.64314 0.70196 0.77647
0.63529 0.70196 0.77255
0.63137 0.69804 0.76863
0.63137 0.69804 0.76863
0.62745 0.69412 0.76863
0.63137 0.70196 0.78039
0.61961 0.69804 0.78039
0.60784 0.6902 0.77255
0.61176 0.69412 0.77647
0.60784 0.6902 0.77255
0.61176 0.68627 0.77255
0.61569 0.68235 0.76863
0.61569 0.68627 0.76471
0.61569 0.68627 0.76471
0.61176 0.68627 0.76471
0.61176 0.68627 0.76078
0.60784 0.68235 0.76078
0.61176 0.68235 0.76078
0.61176 0.68235 0.76078
0.61176 0.68235 0.76078
0.61176 0.68235 0.76078
0.60392 0.67451 0.75294
0.63137 0.7098 0.79608
0.63529 0.70588 0.79216
0.62745 0.70588 0.77647
0.63922 0.71373 0.78039
0.64706 0.71765 0.78431
0.64706 0.7098 0.78039
0.64706 0.70588 0.78039
0.64314 0.70196 0.77647
0.63922 0.69804 0.77255
0.63529 0.70196 0.77647
0.63922 0.70588 0.77647
0.63922 0.70588 0.77647
0.63529 0.70196 0.77255
0.63137 0.69804 0.78039
0.62353 0.69804 0.78039
0.61569 0.69804 0.78039
0.60784 0.6902 0.77255
0.60784 0.6902 0.77255
0.61569 0.69412 0.77647
0.61569 0.68627 0.77255
0.61961 0.6902 0.76863
0.61569 0.68627 0.76471
0.61569 0.68627 0.76863
0.61569 0.68627 0.76471
0.61176 0.68235 0.76078
0.61176 0.68235 0.76078
0.61176 0.68235 0.76078
0.60784 0.67843 0.75686
0.60784 0.67843 0.75686
0.60392 0.67451 0.75294
0.62745 0.7098 0.79608
0.63137 0.70588 0.78824
0.63922 0.7098 0.78824
0.63922 0.7098 0.78824
0.64706 0.7098 0.78824
0.65098 0.7098 0.78824
0.64706 0.70588 0.78039
0.64314 0.70196 0.77647
0.64314 0.70588 0.78039
0.64314 0.7098 0.78824
0.63922 0.70588 0.78431
0.63922 0.70588 0.78431
0.63922 0.70588 0.78431
0.63529 0.70196 0.78039
0.62353 0.69412 0.78039
0.61569 0.69412 0.77647
0.60784 0.6902 0.77255
0.60784 0.6902 0.77255
0.61176 0.68627 0.77255
0.61176 0.68235 0.76863
0.61961 0.6902 0.76863
0.61961 0.6902 0.77255
0.61569 0.68627 0.77255
0.61176 0.68235 0.76863
0.61176 0.68235 0.76471
0.61176 0.68235 0.76863
0.61176 0.68235 0.76863
0.61176 0.68235 0.76863
0.61176 0.68235 0.76078
0.61176 0.68235 0.76078
0.61569 0.68235 0.76078
0.62353 0.70588 0.79216
0.63137 0.70196 0.78431
0.63529 0.70588 0.78431
0.63922 0.7098 0.78824
0.65098 0.71373 0.79608
0.65098 0.7098 0.79216
0.64706 0.70588 0.78039
0.64314 0.70196 0.77647
0.64706 0.70588 0.78039
0.64314 0.7098 0.79216
0.63922 0.70588 0.78431
0.63529 0.70196 0.78039
0.63529 0.70196 0.78039
0.62745 0.69804 0.77647
0.62353 0.69412 0.78039
0.61569 0.69412 0.77647
0.61176 0.69412 0.77647
0.60784 0.6902 0.77255
0.61176 0.68627 0.77255
0.61569 0.68627 0.77255
0.61569 0.68627 0.76863
0.61961 0.6902 0.76863
0.61176 0.68235 0.76863
0.61176 0.68235 0.76863
0.61176 0.68235 0.76863
0.60784 0.67843 0.76471
0.61176 0.68235 0.76863
0.61176 0.68235 0.76863
0.61176 0.68235 0.76078
0.61176 0.68235 0.76078
0.61176 0.67843 0.75686
0.62745 0.70588 0.79608
0.62745 0.70196 0.78431
0.63529 0.70588 0.78039
0.64314 0.7098 0.78824
0.64706 0.7098 0.79216
0.65098 0.7098 0.78824
0.6549 0.71373 0.78824
0.64706 0.70588 0.78039
0.65098 0.7098 0.78431
0.64314 0.7098 0.78824
0.63922 0.70588 0.78431
0.63922 0.70588 0.78431
0.63529 0.70196 0.77647
0.62745 0.69804 0.77647
0.62353 0.69412 0.78039
0.61569 0.69412 0.77647
0.61176 0.69412 0.77647
0.61176 0.69412 0.77647
0.61569 0.6902 0.77647
0.61569 0.68627 0.77255
0.61961 0.6902 0.76863
0.61569 0.68627 0.76863
0.61569 0.68627 0.77255
0.61176 0.68235 0.76863
0.61569 0.68627 0.77255
0.61569 0.68627 0.77255
0.61176 0.68235 0.76863
0.60784 0.67843 0.76471
0.60784 0.67843 0.76078
0.60784 0.67843 0.75686
0.61176 0.67843 0.75686
0.61176 0.67843 0.75294
0.61961 0.70196 0.78824
0.62745 0.70196 0.78431
0.63922 0.7098 0.78431
0.64314 0.7098 0.78824
0.64706 0.7098 0.78431
0.65098 0.7098 0.78431
0.65098 0.7098 0.78431
0.65098 0.7098 0.78431
0.64706 0.70588 0.78039
0.64706 0.7098 0.78431
0.64314 0.7098 0.78431
0.63922 0.70588 0.78431
0.63529 0.70196 0.78039
0.62745 0.69412 0.78039
0.61569 0.6902 0.78431
0.61176 0.6902 0.77647
0.60392 0.68627 0.76863
0.60392 0.6902 0.77255
0.60784 0.6902 0.77255
0.61176 0.6902 0.76863
0.61176 0.69412 0.76863
0.60784 0.6902 0.76471
0.60784 0.6902 0.76471
0.61961 0.6902 0.77255
0.61569 0.68627 0.76471
0.61961 0.6902 0.76863
0.61961 0.68627 0.76078
0.61569 0.68627 0.75686
0.61176 0.68235 0.75294
0.60784 0.67451 0.74902
0.61176 0.67843 0.74902
0.61569 0.68627 0.75294
0.61176 0.68235 0.74902
0.62745 0.70196 0.78431
0.63529 0.70588 0.78431
0.64314 0.71373 0.79216
0.64706 0.7098 0.78039
0.65098 0.7098 0.78431
0.65098 0.7098 0.78431
0.65098 0.7098 0.78431
0.64706 0.70588 0.78039
0.64314 0.70196 0.77647
0.64314 0.70588 0.78431
0.63529 0.70196 0.78039
0.62745 0.69412 0.77647
0.62745 0.69804 0.78431
0.61569 0.6902 0.78431
0.60784 0.68627 0.77255
0.60784 0.6902 0.77255
0.60784 0.69412 0.77647
0.60784 0.69412 0.77255
0.60784 0.6902 0.76471
0.60784 0.6902 0.76863
0.61176 0.69412 0.76863
0.60392 0.68627 0.76078
0.61176 0.68627 0.76471
0.61569 0.68235 0.76078
0.62353 0.6902 0.76863
0.61569 0.68235 0.75686
0.61569 0.68235 0.75294
0.61569 0.68235 0.75294
0.61569 0.68235 0.75294
0.61176 0.67843 0.74902
0.60784 0.68235 0.74902
0.60784 0.68235 0.74902
0.63137 0.70588 0.78824
0.63922 0.7098 0.78824
0.65098 0.71765 0.79608
0.6549 0.71765 0.79216
0.6549 0.71373 0.78824
0.65098 0.7098 0.78431
0.65098 0.7098 0.78431
0.64314 0.70196 0.77647
0.63922 0.69804 0.77255
0.63922 0.70588 0.78039
0.63137 0.70196 0.78039
0.63137 0.69804 0.77647
0.63137 0.69804 0.78824
0.61569 0.69412 0.78431
0.60784 0.6902 0.77647
0.61176 0.69412 0.77647
0.60392 0.6902 0.77255
0.60784 0.69412 0.77647
0.61176 0.69412 0.77647
0.60784 0.6902 0.77255
0.61176 0.69412 0.77647
0.61176 0.69412 0.76863
0.61569 0.6902 0.76863
0.61176 0.68235 0.76078
0.61961 0.68627 0.76471
0.61961 0.68627 0.76078
0.61961 0.68627 0.75686
0.61961 0.68627 0.75686
0.61569 0.68235 0.75294
0.61569 0.67843 0.74902
0.61176 0.68235 0.74902
0.60784 0.68235 0.75294
0.63529 0.70588 0.79216
0.64314 0.7098 0.78824
0.64706 0.71373 0.79216
0.6549 0.71373 0.78824
0.65098 0.7098 0.78431
0.64706 0.70588 0.78431
0.65098 0.7098 0.78824
0.64706 0.70588 0.78431
0.64314 0.70588 0.78039
0.64314 0.7098 0.78039
0.63529 0.70196 0.77647
0.63137 0.69804 0.77255
0.62745 0.69804 0.78431
0.62353 0.69412 0.79216
0.61569 0.69412 0.78039
0.61176 0.69412 0.77647
0.60784 0.69412 0.77647
0.61176 0.69412 0.77647
0.61176 0.69412 0.77255
0.60784 0.6902 0.76863
0.61176 0.6902 0.76863
0.61569 0.6902 0.77255
0.61569 0.68627 0.76863
0.61569 0.68627 0.76863
0.61569 0.68627 0.76471
0.61961 0.6902 0.76471
0.61569 0.68235 0.75686
0.61569 0.68235 0.75686
0.61569 0.68235 0.75686
0.61176 0.67843 0.75294
0.61176 0.67843 0.74902
0.60392 0.67451 0.7451
0.63529 0.70196 0.78824
0.63922 0.70588 0.78431
0.64706 0.71373 0.79216
0.65098 0.7098 0.78431
0.64706 0.70588 0.78039
0.64314 0.70196 0.78824
0.64706 0.70588 0.78824
0.64706 0.7098 0.78824
0.63922 0.70588 0.77647
0.64314 0.7098 0.78039
0.63529 0.70196 0.76863
0.63137 0.69804 0.77255
0.63137 0.69804 0.78039
0.62353 0.69412 0.78824
0.61961 0.68627 0.77647
0.61569 0.69412 0.77647
0.60784 0.69412 0.77647
0.61176 0.69412 0.77647
0.60784 0.6902 0.77255
0.61176 0.69412 0.77255
0.60784 0.68627 0.76863
0.61569 0.68627 0.77255
0.61176 0.68235 0.76863
0.61176 0.68235 0.76863
0.61569 0.68627 0.76471
0.61569 0.68627 0.76471
0.61569 0.68235 0.76078
0.61961 0.68627 0.76471
0.61569 0.68235 0.76078
0.61569 0.68235 0.76471
0.61569 0.68235 0.75686
0.61176 0.67843 0.74902
0.61176 0.67843 0.75294
0.63922 0.7098 0.79216
0.64314 0.7098 0.78824
0.65098 0.71373 0.79216
0.6549 0.7098 0.78431
0.65098 0.7098 0.78431
0.65098 0.7098 0.79608
0.64706 0.70588 0.78824
0.64314 0.70196 0.78431
0.64314 0.7098 0.78039
0.64314 0.7098 0.78039
0.63922 0.70588 0.77647
0.63922 0.70588 0.78431
0.63137 0.70196 0.78039
0.62353 0.69412 0.77647
0.61961 0.6902 0.77255
0.61176 0.6902 0.77255
0.60784 0.69412 0.77647
0.61176 0.69412 0.77647
0.61176 0.69412 0.77255
0.61176 0.69412 0.77647
0.61176 0.6902 0.77255
0.61961 0.6902 0.77647
0.61569 0.68627 0.77255
0.61569 0.68627 0.76863
0.61961 0.6902 0.76863
0.61569 0.68235 0.76078
0.61569 0.68235 0.76078
0.61961 0.68627 0.76471
0.61961 0.68627 0.76471
0.61569 0.68235 0.76078
0.61569 0.68235 0.75294
0.61569 0.68235 0.75294
0.61176 0.67843 0.75686
0.60784 0.67451 0.75294
0.64314 0.71373 0.78824
0.65098 0.71765 0.79216
0.6549 0.71765 0.79216
0.65098 0.7098 0.78431
0.65098 0.7098 0.78824
0.64706 0.70588 0.78431
0.64706 0.70588 0.78431
0.64314 0.7098 0.78039
0.64706 0.71373 0.78431
0.64314 0.7098 0.78039
0.63529 0.70196 0.78039
0.62745 0.69804 0.77647
0.62745 0.69804 0.77255
0.62353 0.69412 0.77647
0.61569 0.6902 0.77647
0.61176 0.69412 0.77647
0.61176 0.69804 0.77255
0.61176 0.69412 0.76863
0.61176 0.6902 0.76863
0.61569 0.6902 0.76863
0.61961 0.6902 0.77647
0.61569 0.68627 0.77255
0.61569 0.68627 0.76863
0.61569 0.6902 0.76863
0.61961 0.68627 0.76471
0.61569 0.68235 0.76078
0.61569 0.68235 0.76078
0.61569 0.68235 0.76078
0.61569 0.68235 0.76078
0.61176 0.67843 0.75294
0.61176 0.67843 0.75294
0.60784 0.67451 0.75294
0.60784 0.67451 0.75294
0.60392 0.67059 0.74902
0.60784 0.67451 0.75294
0.63922 0.71373 0.78431
0.64706 0.71765 0.78824
0.65098 0.71373 0.78824
0.6549 0.71373 0.78431
0.6549 0.71373 0.78824
0.64706 0.70588 0.78039
0.65098 0.7098 0.78431
0.64706 0.71373 0.78431
0.64314 0.7098 0.78039
0.63922 0.70588 0.77647
0.63529 0.70196 0.78039
0.63137 0.69804 0.77647
0.62745 0.69804 0.77647
0.62745 0.69412 0.78039
0.62353 0.69412 0.78039
0.61569 0.69412 0.77647
0.61176 0.69804 0.77255
0.61176 0.69804 0.77255
0.61569 0.6902 0.76863
0.61961 0.6902 0.76863
0.61961 0.6902 0.76863
0.61961 0.6902 0.76471
0.61961 0.6902 0.76471
0.61569 0.68235 0.76078
0.61569 0.68627 0.76471
0.61569 0.68627 0.76471
0.61176 0.68627 0.76471
0.61176 0.68235 0.76078
0.61569 0.68235 0.76078
0.61176 0.67843 0.75686
0.61176 0.67843 0.75686
0.60784 0.67451 0.75294
0.60784 0.67451 0.75294
0.60392 0.67059 0.74902
0.60392 0.67059 0.74902
0.64314 0.71765 0.78824
0.65098 0.72157 0.78824
0.65098 0.7098 0.78431
0.65098 0.7098 0.78431
0.65098 0.7098 0.78431
0.65098 0.7098 0.78431
0.64706 0.70588 0.78039
0.64314 0.7098 0.78039
0.63922 0.70588 0.77647
0.63922 0.70588 0.77647
0.63922 0.70588 0.78431
0.63137 0.69804 0.77647
0.62745 0.69804 0.77647
0.62353 0.69804 0.78039
0.61569 0.69412 0.78039
0.60784 0.69412 0.77647
0.61176 0.69804 0.77647
0.61176 0.69412 0.76863
0.61961 0.69412 0.77255
0.61961 0.6902 0.76863
0.62353 0.69412 0.77255
0.61961 0.6902 0.76863
0.61176 0.68235 0.76078
0.61569 0.68627 0.76471
0.61569 0.68627 0.76471
0.61176 0.68235 0.76078
0.61176 0.68235 0.76078
0.61176 0.68235 0.76078
0.61569 0.68235 0.76078
0.61176 0.67843 0.75686
0.60784 0.67451 0.75294
0.60784 0.67843 0.75686
0.60392 0.67451 0.75294
0.6 0.67059 0.74902
0.60392 0.67451 0.75294
0.59608 0.66667 0.7451
0.65098 0.72157 0.79216
0.6549 0.72157 0.79216
0.65098 0.7098 0.78431
0.65098 0.7098 0.78431
0.64706 0.70588 0.78039
0.64706 0.70588 0.78039
0.64706 0.70588 0.78039
0.64314 0.7098 0.78039
0.64706 0.71373 0.78431
0.64314 0.7098 0.78039
0.63922 0.70588 0.78431
0.63529 0.70196 0.78039
0.62353 0.69804 0.77647
0.62353 0.70196 0.78431
0.61176 0.69412 0.77647
0.60392 0.69412 0.77255
0.60392 0.69804 0.77255
0.61176 0.69412 0.76863
0.61176 0.6902 0.76863
0.61961 0.69412 0.77255
0.61961 0.6902 0.76863
0.61569 0.68627 0.76471
0.61569 0.68627 0.76471
0.61569 0.68627 0.76471
0.61569 0.68235 0.76078
0.61569 0.68627 0.76471
0.61569 0.68627 0.76471
0.61961 0.68627 0.76471
0.61569 0.68235 0.76078
0.60784 0.67843 0.75686
0.60392 0.67451 0.75294
0.60784 0.67843 0.75686
0.60784 0.67843 0.75686
0.60784 0.67843 0.75686
0.6 0.67451 0.74902
0.59608 0.66667 0.74118
0.6549 0.71765 0.79216
0.6549 0.71373 0.78824
0.65882 0.71765 0.79216
0.6549 0.71373 0.78824
0.6549 0.71373 0.78824
0.64706 0.70588 0.78039
0.65098 0.7098 0.78431
0.65098 0.7098 0.78431
0.64706 0.7098 0.78039
0.64314 0.7098 0.78039
0.63922 0.70588 0.78431
0.63529 0.70196 0.78431
0.62745 0.70588 0.78039
0.62353 0.69804 0.78039
0.61569 0.6902 0.77647
0.61176 0.69412 0.77647
0.60784 0.69804 0.77647
0.60784 0.69412 0.77647
0.61176 0.69412 0.76863
0.61961 0.69804 0.77255
0.62353 0.6902 0.76863
0.61961 0.6902 0.76863
0.61961 0.6902 0.76863
0.61176 0.6902 0.76863
0.61176 0.68235 0.76078
0.61569 0.68235 0.76078
0.61569 0.68235 0.76078
0.61961 0.68627 0.76471
0.61569 0.68235 0.76078
0.60784 0.67843 0.75686
0.60392 0.67451 0.75294
0.60392 0.67451 0.75294
0.60784 0.67843 0.75686
0.6 0.67059 0.74902
0.60392 0.67451 0.7451
0.6 0.67451 0.7451
0.6549 0.71373 0.79216
0.65098 0.7098 0.78431
0.6549 0.71373 0.78824
0.6549 0.71373 0.78824
0.65098 0.7098 0.78431
0.6549 0.71373 0.78824
0.6549 0.71373 0.78824
0.65098 0.7098 0.78431
0.63922 0.70196 0.77647
0.63529 0.70196 0.77255
0.63922 0.70588 0.78431
0.63529 0.70196 0.78039
0.62353 0.70196 0.77647
0.61961 0.69412 0.77647
0.61569 0.6902 0.77647
0.61176 0.69804 0.78039
0.61176 0.69804 0.78039
0.61176 0.69412 0.77647
0.61961 0.69804 0.77255
0.61569 0.6902 0.76863
0.61569 0.69412 0.76863
0.61569 0.69412 0.76863
0.61569 0.69412 0.77255
0.61176 0.6902 0.76471
0.61176 0.68235 0.76078
0.61961 0.68627 0.76471
0.61569 0.68235 0.76078
0.61961 0.68627 0.76471
0.61176 0.67843 0.75686
0.60784 0.67451 0.75294
0.60392 0.67451 0.75294
0.60784 0.67843 0.75686
0.60784 0.67451 0.75294
0.6 0.67059 0.74902
0.60392 0.67451 0.7451
0.60392 0.67451 0.74118
0.6549 0.71765 0.79216
0.6549 0.71373 0.78824
0.65882 0.71765 0.79216
0.6549 0.71373 0.78824
0.6549 0.71373 0.78824
0.65882 0.71373 0.78824
0.6549 0.71373 0.78824
0.65098 0.70588 0.78431
0.64706 0.7098 0.78039
0.63922 0.70588 0.77647
0.63922 0.70588 0.78431
0.63529 0.70196 0.78039
0.62353 0.70196 0.77647
0.61961 0.69412 0.77647
0.61569 0.69412 0.77647
0.61569 0.69804 0.78039
0.61569 0.69804 0.78039
0.61569 0.69412 0.77647
0.61961 0.6902 0.76863
0.61569 0.6902 0.76863
0.61176 0.69412 0.76863
0.61176 0.69412 0.76863
0.61176 0.69412 0.76863
0.61176 0.6902 0.76471
0.61569 0.68627 0.76471
0.62353 0.6902 0.76863
0.61961 0.68627 0.76471
0.61961 0.68627 0.76471
0.61569 0.68235 0.76078
0.61569 0.68235 0.76078
0.61569 0.68235 0.76078
0.61176 0.67843 0.75686
0.60784 0.67451 0.75294
0.65098 0.71373 0.78824
0.65882 0.71765 0.79216
0.66667 0.71765 0.79216
0.66275 0.7098 0.78824
0.66275 0.71373 0.78824
0.66275 0.71373 0.78824
0.66275 0.71373 0.78824
0.65882 0.7098 0.78431
0.65098 0.70588 0.78039
0.64706 0.70588 0.78039
0.64314 0.7098 0.78039
0.63922 0.7098 0.78431
0.62353 0.70196 0.78039
0.61569 0.69804 0.77647
0.61569 0.69804 0.78039
0.61569 0.69804 0.78039
0.61176 0.69412 0.77647
0.61176 0.69412 0.77647
0.62353 0.69412 0.77255
0.61961 0.6902 0.76863
0.61569 0.6902 0.76471
0.61961 0.6902 0.76863
0.61961 0.6902 0.76863
0.61961 0.69412 0.76078
0.61961 0.69412 0.76078
0.61961 0.69412 0.76078
0.61569 0.68235 0.76863
0.61961 0.68235 0.77255
0.61569 0.67843 0.76863
0.61569 0.68235 0.76471
0.61569 0.68235 0.76078
0.61176 0.67843 0.75686
0.64706 0.71373 0.78824
0.6549 0.71373 0.78824
0.66275 0.71765 0.79216
0.66275 0.71373 0.78824
0.65882 0.7098 0.78431
0.66275 0.71373 0.78824
0.65882 0.7098 0.78431
0.6549 0.70588 0.78039
0.6549 0.7098 0.78431
0.64706 0.70588 0.78039
0.64706 0.7098 0.78039
0.63529 0.70588 0.77647
0.62745 0.70196 0.78039
0.61569 0.69804 0.78039
0.61569 0.69804 0.78039
0.61176 0.69412 0.77647
0.61176 0.69412 0.77647
0.61176 0.69412 0.77647
0.62353 0.69412 0.77255
0.61961 0.6902 0.76863
0.62353 0.69412 0.77255
0.61961 0.6902 0.76863
0.61961 0.6902 0.76863
0.61961 0.69412 0.76471
0.61961 0.6902 0.76078
0.61961 0.6902 0.76471
0.61961 0.68235 0.77255
0.61569 0.67843 0.76863
0.61176 0.67451 0.76863
0.61569 0.68235 0.76078
0.61569 0.68235 0.75686
0.64706 0.71765 0.78824
0.65098 0.71373 0.78824
0.65882 0.71373 0.78824
0.65882 0.7098 0.78431
0.66275 0.71373 0.78824
0.6549 0.70588 0.78039
0.6549 0.70588 0.78039
0.6549 0.7098 0.78431
0.64706 0.7098 0.78039
0.64706 0.71373 0.78431
0.63137 0.70196 0.77647
0.62353 0.70196 0.77647
0.61569 0.69804 0.77647
0.61569 0.69804 0.78039
0.61569 0.69804 0.78039
0.61569 0.69804 0.78039
0.61569 0.69804 0.78039
0.62745 0.69804 0.77647
0.62353 0.69412 0.77255
0.61961 0.6902 0.76863
0.61961 0.6902 0.76863
0.61961 0.6902 0.77255
0.61961 0.6902 0.76863
0.61569 0.68627 0.76471
0.61961 0.6902 0.76863
0.61961 0.68235 0.77255
0.61569 0.67843 0.76863
0.61569 0.67843 0.76863
0.61569 0.68235 0.76471
0.61176 0.68235 0.75686
0.64706 0.71373 0.78824
0.6549 0.71373 0.78824
0.65882 0.71373 0.78824
0.65882 0.71373 0.78824
0.6549 0.71373 0.78431
0.65098 0.7098 0.78039
0.64706 0.70588 0.78039
0.64706 0.7098 0.78431
0.63529 0.70588 0.78039
0.62745 0.69804 0.78431
0.61569 0.69412 0.78039
0.61176 0.69412 0.77647
0.61176 0.69412 0.77647
0.61569 0.69804 0.77647
0.61961 0.70196 0.77647
0.62745 0.69804 0.77647
0.62353 0.69412 0.77255
0.61961 0.6902 0.76863
0.62353 0.69412 0.77255
0.62353 0.69412 0.77255
0.62353 0.69412 0.77255
0.61569 0.68627 0.76471
0.61569 0.68627 0.76471
0.61569 0.68627 0.76471
0.61569 0.68235 0.76471
0.61569 0.68235 0.76471
0.61569 0.68235 0.76078
0.65098 0.7098 0.78431
0.64314 0.7098 0.78431
0.63137 0.70196 0.78039
0.62745 0.69804 0.78431
0.61961 0.70196 0.78431
0.61961 0.70196 0.78431
0.61569 0.69804 0.78039
0.61176 0.69804 0.77647
0.61961 0.69804 0.77647
0.62353 0.69412 0.77255
0.61961 0.6902 0.76863
0.61961 0.6902 0.76863
0.62353 0.69412 0.77255
0.62353 0.69412 0.77255
0.61961 0.6902 0.76863
0.61569 0.68627 0.76471
0.61569 0.68627 0.76471
0.61176 0.68627 0.76078
0.61176 0.68235 0.76078
0.61176 0.68235 0.76078
0.61569 0.68235 0.76078
0.64314 0.70588 0.78039
0.63137 0.70196 0.78039
0.63137 0.70196 0.78431
0.61961 0.69804 0.78431
0.61569 0.69804 0.78039
0.61176 0.69412 0.77647
0.61569 0.69804 0.78039
0.61569 0.69804 0.78039
0.62353 0.69412 0.78039
0.62353 0.69412 0.77647
0.61961 0.6902 0.76863
0.61961 0.6902 0.76863
0.61569 0.6902 0.76471
0.61569 0.68627 0.76471
0.62353 0.69412 0.77255
0.61961 0.6902 0.76863
0.61569 0.68627 0.76471
0.61176 0.68235 0.76078
0.61569 0.68627 0.76471
0.61569 0.68627 0.76471
0.63922 0.70588 0.78039
0.63922 0.70588 0.78431
0.63137 0.70196 0.78431
0.62353 0.70588 0.78431
0.61569 0.69804 0.78039
0.61569 0.69412 0.78039
0.61569 0.69412 0.78431
0.61569 0.69804 0.78431
0.61961 0.69804 0.78824
0.61569 0.69412 0.78039
0.61569 0.6902 0.77255
0.61961 0.68627 0.77255
0.61961 0.68627 0.77255
0.61569 0.68627 0.76471
0.61961 0.6902 0.76863
0.61961 0.6902 0.76863
0.61176 0.68627 0.76471
0.61176 0.68235 0.76078
0.61569 0.68627 0.76078
0.61961 0.68627 0.76078
0.61569 0.68235 0.75686
0.63922 0.70588 0.78431
0.63137 0.70196 0.78039
0.62353 0.70196 0.77647
0.61569 0.69804 0.78039
0.61176 0.6902 0.78039
0.61176 0.6902 0.78039
0.61961 0.69804 0.78431
0.61569 0.69804 0.78431
0.61176 0.6902 0.77647
0.61569 0.69412 0.77647
0.62353 0.6902 0.77647
0.62745 0.6902 0.78039
0.62353 0.69412 0.77255
0.61961 0.68627 0.76471
0.61961 0.6902 0.76863
0.61176 0.6902 0.76471
0.61569 0.68627 0.76078
0.61961 0.68627 0.75686
0.61961 0.68627 0.75686
0.61569 0.68235 0.75294
0.62353 0.70196 0.78039
0.61961 0.70196 0.78431
0.61961 0.69804 0.78824
0.61569 0.69804 0.78431
0.61569 0.69804 0.78039
0.61569 0.69804 0.78039
0.61176 0.69412 0.77647
0.61569 0.69412 0.78039
0.62353 0.6902 0.78039
0.62745 0.6902 0.78039
0.62353 0.6902 0.76863
0.62353 0.6902 0.76863
0.61569 0.68235 0.76078
0.60784 0.68627 0.76078
0.61569 0.6902 0.76471
0.61961 0.68627 0.75686
0.61569 0.68235 0.75294
0.61569 0.68235 0.75294
0.61176 0.67843 0.75686
0.62745 0.69804 0.77647
0.61569 0.69804 0.77255
0.61569 0.69804 0.77647
0.61961 0.70196 0.78431
0.61961 0.70196 0.78039
0.61961 0.70196 0.77647
0.61569 0.69804 0.77255
0.61176 0.69804 0.77255
0.61569 0.6902 0.77255
0.62353 0.6902 0.77647
0.62745 0.69412 0.78039
0.62353 0.6902 0.76863
0.62745 0.69412 0.77255
0.62353 0.6902 0.76863
0.60784 0.68627 0.76078
0.61961 0.6902 0.76471
0.62353 0.68627 0.76078
0.61961 0.68235 0.75294
0.61569 0.68235 0.75294
0.61176 0.67843 0.75686
0.61176 0.67451 0.75294
0.61961 0.68627 0.76078
0.48627 0.55294 0.63529
