0.59608 0.70588 0.76078
0.6902 0.75294 0.78039
0.7451 0.69412 0.63137
0.77255 0.78824 0.78431
0.83922 0.81176 0.76471
0.70588 0.64706 0.58039
0.60392 0.56471 0.50588
0.81569 0.79608 0.77255
0.83137 0.80784 0.75686
0.83529 0.81176 0.76471
0.83922 0.81569 0.76471
0.84706 0.81176 0.76863
0.81176 0.76471 0.70196
0.66667 0.61569 0.54118
0.6 0.55294 0.51373
0.62353 0.58824 0.54902
0.64314 0.73333 0.77255
0.83137 0.80392 0.76471
0.83137 0.80784 0.75686
0.83137 0.80784 0.76078
0.83137 0.81176 0.76078
0.84314 0.80784 0.75686
0.78039 0.72941 0.65882
0.63922 0.59216 0.51765
0.59608 0.54902 0.51373
0.58039 0.53725 0.49804
0.69804 0.66667 0.62353
0.71373 0.76471 0.77647
0.83137 0.8 0.75294
0.82745 0.8 0.76078
0.82745 0.80784 0.76078
0.83137 0.80784 0.75686
0.84706 0.8 0.75294
0.74118 0.67843 0.60784
0.62353 0.57255 0.5098
0.59216 0.55686 0.51373
0.59608 0.55686 0.51373
0.76078 0.72941 0.68627
0.76863 0.78824 0.76863
0.83529 0.8 0.74902
0.83137 0.80784 0.76863
0.82745 0.81176 0.76471
0.83922 0.81176 0.76078
0.83137 0.78431 0.72549
0.6902 0.63137 0.56078
0.61176 0.56471 0.51373
0.58431 0.54902 0.50588
0.64314 0.60784 0.56471
0.80392 0.76863 0.72549
0.83137 0.8 0.75294
0.57255 0.7098 0.78039
0.81176 0.8 0.76078
0.83137 0.8 0.75294
0.83137 0.80784 0.76471
0.83529 0.80784 0.76471
0.83529 0.80784 0.75294
0.79216 0.7451 0.67059
0.6549 0.60392 0.53725
0.59216 0.55686 0.5098
0.57255 0.52941 0.49412
0.70196 0.66667 0.62745
0.81569 0.78824 0.74118
0.83529 0.80392 0.75294
0.68235 0.75686 0.78824
0.82353 0.79608 0.75686
0.82353 0.80392 0.76471
0.83137 0.80392 0.76078
0.83529 0.80392 0.76078
0.83529 0.8 0.74902
0.74902 0.69412 0.62745
0.63529 0.58039 0.52549
0.59608 0.55686 0.51765
0.58824 0.5451 0.5098
0.76078 0.72549 0.68627
0.81961 0.79216 0.7451
0.83529 0.80392 0.75294
0.84706 0.81569 0.76471
0.85098 0.81961 0.76863
0.75686 0.78431 0.77647
0.83529 0.8 0.75686
0.81961 0.80392 0.76863
0.83137 0.8 0.75686
0.83529 0.8 0.75686
0.82745 0.78824 0.73333
0.70196 0.64314 0.57647
0.60784 0.55686 0.5098
0.58431 0.5451 0.5098
0.61961 0.58039 0.54118
0.79608 0.76471 0.72157
0.82745 0.79608 0.75294
0.83922 0.80784 0.75294
0.84706 0.81569 0.76471
0.8549 0.82353 0.76863
0.85098 0.82353 0.76863
0.8 0.79608 0.77255
0.82745 0.8 0.75294
0.81961 0.8 0.75294
0.82353 0.79216 0.74902
0.82745 0.79608 0.75294
0.80392 0.75686 0.69412
0.65882 0.6 0.52941
0.6 0.55686 0.50196
0.57647 0.54118 0.50196
0.67059 0.63922 0.59216
0.81569 0.78824 0.74118
0.83137 0.8 0.75294
0.84706 0.81176 0.75686
0.8549 0.82353 0.76471
0.85882 0.83137 0.76863
0.86275 0.83529 0.77255
0.85098 0.82353 0.76078
0.60784 0.72549 0.79608
0.81569 0.78824 0.75294
0.82353 0.78824 0.7451
0.82353 0.79216 0.74902
0.81961 0.78824 0.74118
0.83137 0.79216 0.7451
0.76471 0.70588 0.63529
0.63922 0.58431 0.51765
0.59608 0.55686 0.5098
0.58039 0.54118 0.50588
0.71765 0.68235 0.64706
0.81961 0.79608 0.74902
0.83529 0.80392 0.75294
0.85098 0.81569 0.76078
0.85882 0.82745 0.76863
0.86275 0.83529 0.76863
0.86275 0.83529 0.77255
0.8549 0.82745 0.76471
0.85098 0.81961 0.76078
0.67451 0.61176 0.51373
0.71373 0.77255 0.78039
0.82745 0.79216 0.74118
0.83137 0.78824 0.74902
0.82745 0.78824 0.74902
0.81961 0.79608 0.7451
0.83529 0.78824 0.72941
0.72157 0.6549 0.57255
0.61961 0.56863 0.50588
0.59216 0.55294 0.51373
0.58824 0.54902 0.52157
0.76471 0.73333 0.69804
0.82353 0.79608 0.75294
0.83529 0.80392 0.75294
0.8549 0.81961 0.76471
0.86275 0.83137 0.76863
0.86275 0.83529 0.77255
0.86275 0.83529 0.77255
0.8549 0.83137 0.76471
0.8549 0.82353 0.76863
0.86275 0.81961 0.76078
0.79216 0.73725 0.64314
0.72157 0.6549 0.54902
0.65098 0.58824 0.48627
0.78039 0.79216 0.76471
0.82353 0.79216 0.74118
0.82745 0.78824 0.74118
0.82353 0.78824 0.74118
0.81961 0.79216 0.74118
0.80784 0.76078 0.69804
0.68235 0.61961 0.5451
0.61176 0.56078 0.50588
0.57255 0.53725 0.50196
0.61569 0.58431 0.5451
0.79216 0.76863 0.72157
0.83137 0.8 0.75294
0.83922 0.80784 0.75686
0.85098 0.81961 0.76863
0.85882 0.82745 0.76863
0.8549 0.82745 0.76471
0.85882 0.83137 0.76863
0.85882 0.83137 0.76863
0.8549 0.82745 0.76863
0.8549 0.81569 0.73725
0.76863 0.7098 0.60392
0.73725 0.67059 0.56471
0.72941 0.66275 0.56471
0.69804 0.62745 0.53333
0.81176 0.80392 0.75686
0.81961 0.78824 0.73333
0.82353 0.78824 0.73333
0.81961 0.78824 0.73333
0.82745 0.79608 0.74118
0.77255 0.72157 0.65098
0.65882 0.59608 0.52157
0.60392 0.55686 0.50588
0.56863 0.53333 0.49804
0.68627 0.65882 0.61569
0.81569 0.79608 0.7451
0.83922 0.80784 0.75686
0.84706 0.81569 0.76471
0.85098 0.81961 0.76863
0.8549 0.82745 0.76863
0.8549 0.82745 0.76471
0.85882 0.83137 0.76863
0.85882 0.83137 0.76863
0.85882 0.83529 0.76863
0.85882 0.81961 0.73725
0.77647 0.71765 0.61176
0.7451 0.67843 0.56863
0.72941 0.66275 0.56471
0.72157 0.65098 0.55686
0.7098 0.64314 0.54902
0.69412 0.63137 0.5451
0.63529 0.72549 0.76078
0.82353 0.79216 0.74118
0.82353 0.79216 0.73333
0.82353 0.79608 0.73333
0.82353 0.79216 0.72941
0.83137 0.78824 0.72941
0.73725 0.68235 0.61176
0.63922 0.57647 0.50588
0.59608 0.55686 0.5098
0.57647 0.54118 0.50588
0.74118 0.7098 0.67059
0.82353 0.8 0.75294
0.83922 0.81176 0.76078
0.85098 0.81961 0.76863
0.85882 0.82745 0.77647
0.8549 0.82353 0.76471
0.85882 0.83137 0.76863
0.86667 0.83922 0.77647
0.85882 0.83137 0.76863
0.85882 0.83137 0.76863
0.86667 0.83137 0.74902
0.80392 0.74118 0.63922
0.75294 0.68627 0.57647
0.73725 0.67059 0.56863
0.72941 0.6549 0.56078
0.71765 0.64706 0.55294
0.69804 0.63137 0.54902
0.70588 0.75294 0.75294
0.81961 0.79216 0.73725
0.81961 0.78824 0.72941
0.82353 0.79216 0.73333
0.83529 0.79216 0.72941
0.82745 0.77647 0.7098
0.69804 0.63922 0.56078
0.61961 0.56863 0.49412
0.58431 0.55294 0.50196
0.59608 0.56078 0.52549
0.78039 0.7451 0.70588
0.83529 0.80392 0.75686
0.84706 0.81176 0.75686
0.85098 0.81569 0.76078
0.85882 0.82353 0.76863
0.86275 0.83137 0.77255
0.86667 0.83922 0.77255
0.86275 0.83529 0.77255
0.85882 0.83137 0.76863
0.86275 0.82745 0.76471
0.87059 0.83529 0.76471
0.85098 0.80392 0.72549
0.76863 0.70196 0.60392
0.7451 0.67843 0.57255
0.73725 0.66667 0.56863
0.71765 0.65098 0.55686
0.78824 0.79216 0.77255
0.83137 0.79216 0.74118
0.82745 0.78824 0.73333
0.82353 0.78824 0.73333
0.83922 0.79216 0.72941
0.79608 0.74118 0.67451
0.66275 0.6 0.52941
0.61176 0.56471 0.50196
0.57647 0.5451 0.49412
0.64314 0.61176 0.57255
0.81569 0.78431 0.74118
0.83922 0.80784 0.75294
0.85098 0.81569 0.75686
0.85882 0.82353 0.76471
0.86275 0.82745 0.76863
0.86275 0.83137 0.77255
0.86667 0.83529 0.77647
0.86275 0.83529 0.77647
0.86667 0.83137 0.77647
0.86667 0.83137 0.77647
0.86275 0.82745 0.76471
0.82745 0.78824 0.74118
0.81961 0.78431 0.73333
0.81569 0.78431 0.72549
0.83137 0.78824 0.72549
0.75686 0.69804 0.63137
0.6549 0.58824 0.52157
0.60784 0.56078 0.51373
0.57647 0.5451 0.49412
0.71373 0.68235 0.63529
0.82745 0.79608 0.7451
0.83529 0.80392 0.7451
0.84706 0.81569 0.75294
0.8549 0.81961 0.76078
0.85882 0.82353 0.76471
0.86275 0.82745 0.77647
0.85882 0.82745 0.77647
0.86275 0.83137 0.78039
0.86275 0.82745 0.77647
0.86275 0.82353 0.78039
0.72549 0.66275 0.59216
0.62745 0.57255 0.52549
0.59608 0.55294 0.51373
0.60392 0.56471 0.51765
0.78039 0.74902 0.7098
0.83529 0.80392 0.75294
0.83529 0.80784 0.75294
0.84706 0.81176 0.75686
0.8549 0.81961 0.76078
0.8549 0.81961 0.76078
0.8549 0.82745 0.76471
0.8549 0.82353 0.76863
0.85882 0.82745 0.78039
0.85882 0.82353 0.78039
0.60392 0.56078 0.52157
0.58431 0.5451 0.50196
0.6549 0.61176 0.56863
0.81176 0.78039 0.74118
0.83922 0.80784 0.76078
0.83922 0.80784 0.75686
0.85098 0.81569 0.75686
0.8549 0.81961 0.76078
0.8549 0.81961 0.76078
0.85882 0.82745 0.76078
0.85882 0.82745 0.76863
0.8549 0.81961 0.77647
0.84706 0.81961 0.75294
0.85098 0.81569 0.76471
0.85882 0.81961 0.77255
0.85882 0.81961 0.77255
0.85882 0.82353 0.77255
0.8549 0.82353 0.77255
0.8549 0.82353 0.77647
0.85882 0.82353 0.77647
0.85882 0.82353 0.77647
0.8549 0.82353 0.77255
0.8549 0.82353 0.77255
0.85882 0.82745 0.77647
