0.24706 0.34902 0.48235
0.23922 0.34118 0.47843
0.25098 0.3451 0.48235
0.2549 0.35686 0.4902
0.24706 0.34902 0.48627
0.24706 0.34118 0.48235
0.23529 0.33333 0.47451
0.23922 0.34118 0.47843
0.23529 0.33725 0.47451
0.2549 0.35686 0.49412
0.2549 0.35686 0.49412
0.2549 0.34902 0.4902
0.24314 0.34118 0.48235
0.22745 0.32941 0.46667
0.21961 0.32157 0.45882
0.25882 0.36078 0.49804
0.25098 0.35294 0.4902
0.23529 0.33725 0.47451
0.24314 0.34118 0.47451
0.24314 0.3451 0.48235
0.22353 0.33333 0.46667
0.20784 0.31373 0.45098
0.24706 0.35294 0.4902
0.23529 0.33725 0.47451
0.21569 0.32941 0.46275
0.21961 0.33333 0.46667
0.24314 0.34902 0.48627
0.24314 0.3451 0.48235
0.24314 0.3451 0.48627
0.23922 0.34118 0.47843
0.25098 0.35294 0.49412
