0.43922 0.55294 0.72941
0.43922 0.54902 0.72941
0.44314 0.54902 0.73333
0.44706 0.54902 0.72549
0.43922 0.5451 0.72157
0.43922 0.54902 0.72941
0.43529 0.54118 0.72549
0.43922 0.5451 0.72157
0.44314 0.54902 0.72549
0.44314 0.54902 0.72549
0.43922 0.5451 0.71765
0.44314 0.54902 0.72941
0.44706 0.55294 0.73333
0.43922 0.5451 0.72157
0.44314 0.54902 0.72549
0.44314 0.54902 0.72549
0.43922 0.5451 0.72157
0.45098 0.55294 0.73333
0.44314 0.54902 0.72157
0.43922 0.5451 0.72549
0.44314 0.54902 0.72549
0.44706 0.55294 0.73333
0.43922 0.5451 0.72157
0.43922 0.5451 0.72157
0.44314 0.54902 0.72941
0.44314 0.54902 0.72549
0.44314 0.54902 0.72549
0.44314 0.54902 0.72549
0.43922 0.5451 0.72157
0.43922 0.5451 0.72157
0.44706 0.55294 0.73333
