0.88627 0.80392 0.72157
0.88627 0.80784 0.71373
0.85882 0.78431 0.69804
0.88235 0.80784 0.72157
0.8902 0.81176 0.71765
0.87059 0.79216 0.69412
0.85098 0.78039 0.69412
0.87059 0.80392 0.71765
0.88235 0.81176 0.72549
0.88627 0.81176 0.71765
0.86275 0.78431 0.68235
0.86275 0.79216 0.7098
0.87451 0.80392 0.72157
0.87059 0.8 0.71373
0.87059 0.79608 0.70196
0.86667 0.78431 0.69412
0.8549 0.77255 0.68235
0.8549 0.78431 0.69412
0.87451 0.8 0.7098
0.87843 0.80392 0.71373
0.86275 0.79216 0.70196
0.86275 0.78431 0.6902
0.87451 0.79608 0.69804
0.88235 0.80392 0.7098
0.87843 0.80392 0.7098
0.85882 0.78431 0.6902
0.87843 0.8 0.70588
0.88235 0.80392 0.7098
0.86667 0.79216 0.69804
0.85882 0.78824 0.6902
0.86667 0.78824 0.6902
0.86275 0.79216 0.68627
0.86667 0.79216 0.69412
0.87059 0.8 0.69804
0.87843 0.80392 0.70196
