0.29412 0.61176 0.8
0.31373 0.62353 0.80392
0.30588 0.62745 0.80784
0.30588 0.61961 0.81176
0.26275 0.59608 0.79608
0.3098 0.62745 0.80392
0.30196 0.61961 0.80392
0.27843 0.61176 0.80784
0.3098 0.62353 0.80784
0.30588 0.61176 0.8
0.23922 0.59608 0.80784
0.29412 0.61961 0.81176
0.29804 0.61961 0.80784
0.31765 0.61176 0.78824
0.2549 0.60784 0.81569
0.3098 0.63137 0.81961
0.30196 0.61961 0.80392
0.34902 0.62353 0.78039
0.28235 0.62745 0.81961
0.31373 0.63137 0.80392
0.30196 0.61569 0.80392
0.42745 0.64706 0.77647
0.5451 0.69804 0.77647
0.63529 0.72549 0.76078
0.70588 0.75294 0.75294
0.78824 0.79216 0.77255
