0.36471 0.3098 0.20392
0.37255 0.31373 0.21176
0.36863 0.31373 0.20784
0.38039 0.32941 0.21961
0.37255 0.30588 0.20784
0.37647 0.31373 0.21176
0.36863 0.31765 0.21176
0.38431 0.32941 0.22745
0.35686 0.29804 0.2
0.37255 0.30588 0.20392
0.38039 0.31765 0.21569
0.36471 0.31373 0.20784
0.38039 0.32157 0.21569
0.36471 0.30196 0.2
0.37255 0.3098 0.20392
0.36863 0.3098 0.20784
0.36078 0.30588 0.2
0.36863 0.30196 0.2
0.37255 0.30588 0.20784
0.37255 0.3098 0.20392
0.35294 0.29804 0.19216
0.36471 0.29804 0.18824
0.37647 0.31765 0.20784
0.37647 0.32157 0.21961
0.36078 0.30588 0.20392
