0.64706 0.60784 0.57255
0.64706 0.60784 0.57255
0.64314 0.60392 0.56863
0.6549 0.61176 0.57647
0.65098 0.61176 0.57647
0.65098 0.61176 0.57647
0.65098 0.61176 0.57647
0.64706 0.61176 0.57647
0.64314 0.60784 0.57255
0.64314 0.60784 0.57255
0.64314 0.60784 0.57255
0.65098 0.61176 0.57255
0.64706 0.60784 0.57255
0.64706 0.60784 0.57255
0.64706 0.61176 0.57255
0.64706 0.61176 0.57647
0.64314 0.60784 0.57255
0.63922 0.60392 0.56863
0.64314 0.60784 0.57255
0.6549 0.61569 0.58039
0.65098 0.61176 0.57647
0.65098 0.61176 0.57647
0.65098 0.61176 0.57647
0.64314 0.60784 0.57255
0.63922 0.60392 0.56863
0.63922 0.60392 0.56863
0.63922 0.60392 0.56863
0.65098 0.61569 0.57647
0.64314 0.61176 0.57255
0.64314 0.61176 0.57255
0.64314 0.60784 0.57255
0.64706 0.61176 0.57647
0.64314 0.60784 0.57255
0.65882 0.61569 0.57647
0.6549 0.61569 0.58039
0.64706 0.61176 0.57647
0.65098 0.61569 0.58039
0.65098 0.61569 0.58039
0.64706 0.61176 0.57647
0.64706 0.61176 0.57647
0.64314 0.60784 0.57255
0.65882 0.61569 0.58039
0.6549 0.61569 0.58039
0.65098 0.61176 0.57647
0.65098 0.61176 0.57647
0.65098 0.61176 0.57647
0.65098 0.61176 0.57647
0.65098 0.61176 0.57647
