0.81176 0.76863 0.69804
0.8549 0.81569 0.73725
0.8902 0.82745 0.74902
0.9451 0.83529 0.70196
0.92549 0.84706 0.76078
0.94902 0.84314 0.70588
0.92941 0.85882 0.74118
0.93725 0.83922 0.69804
0.92549 0.82353 0.67843
0.76471 0.76078 0.74118
0.93333 0.86275 0.73725
0.93333 0.83922 0.68627
0.92941 0.82745 0.67451
0.91373 0.80392 0.66275
0.73333 0.75686 0.77255
0.76471 0.76078 0.72941
0.73725 0.73725 0.70588
0.78039 0.74902 0.70196
0.93333 0.8549 0.74118
0.92941 0.83529 0.6902
0.92941 0.82353 0.68235
0.92549 0.81176 0.67059
0.81176 0.82353 0.8
0.77255 0.77255 0.73333
0.76471 0.76078 0.71765
0.84314 0.80392 0.73725
0.93725 0.85098 0.72941
0.93725 0.83922 0.70196
0.9451 0.83137 0.6902
0.94118 0.81961 0.67451
0.88235 0.76471 0.61961
0.69804 0.74118 0.76863
0.80784 0.81569 0.78039
0.79216 0.78824 0.74902
0.77647 0.76471 0.72157
0.86667 0.81961 0.7451
0.9451 0.85098 0.72549
0.93725 0.83529 0.69804
0.94118 0.83137 0.68627
0.92941 0.81569 0.66275
0.89804 0.78039 0.63529
0.88235 0.76471 0.62745
0.92941 0.81176 0.68235
0.81569 0.84706 0.83137
0.81961 0.81961 0.77255
0.8 0.79216 0.74902
0.80784 0.79216 0.7451
0.89804 0.84706 0.76863
0.9451 0.84314 0.72157
0.93725 0.83137 0.69804
0.93333 0.83137 0.68627
0.92549 0.81176 0.66275
0.8902 0.77255 0.62745
0.89412 0.77647 0.63922
0.92941 0.81176 0.67843
0.87059 0.88627 0.85098
0.83137 0.82353 0.77255
0.81961 0.80784 0.76078
0.86275 0.84314 0.78431
0.91373 0.85882 0.76078
0.94118 0.84314 0.7098
0.93725 0.83529 0.69804
0.93333 0.83137 0.68627
0.94118 0.83529 0.68235
0.91373 0.8 0.6549
0.87451 0.76078 0.62353
0.92941 0.81176 0.67843
0.90196 0.9098 0.86275
0.84706 0.83529 0.78039
0.87451 0.85882 0.8
0.89804 0.87451 0.80392
0.92549 0.86275 0.75294
0.93333 0.83529 0.70196
0.93725 0.83137 0.6902
0.93725 0.83137 0.68627
0.9451 0.83922 0.6902
0.92941 0.81961 0.67451
0.91373 0.8 0.66275
0.92549 0.81176 0.67843
0.62353 0.67451 0.69804
0.91373 0.91765 0.8549
0.8902 0.87843 0.81569
0.9098 0.88627 0.82353
0.90588 0.87843 0.80392
0.92941 0.86275 0.75294
0.94118 0.83137 0.69804
0.93725 0.82353 0.68627
0.92157 0.81176 0.66667
0.94118 0.83137 0.67843
0.93725 0.82745 0.67843
0.92549 0.81569 0.67451
0.6 0.64706 0.66275
0.93333 0.92941 0.86667
0.92549 0.9098 0.84314
0.92157 0.90196 0.84314
0.91765 0.88235 0.81569
0.93725 0.85882 0.75294
0.93725 0.83922 0.70196
0.92941 0.82745 0.68627
0.93333 0.82353 0.67843
0.91765 0.80784 0.66275
0.91765 0.80784 0.6549
0.92941 0.81176 0.68235
0.52549 0.56863 0.59216
0.95294 0.94118 0.8902
0.93725 0.91765 0.85098
0.92157 0.9098 0.84314
0.92157 0.87843 0.80392
0.9451 0.85882 0.74118
0.93333 0.84314 0.69804
0.91765 0.82745 0.67451
0.93333 0.83137 0.67843
0.91765 0.81176 0.66667
0.89412 0.79608 0.64706
0.88627 0.77647 0.67059
0.5098 0.55294 0.58824
0.96471 0.95294 0.90588
0.93725 0.92157 0.84706
0.92157 0.9098 0.83137
0.91765 0.88235 0.79608
0.94118 0.85882 0.72941
0.93725 0.84314 0.69412
0.92157 0.82353 0.67451
0.92549 0.82745 0.67059
0.92157 0.82353 0.67451
0.8902 0.80784 0.68627
0.91765 0.83922 0.76078
0.54118 0.58431 0.62745
0.94902 0.94118 0.8902
0.94118 0.92549 0.8549
0.92549 0.9098 0.83922
0.92549 0.88235 0.80392
0.93725 0.8549 0.73333
0.93725 0.83137 0.70196
0.92157 0.82353 0.6902
0.91765 0.82353 0.67451
0.92549 0.82353 0.67843
0.93725 0.86667 0.77647
0.91765 0.85882 0.8
0.92941 0.92941 0.87451
0.94902 0.93333 0.85882
0.95294 0.92941 0.86275
0.95294 0.89804 0.81569
0.93725 0.85098 0.72941
0.92941 0.82745 0.69804
0.92549 0.83137 0.69804
0.92549 0.82353 0.68235
0.92157 0.82353 0.6902
0.94902 0.89804 0.82745
0.91765 0.87451 0.81569
0.87059 0.87059 0.84314
0.9451 0.92549 0.86667
0.94902 0.92941 0.8549
0.95686 0.90588 0.81569
0.93725 0.8549 0.72157
0.92941 0.83137 0.70196
0.93333 0.83529 0.6902
0.92549 0.82353 0.68627
0.9098 0.82745 0.72157
0.95294 0.91373 0.85882
0.93333 0.88627 0.83137
0.81176 0.81569 0.81176
0.97647 0.95294 0.90196
0.92941 0.9098 0.83529
0.9451 0.89412 0.80392
0.93333 0.85098 0.7098
0.92549 0.83137 0.69804
0.93333 0.82745 0.67843
0.92549 0.81961 0.68627
0.90588 0.84314 0.76471
0.89804 0.86667 0.82353
0.9451 0.89412 0.84314
0.67451 0.69412 0.69804
1 0.99608 0.92941
0.93333 0.92549 0.8549
0.92941 0.87843 0.78824
0.93333 0.83922 0.69412
0.92941 0.82745 0.6902
0.92157 0.81961 0.68627
0.92549 0.83137 0.71373
0.93333 0.90196 0.84706
0.90588 0.86667 0.81961
0.91373 0.86275 0.80784
0.4549 0.4902 0.52549
0.99216 0.98824 0.92941
0.98039 0.97255 0.90588
0.94118 0.88235 0.78431
0.93725 0.81569 0.68235
0.93333 0.82745 0.68627
0.91765 0.81961 0.68627
0.92941 0.85882 0.78039
0.95294 0.91765 0.87843
0.90588 0.86667 0.81961
0.9098 0.86667 0.80784
0.79216 0.78824 0.77255
1 0.99216 0.93333
0.95294 0.89804 0.78824
0.92157 0.82353 0.68627
0.92941 0.82353 0.70196
0.92157 0.81961 0.69412
0.93333 0.8902 0.83529
0.93333 0.89804 0.8549
0.92157 0.8902 0.83922
0.87059 0.82745 0.76863
0.91765 0.89804 0.85882
0.72941 0.67059 0.58824
0.86667 0.76863 0.65882
0.93333 0.82745 0.6902
0.91373 0.83922 0.74118
0.94118 0.90588 0.86275
0.92157 0.89804 0.83922
0.91373 0.88627 0.82745
0.8 0.76471 0.69804
0.48235 0.45098 0.46275
0.53725 0.48235 0.46275
0.57255 0.49412 0.43529
0.90588 0.80784 0.69412
0.94118 0.87843 0.79216
0.9451 0.91765 0.87843
0.90588 0.8902 0.83137
0.90588 0.87843 0.82353
0.83922 0.80392 0.7451
0.37647 0.33725 0.35294
0.36863 0.32941 0.31373
0.65882 0.60392 0.55294
0.94902 0.91373 0.85882
0.92157 0.9098 0.87059
0.89804 0.88235 0.83137
0.89804 0.87059 0.82353
0.8 0.76471 0.7098
0.35294 0.34118 0.35294
0.31765 0.29804 0.29412
0.3451 0.32157 0.32941
0.33725 0.31765 0.31373
0.61176 0.58431 0.56863
0.94902 0.93725 0.8902
0.90196 0.88627 0.84314
0.89804 0.87451 0.82745
0.88627 0.87059 0.81961
0.88235 0.85098 0.77647
0.39608 0.44706 0.47059
0.55686 0.52941 0.5098
0.53333 0.50196 0.46667
0.55294 0.51765 0.49412
0.5451 0.5098 0.48235
0.51373 0.48235 0.45882
0.39608 0.37647 0.38039
0.32941 0.31373 0.32549
0.33725 0.32941 0.32549
0.93333 0.92157 0.87843
0.89804 0.87059 0.83922
0.88627 0.87451 0.82353
0.91765 0.8902 0.83137
0.59608 0.5451 0.46667
0.61569 0.61569 0.61569
0.56863 0.5098 0.45098
0.56863 0.51373 0.47451
0.57647 0.51765 0.4902
0.55294 0.50196 0.47843
0.48627 0.4549 0.43922
0.36863 0.34902 0.3451
0.45098 0.44314 0.43529
0.49412 0.44706 0.36078
0.55686 0.4902 0.38824
0.58431 0.53333 0.48235
0.58039 0.52549 0.4902
0.58039 0.52549 0.48627
0.5098 0.46275 0.43137
0.4549 0.42353 0.40392
0.51765 0.50588 0.40784
0.35294 0.34118 0.22745
0.52941 0.47059 0.37647
0.59216 0.52941 0.47843
0.6 0.53333 0.49412
0.54118 0.48627 0.4549
0.57647 0.5451 0.52157
0.48235 0.47843 0.39608
0.65098 0.60784 0.51765
0.59608 0.52941 0.48627
0.56471 0.50588 0.47451
0.70588 0.63922 0.56863
0.52941 0.47059 0.43529
0.6902 0.62353 0.53333
0.65098 0.61176 0.57647
0.49412 0.41961 0.36471
0.63922 0.56078 0.48627
0.59216 0.5451 0.50196
0.54118 0.46667 0.41961
0.60784 0.55686 0.51765
