0.41569 0.49412 0.6
0.40784 0.4902 0.60784
0.42745 0.50588 0.61176
0.40784 0.48235 0.6
0.42745 0.50588 0.61176
0.41961 0.49412 0.6
0.4549 0.52549 0.63137
0.41176 0.4902 0.6
0.43137 0.50588 0.60392
0.42745 0.49412 0.59608
0.46275 0.52549 0.62745
0.43529 0.50588 0.61569
0.43137 0.49804 0.60784
0.43922 0.49804 0.60784
0.4549 0.51373 0.62745
0.47843 0.5451 0.6549
0.39216 0.47059 0.58431
0.42353 0.48627 0.59608
0.43922 0.49804 0.61176
0.43137 0.48627 0.59608
0.42745 0.4902 0.6
0.40784 0.47451 0.58431
0.43137 0.49412 0.6
0.43137 0.4902 0.60392
0.43137 0.48627 0.59216
0.44314 0.50196 0.61569
0.43137 0.4902 0.60392
0.43529 0.4902 0.59608
