0.19608 0.31373 0.4549
0.19608 0.31373 0.4549
0.2 0.31765 0.45882
0.19216 0.3098 0.44706
0.20392 0.32157 0.46275
0.20392 0.32157 0.45882
0.20392 0.32157 0.46275
0.2 0.31765 0.4549
0.19216 0.3098 0.44706
0.19216 0.3098 0.44706
0.19216 0.3098 0.45098
0.19608 0.31373 0.4549
0.19216 0.3098 0.45098
0.19608 0.31373 0.45882
0.2 0.31373 0.4549
0.2 0.31765 0.45882
0.19216 0.3098 0.45098
0.2 0.31765 0.45882
0.19608 0.31373 0.4549
0.2 0.31373 0.4549
0.2 0.32157 0.46275
0.20392 0.32157 0.46275
0.19608 0.31373 0.4549
0.19216 0.3098 0.44706
0.20392 0.32157 0.45882
0.19608 0.31373 0.45098
0.2 0.31765 0.45882
0.2 0.31765 0.45882
0.20392 0.32157 0.46275
0.19608 0.31373 0.45098
0.2 0.31765 0.45882
0.2 0.31765 0.46275
