0.17647 0.23529 0.31765
0.17255 0.22745 0.32157
0.17647 0.23137 0.33333
0.17255 0.23529 0.32941
0.17255 0.23922 0.32941
0.17647 0.24314 0.33333
0.18039 0.25098 0.33725
0.16078 0.23137 0.31765
0.16078 0.23137 0.31765
0.17647 0.2549 0.3451
0.16863 0.24706 0.34118
0.16863 0.24706 0.3451
0.16863 0.2549 0.3451
0.17255 0.25882 0.34902
0.16471 0.25098 0.34118
0.17255 0.26275 0.35686
0.17255 0.26275 0.36078
0.17647 0.24706 0.34902
0.17255 0.24706 0.3451
0.16863 0.24314 0.33725
0.16471 0.24314 0.34118
0.16863 0.2549 0.35294
0.16078 0.25098 0.3451
0.16863 0.2549 0.3451
0.16863 0.24706 0.34118
0.16863 0.23922 0.33725
0.16471 0.24706 0.34118
0.16471 0.2549 0.34902
0.16078 0.24706 0.34118
0.16078 0.23922 0.33725
0.15686 0.24314 0.33725
0.15686 0.23922 0.33725
0.15294 0.23529 0.32941
0.16078 0.23922 0.34118
