0.16471 0.24706 0.39216
0.16863 0.2549 0.39608
0.16863 0.2549 0.4
0.16863 0.2549 0.4
0.17255 0.24706 0.39608
0.17255 0.25098 0.39608
0.16863 0.24706 0.39216
0.17647 0.2549 0.4
0.17255 0.25098 0.39608
0.17647 0.2549 0.4
0.17255 0.2549 0.4
0.16471 0.24706 0.38824
0.17647 0.25098 0.40784
0.18039 0.26275 0.41176
0.17647 0.26275 0.40784
0.16863 0.2549 0.4
0.16863 0.2549 0.4
0.16078 0.24706 0.39216
0.18039 0.2549 0.41176
0.16863 0.24706 0.4
0.16471 0.2549 0.39608
0.16863 0.2549 0.4
0.15294 0.23922 0.38431
0.18039 0.2549 0.41176
0.17255 0.25098 0.4
0.17647 0.26275 0.40784
0.17255 0.25882 0.40392
0.17647 0.2549 0.39608
