0.44706 0.56863 0.7451
0.45098 0.57255 0.74902
0.45098 0.56863 0.74118
0.44706 0.56471 0.73725
0.44706 0.56471 0.74118
0.44706 0.56863 0.73725
0.4549 0.56863 0.73333
0.4549 0.57255 0.7451
0.45882 0.57255 0.7451
0.45098 0.56471 0.73725
0.45882 0.56863 0.74118
0.45098 0.57255 0.73725
0.4 0.52157 0.67451
0.30196 0.40392 0.55686
0.41961 0.51373 0.68235
0.4549 0.56863 0.74118
0.45882 0.57255 0.7451
0.45882 0.56863 0.7451
0.46275 0.56863 0.7451
0.4549 0.56471 0.74118
0.45098 0.56863 0.74118
0.45882 0.56863 0.74118
