0.61176 0.57647 0.54118
0.61961 0.58039 0.5451
0.61569 0.57647 0.54118
0.61961 0.58039 0.5451
0.61961 0.58039 0.5451
0.61176 0.57255 0.53725
0.61569 0.57647 0.54118
0.62353 0.58431 0.54902
0.61961 0.58039 0.5451
0.61176 0.57647 0.54118
0.61176 0.57255 0.53725
0.61176 0.57255 0.53725
0.61176 0.57255 0.54118
0.61961 0.58039 0.54118
0.61569 0.57647 0.54902
0.63922 0.59608 0.57647
0.60784 0.57647 0.53725
0.60784 0.57647 0.53725
0.61176 0.57647 0.5451
0.61569 0.58039 0.54118
0.62745 0.59216 0.56471
0.52157 0.4902 0.47451
0.61176 0.58039 0.54118
0.61176 0.57647 0.5451
0.61961 0.58431 0.5451
0.6 0.56471 0.53333
0.23137 0.20392 0.2
0.61176 0.57255 0.54118
0.61176 0.57255 0.53725
0.63529 0.59608 0.55686
0.42353 0.38824 0.36471
0.61176 0.57255 0.54118
0.61569 0.58039 0.54118
0.6 0.56078 0.52157
0.22745 0.2 0.18824
0.47843 0.44314 0.40392
0.35294 0.31765 0.28235
0.27451 0.23137 0.20784
