0.19216 0.29804 0.43529
0.19608 0.30196 0.43922
0.18039 0.29412 0.43529
0.18431 0.29412 0.43922
0.18039 0.29804 0.43529
0.20784 0.30588 0.46275
0.18824 0.31765 0.45882
0.18039 0.29412 0.43529
0.17647 0.29412 0.43529
0.18431 0.30196 0.44314
0.18039 0.29804 0.43529
0.19608 0.31373 0.4549
0.17255 0.29804 0.43529
0.18039 0.29412 0.43529
0.18039 0.29412 0.43529
0.17647 0.29412 0.43529
0.17647 0.29412 0.43529
0.18039 0.29804 0.43137
0.19608 0.31373 0.45882
0.2 0.29804 0.43922
0.18039 0.29804 0.43922
0.18824 0.30588 0.44706
0.18431 0.30196 0.44314
0.18039 0.29804 0.43922
0.18431 0.29804 0.43137
0.19608 0.31765 0.45882
0.2 0.30588 0.44314
0.16471 0.31765 0.46667
0.18431 0.30196 0.44314
0.18039 0.30588 0.44706
0.17647 0.30588 0.44314
0.17647 0.30588 0.44314
0.18039 0.30588 0.44314
0.18039 0.3098 0.44706
0.18039 0.3098 0.44314
0.14902 0.27843 0.41961
0.18824 0.30588 0.44706
0.18039 0.30196 0.44314
0.17255 0.30196 0.43922
0.17647 0.30196 0.43922
0.17647 0.30588 0.44314
0.18039 0.3098 0.44706
0.18039 0.3098 0.44706
0.16471 0.28627 0.42353
0.18824 0.30588 0.44706
0.18431 0.30196 0.44314
0.18431 0.30196 0.44314
0.18039 0.29804 0.43922
0.17647 0.29412 0.43529
0.18824 0.30588 0.44706
0.19216 0.3098 0.45098
0.18431 0.30196 0.44314
0.19216 0.3098 0.44706
