0.65882 0.71765 0.79216
0.6549 0.71373 0.78824
0.6549 0.71373 0.78824
0.65098 0.7098 0.78431
0.65098 0.7098 0.78431
0.6549 0.71373 0.78824
0.6549 0.71373 0.78824
0.65098 0.7098 0.78431
0.6549 0.71373 0.78824
0.6549 0.71373 0.78824
0.65098 0.7098 0.78431
0.65882 0.71765 0.79216
0.6549 0.71373 0.78824
0.6549 0.71373 0.78824
0.65882 0.71373 0.78824
0.6549 0.71373 0.78824
0.65098 0.70588 0.78431
0.66667 0.71765 0.79216
0.66275 0.7098 0.78824
0.66275 0.71373 0.78824
0.66275 0.71373 0.78824
0.66275 0.71373 0.78824
0.65882 0.7098 0.78431
0.65098 0.70588 0.78039
0.64706 0.70588 0.78039
0.66275 0.71373 0.78824
0.65882 0.7098 0.78431
0.66275 0.71373 0.78824
0.65882 0.7098 0.78431
0.6549 0.70588 0.78039
0.6549 0.7098 0.78431
0.65882 0.71373 0.78824
0.65882 0.7098 0.78431
0.66275 0.71373 0.78824
0.6549 0.70588 0.78039
0.6549 0.70588 0.78039
0.6549 0.7098 0.78431
0.65882 0.71373 0.78824
0.6549 0.71373 0.78431
