0.32157 0.39216 0.50196
0.30588 0.37255 0.4902
0.29804 0.36471 0.48627
0.32549 0.39216 0.51373
0.32549 0.39216 0.51373
0.31373 0.37647 0.49804
0.32157 0.38824 0.50588
0.31373 0.38039 0.49804
0.30588 0.36863 0.49804
0.31373 0.37647 0.50196
0.30588 0.37255 0.49412
0.30588 0.37255 0.4902
0.30588 0.37255 0.48627
0.30196 0.36863 0.48235
0.30196 0.37255 0.4902
0.3098 0.37255 0.50196
0.31765 0.38039 0.51373
0.30588 0.37255 0.49412
0.29412 0.36078 0.47843
0.30196 0.36863 0.48627
0.30196 0.36863 0.48627
0.30588 0.37255 0.49804
0.30588 0.36863 0.50196
0.31765 0.38431 0.50588
0.3098 0.37647 0.49412
0.3098 0.37647 0.49412
0.30196 0.36863 0.48627
0.30196 0.37255 0.49804
0.30196 0.36471 0.49412
0.29412 0.35686 0.4902
0.30588 0.36863 0.49412
0.31373 0.38039 0.50196
0.3098 0.37647 0.49804
0.30196 0.37255 0.49412
0.3098 0.37647 0.5098
0.30196 0.36471 0.49804
0.3098 0.37255 0.50588
0.29412 0.35686 0.4902
0.31373 0.37647 0.50588
0.30196 0.36863 0.49804
0.33725 0.41569 0.54118
0.30588 0.37647 0.50588
0.31765 0.38039 0.51373
0.3098 0.37255 0.50588
0.30588 0.36863 0.50196
0.29804 0.36078 0.49412
0.27843 0.34902 0.47843
