0.23137 0.27843 0.37647
0.23137 0.28235 0.37255
0.23137 0.27843 0.37255
0.23137 0.27451 0.37255
0.24706 0.28235 0.38431
0.22353 0.27059 0.36471
0.22745 0.27451 0.36863
0.23137 0.27843 0.37255
0.22353 0.27059 0.37255
0.22745 0.26275 0.36471
0.22353 0.27059 0.36471
0.22745 0.27451 0.36863
0.23137 0.27843 0.37255
0.23529 0.27843 0.38039
0.21961 0.26275 0.36078
0.22745 0.27451 0.36863
0.23137 0.27843 0.37255
0.23137 0.27451 0.37255
0.21961 0.26275 0.36863
0.23137 0.27843 0.36863
0.23529 0.27843 0.37647
0.24314 0.28235 0.38824
0.23922 0.2902 0.37647
0.23922 0.28235 0.38039
0.23137 0.27059 0.37647
