0.2549 0.37255 0.52549
0.26275 0.38824 0.54118
0.25098 0.37255 0.52549
0.27059 0.39216 0.5451
0.26275 0.38824 0.54118
0.25098 0.37647 0.52941
0.26667 0.38824 0.54118
0.27059 0.38824 0.53725
0.25098 0.37255 0.52157
0.26667 0.38431 0.53333
0.27451 0.39216 0.54118
0.26667 0.38431 0.53333
0.26275 0.38039 0.52941
0.27843 0.39608 0.5451
0.26275 0.38039 0.52941
0.25882 0.37255 0.52549
0.27059 0.38039 0.53333
0.2549 0.36863 0.52157
0.27059 0.38039 0.53333
0.28235 0.39216 0.5451
0.27059 0.38039 0.53333
0.27451 0.38824 0.53725
0.28235 0.39216 0.53725
0.24706 0.34118 0.48627
0.2549 0.35294 0.49804
0.26275 0.34902 0.49804
