0.082353 0.33725 0.53333
0.086275 0.33725 0.53725
0.082353 0.32941 0.52549
0.090196 0.33333 0.52157
0.098039 0.33725 0.52157
0.094118 0.33725 0.52157
0.086275 0.3451 0.54118
0.094118 0.3451 0.5451
0.10196 0.34902 0.5451
0.10196 0.3451 0.53333
0.10196 0.3451 0.53333
0.090196 0.33333 0.52549
0.086275 0.32941 0.52157
0.1098 0.35686 0.55686
0.10588 0.35294 0.55294
0.098039 0.3451 0.53725
0.098039 0.34118 0.53333
0.098039 0.34118 0.53333
0.10588 0.35294 0.55294
0.1098 0.35686 0.55686
0.10196 0.34902 0.5451
0.10196 0.34902 0.54118
0.098039 0.3451 0.53333
0.098039 0.35294 0.5451
0.098039 0.35294 0.53725
0.094118 0.3451 0.53333
