0.52941 0.59608 0.70588
0.52549 0.59216 0.70196
0.52941 0.59608 0.70588
0.52549 0.59216 0.70196
0.52549 0.59216 0.70196
0.52549 0.59216 0.70196
0.52549 0.59216 0.70196
0.52549 0.59216 0.70588
0.52941 0.59608 0.70588
0.52941 0.59608 0.70588
0.52941 0.59608 0.70588
0.52157 0.58824 0.69804
0.52549 0.59216 0.70196
0.52549 0.59608 0.70588
0.52941 0.59608 0.70588
0.53333 0.59608 0.7098
0.52941 0.59608 0.70588
0.52157 0.58824 0.69804
0.51765 0.58824 0.69804
0.5098 0.59216 0.69412
0.52941 0.6 0.7098
0.52549 0.59608 0.70588
0.52157 0.59216 0.7098
0.51373 0.59216 0.70196
0.5098 0.58824 0.69412
0.51373 0.58824 0.69804
0.51765 0.59216 0.7098
0.51373 0.59608 0.70588
0.52157 0.59608 0.70588
0.51373 0.59216 0.70196
