0.2549 0.38039 0.52157
0.26667 0.38431 0.52549
0.2549 0.38431 0.52157
0.26667 0.39216 0.52941
0.25882 0.38824 0.52549
0.25098 0.38039 0.51765
0.25882 0.38431 0.52549
0.25882 0.38824 0.52549
0.2549 0.38824 0.52157
0.26667 0.38824 0.52549
0.25882 0.38824 0.52549
0.25098 0.38039 0.51765
0.2549 0.38431 0.52157
0.25882 0.38824 0.52549
0.25098 0.38039 0.51765
0.25882 0.38824 0.52549
0.25098 0.38431 0.52941
0.2549 0.38431 0.52157
0.2549 0.38431 0.52157
0.2549 0.38431 0.52157
0.25882 0.38824 0.52549
0.25882 0.38824 0.52549
0.25882 0.39216 0.52941
