0.5451 0.66275 0.79608
0.54118 0.65882 0.79216
0.54118 0.65882 0.79216
0.54902 0.66667 0.79608
0.5451 0.66275 0.79216
0.5451 0.66275 0.79608
0.54118 0.65882 0.79216
0.5451 0.65882 0.79608
0.54118 0.65882 0.79216
0.54118 0.65882 0.79216
0.54118 0.65882 0.79216
0.54118 0.65882 0.79216
0.53725 0.6549 0.78824
0.54118 0.65882 0.79216
0.53725 0.6549 0.78824
0.5451 0.66275 0.79608
0.54902 0.66667 0.8
0.54118 0.65882 0.79608
0.54902 0.66275 0.79216
0.54118 0.65882 0.79216
0.5451 0.66275 0.79216
0.54902 0.66667 0.79608
0.54902 0.66667 0.79608
0.54902 0.66275 0.79216
0.5451 0.66275 0.79608
