0.22745 0.31373 0.45098
0.21176 0.32157 0.47451
0.21176 0.3098 0.42745
0.20784 0.32549 0.46667
0.20784 0.32549 0.46275
0.20392 0.32157 0.45882
0.17647 0.28235 0.41961
0.32941 0.38824 0.45882
0.21961 0.3451 0.4902
0.21569 0.33333 0.48235
0.20784 0.32549 0.47451
0.20784 0.32549 0.46667
0.20392 0.32549 0.46275
0.18824 0.31373 0.45882
0.2 0.32157 0.47059
0.21569 0.30588 0.41176
0.22353 0.34902 0.49804
0.21569 0.34118 0.4902
0.21176 0.33725 0.48627
0.20784 0.33333 0.48627
0.21569 0.33333 0.48235
0.21961 0.33725 0.48627
0.20784 0.32549 0.47451
0.20392 0.32157 0.46275
0.20784 0.32941 0.46667
0.19216 0.32157 0.45882
0.20392 0.32157 0.46275
0.18824 0.29412 0.41961
0.22745 0.35294 0.50196
0.21961 0.3451 0.49804
0.21176 0.33725 0.4902
0.20392 0.32941 0.48235
0.21176 0.32941 0.47843
0.21961 0.33725 0.48627
0.20784 0.32549 0.47451
0.20392 0.32157 0.46275
0.20392 0.32157 0.46275
0.19608 0.31765 0.45882
0.2 0.31765 0.45882
0.19216 0.30588 0.44314
0.24314 0.41176 0.56471
0.23922 0.36471 0.51373
0.23137 0.35686 0.50588
0.22353 0.34902 0.50196
0.22353 0.34902 0.50196
0.21176 0.33725 0.4902
0.21176 0.32941 0.48235
0.21961 0.33725 0.48627
0.21176 0.32941 0.48235
0.2 0.31765 0.46275
0.19608 0.31373 0.4549
0.20392 0.31765 0.46275
0.20392 0.31765 0.46275
0.20784 0.31765 0.46275
0.16863 0.29412 0.4549
0.24706 0.36863 0.51765
0.23529 0.36078 0.50588
0.22745 0.35294 0.50196
0.21961 0.3451 0.49804
0.21961 0.3451 0.49804
0.21176 0.33725 0.4902
0.21176 0.32941 0.47843
0.21176 0.32941 0.47843
0.21961 0.33725 0.48627
0.20784 0.32549 0.47059
0.2 0.31765 0.45882
0.21176 0.32941 0.47059
0.20392 0.32157 0.46275
0.19608 0.31765 0.4549
0.18431 0.29412 0.43529
0.1451 0.29412 0.44706
0.2549 0.37255 0.52549
0.23529 0.35686 0.5098
0.21961 0.34902 0.49412
0.21961 0.3451 0.49412
0.22353 0.34902 0.49804
0.21961 0.34118 0.4902
0.21176 0.32941 0.48235
0.21176 0.32941 0.47843
0.21569 0.33333 0.47843
0.20784 0.32549 0.47059
0.20392 0.32157 0.46275
0.20392 0.32549 0.46275
0.2 0.32157 0.4549
0.2 0.32157 0.45882
0.18431 0.30588 0.4549
0.18039 0.28627 0.42745
0.1451 0.28627 0.44314
0.25882 0.37255 0.52941
0.24314 0.36078 0.51373
0.22353 0.35294 0.49804
0.22745 0.35294 0.50196
0.22353 0.3451 0.49412
0.21961 0.33725 0.48627
0.20784 0.32549 0.47451
0.20784 0.32549 0.47451
0.21176 0.33333 0.47451
0.21176 0.32941 0.47059
0.2 0.31765 0.45882
0.2 0.32157 0.45882
0.2 0.31765 0.45098
0.20392 0.32549 0.46275
0.18824 0.3098 0.45098
0.17647 0.29412 0.43529
0.18039 0.29412 0.44314
0.18431 0.35686 0.53333
0.2549 0.36863 0.52549
0.25098 0.36471 0.51765
0.24314 0.36078 0.5098
0.23922 0.35686 0.50588
0.21961 0.34118 0.4902
0.21569 0.34118 0.4902
0.20784 0.33333 0.48235
0.20392 0.32941 0.47451
0.2 0.32941 0.46667
0.2 0.32941 0.46667
0.18824 0.31765 0.4549
0.19608 0.32549 0.46275
0.19608 0.32549 0.4549
0.19608 0.32549 0.45882
0.18039 0.30196 0.43529
0.17255 0.2902 0.43529
0.18824 0.29804 0.44314
0.17647 0.30196 0.4549
0.24706 0.36863 0.52549
0.23922 0.35686 0.5098
0.23922 0.35686 0.5098
0.23922 0.35686 0.5098
0.22353 0.34118 0.49412
0.21569 0.34118 0.4902
0.20392 0.32941 0.47843
0.2 0.32941 0.47451
0.2 0.32941 0.47059
0.19608 0.32549 0.46275
0.19216 0.32157 0.45882
0.20392 0.32941 0.46275
0.20784 0.33333 0.46275
0.19608 0.31765 0.45098
0.18039 0.29804 0.43137
0.16471 0.28627 0.42745
0.18431 0.29412 0.43529
0.18039 0.2902 0.43529
0.23529 0.35686 0.5098
0.23922 0.35294 0.5098
0.23529 0.34902 0.5098
0.22353 0.34118 0.49412
0.21961 0.3451 0.49412
0.2 0.32549 0.47451
0.21176 0.33725 0.48235
0.20392 0.33333 0.47059
0.19608 0.32549 0.46275
0.18824 0.31765 0.4549
0.20392 0.32157 0.4549
0.21176 0.32941 0.46275
0.20392 0.32157 0.4549
0.18431 0.30196 0.44314
0.17255 0.2902 0.43137
0.18039 0.29804 0.43922
0.18039 0.2902 0.43922
0.22353 0.41176 0.57647
0.23529 0.35686 0.5098
0.23529 0.34902 0.50588
0.23137 0.3451 0.50196
0.22745 0.3451 0.49804
0.22745 0.3451 0.49412
0.21176 0.32941 0.47843
0.21569 0.33333 0.48235
0.21176 0.32941 0.47843
0.20784 0.32941 0.47451
0.20392 0.32549 0.47059
0.20784 0.32549 0.46667
0.20784 0.32549 0.46275
0.19608 0.31373 0.4549
0.18039 0.29804 0.43922
0.18039 0.29804 0.43922
0.18824 0.30588 0.44706
0.19216 0.30196 0.44706
0.19216 0.34902 0.50196
0.23922 0.35686 0.5098
0.23529 0.34902 0.50196
0.22745 0.34118 0.49804
0.22745 0.3451 0.49804
0.22353 0.34118 0.4902
0.22353 0.34118 0.4902
0.21569 0.33333 0.48235
0.21176 0.32941 0.47843
0.20784 0.32549 0.47451
0.20392 0.32157 0.47059
0.20784 0.32157 0.47059
0.20784 0.32157 0.46667
0.2 0.31373 0.45882
0.18431 0.30196 0.44314
0.18039 0.29412 0.43922
0.18039 0.29412 0.43529
0.19608 0.30196 0.44314
0.18431 0.30588 0.4549
0.23137 0.34902 0.49804
0.22745 0.35294 0.50196
0.22353 0.3451 0.49412
0.21961 0.33725 0.48627
0.21176 0.32941 0.47843
0.21569 0.33333 0.48235
0.21176 0.32941 0.47843
0.20392 0.32157 0.47059
0.20392 0.32157 0.47059
0.20784 0.32157 0.47451
0.20784 0.31765 0.47059
0.19608 0.30588 0.45882
0.18431 0.29412 0.44314
0.18431 0.29412 0.43922
0.18039 0.2902 0.43529
0.19216 0.29412 0.43529
0.16863 0.29804 0.42745
0.24314 0.45882 0.63529
0.23529 0.36078 0.5098
0.21961 0.3451 0.49412
0.21569 0.33333 0.48235
0.21569 0.33333 0.48235
0.21569 0.33333 0.48235
0.21176 0.32941 0.47843
0.2 0.32157 0.46667
0.20392 0.32157 0.47059
0.20392 0.31765 0.47059
0.20784 0.31765 0.47059
0.19608 0.30588 0.46275
0.18431 0.29412 0.44314
0.18039 0.2902 0.43529
0.19216 0.30196 0.44706
0.19216 0.29804 0.43529
0.19608 0.30196 0.43922
0.20784 0.38039 0.52941
0.22745 0.34902 0.49804
0.21569 0.33333 0.48627
0.21961 0.33725 0.48627
0.21961 0.33725 0.48235
0.21176 0.32941 0.47843
0.20784 0.32549 0.47451
0.2 0.31765 0.46667
0.20784 0.31765 0.47059
0.20784 0.31765 0.46667
0.19608 0.30588 0.45882
0.19216 0.30196 0.45098
0.18039 0.29412 0.43529
0.18431 0.29412 0.43922
0.18039 0.29804 0.43529
0.20784 0.30588 0.46275
0.18824 0.31765 0.45882
0.21961 0.33333 0.4902
0.21961 0.33725 0.48627
0.22353 0.34118 0.48235
0.22353 0.34118 0.4902
0.20784 0.32549 0.47451
0.2 0.31765 0.46667
0.20784 0.31765 0.46275
0.20784 0.31765 0.46275
0.18824 0.29804 0.44314
0.18039 0.29412 0.43529
0.17647 0.29412 0.43529
0.18431 0.30196 0.44314
0.18039 0.29804 0.43529
0.19608 0.31373 0.4549
0.22745 0.34118 0.49804
0.22353 0.34118 0.4902
0.22353 0.34118 0.48627
0.21961 0.33725 0.48627
0.20392 0.32157 0.47059
0.19216 0.3098 0.45882
0.20392 0.31765 0.46275
0.21176 0.32157 0.46667
0.18039 0.29412 0.43529
0.18039 0.29412 0.43529
0.17647 0.29412 0.43529
0.17647 0.29412 0.43529
0.21961 0.33725 0.48235
0.21961 0.33725 0.48627
0.20392 0.32157 0.47059
0.2 0.31765 0.46667
0.20392 0.32157 0.46275
0.19608 0.31373 0.4549
0.18039 0.29804 0.43922
0.18824 0.30588 0.44706
0.18431 0.30196 0.44314
0.20784 0.33333 0.48235
0.20392 0.32941 0.47843
0.20392 0.32549 0.47059
0.20392 0.32157 0.46275
0.2 0.31765 0.45882
0.18824 0.30588 0.44706
0.18431 0.30196 0.44314
0.20784 0.32941 0.47451
0.21176 0.32941 0.47059
0.2 0.31765 0.45882
0.2 0.31765 0.45882
