0.058824 0.14902 0.19608
0.05098 0.14902 0.2
0.043137 0.14902 0.20392
0.043137 0.15294 0.20392
0.047059 0.15686 0.21176
0.047059 0.15686 0.21569
0.047059 0.15686 0.21176
0.047059 0.16078 0.21569
0.058824 0.15294 0.18824
0.054902 0.15294 0.21176
0.05098 0.15686 0.21176
0.047059 0.15686 0.20784
0.062745 0.15294 0.2
0.058824 0.15294 0.19608
0.062745 0.15294 0.2
0.05098 0.15294 0.20392
0.054902 0.15686 0.2
0.047059 0.15686 0.21176
0.05098 0.15686 0.20784
0.047059 0.15686 0.20784
0.047059 0.15686 0.20392
