0.55686 0.50588 0.47451
0.54902 0.5098 0.47059
0.56471 0.52157 0.48627
0.5451 0.50196 0.47059
0.53333 0.49412 0.47059
0.56078 0.51765 0.48235
0.55294 0.50588 0.47451
0.52941 0.47843 0.4549
0.51765 0.47451 0.4549
0.51765 0.48235 0.45882
0.53725 0.48627 0.45098
0.53333 0.4902 0.4549
0.53725 0.49804 0.46667
0.53333 0.4902 0.46667
0.53725 0.49412 0.47843
0.53725 0.49412 0.47843
0.53725 0.49804 0.48235
0.55294 0.5098 0.47451
0.55294 0.51765 0.48627
0.5451 0.5098 0.48235
0.5451 0.50588 0.48627
0.54902 0.5098 0.49412
0.55686 0.51765 0.4902
0.53333 0.49804 0.47843
0.51765 0.4902 0.47059
0.50196 0.47843 0.46275
0.44314 0.40392 0.37647
