0.23137 0.31373 0.43529
0.23529 0.31373 0.43922
0.23137 0.3098 0.43922
0.23529 0.31373 0.44706
0.22745 0.30196 0.43137
0.23922 0.3098 0.43529
0.23922 0.31373 0.44314
0.22745 0.31373 0.44706
0.21569 0.30196 0.43922
0.22353 0.29804 0.43137
0.23137 0.3098 0.43922
0.23922 0.31765 0.44706
0.22353 0.30196 0.43529
0.23137 0.3098 0.43922
0.23137 0.31765 0.43922
0.23529 0.31765 0.43529
0.23922 0.31765 0.43529
0.23922 0.31373 0.44314
0.21569 0.29804 0.42353
0.21961 0.30196 0.42745
0.22353 0.30588 0.42745
0.23529 0.31765 0.43922
0.22745 0.30588 0.42745
0.22353 0.30588 0.42745
0.23922 0.31765 0.44314
0.23137 0.3098 0.43922
0.23529 0.31373 0.44314
0.22745 0.30588 0.43529
0.24314 0.31765 0.44706
0.22353 0.30196 0.43137
0.22353 0.3098 0.43529
0.23137 0.31765 0.43922
0.22353 0.30588 0.42745
0.22745 0.30588 0.43137
0.23529 0.31765 0.44314
0.22353 0.30588 0.43137
0.22353 0.30196 0.43137
0.21569 0.30588 0.43137
0.22353 0.3098 0.43529
0.21961 0.30196 0.42353
0.23137 0.31373 0.43529
