0.66275 0.61176 0.57647
0.66667 0.61176 0.57647
0.67059 0.61961 0.58431
0.67059 0.61961 0.58431
0.66667 0.61569 0.58039
0.66275 0.61176 0.57647
0.65882 0.61176 0.58039
0.67451 0.62353 0.58824
0.67451 0.62353 0.58824
0.66667 0.61569 0.58039
0.66667 0.61569 0.58431
0.66667 0.61569 0.58431
0.66275 0.61176 0.58039
0.67059 0.61961 0.58431
0.67059 0.61961 0.58431
0.67059 0.61961 0.58431
0.67059 0.61961 0.58431
0.67059 0.61961 0.58824
0.67059 0.61961 0.58824
0.66275 0.61569 0.58039
0.66275 0.61569 0.58039
0.66667 0.61961 0.58039
0.67059 0.61961 0.58824
0.67059 0.61569 0.58824
0.67059 0.61961 0.58824
0.66667 0.61961 0.58431
0.67059 0.61569 0.58431
0.67059 0.61176 0.58431
0.67451 0.61961 0.58824
0.67843 0.61961 0.59216
