0.34902 0.26667 0.14118
0.36078 0.25882 0.11765
0.36078 0.3098 0.18824
0.36078 0.31373 0.18039
0.36078 0.3098 0.16078
0.37255 0.3098 0.19216
0.36471 0.30588 0.18431
0.36471 0.30588 0.18039
0.36863 0.3098 0.19216
0.37647 0.31765 0.19216
0.37647 0.31373 0.16471
0.36471 0.30588 0.18431
0.36078 0.30196 0.17647
0.36078 0.30196 0.18039
0.36078 0.30588 0.18431
0.37255 0.3098 0.18431
0.37255 0.3098 0.17255
0.36471 0.30196 0.18039
0.36471 0.30196 0.18039
0.36078 0.30588 0.18039
0.36471 0.30196 0.18431
0.36471 0.30588 0.17647
0.37647 0.32157 0.20392
0.38431 0.32157 0.2
0.38039 0.32157 0.19608
0.37255 0.31373 0.19608
0.37255 0.30588 0.18039
0.37255 0.31373 0.19608
