0.082353 0.082353 0.098039
0.066667 0.062745 0.082353
0.058824 0.054902 0.078431
0.070588 0.070588 0.090196
0.070588 0.070588 0.098039
0.070588 0.070588 0.10588
0.066667 0.062745 0.10588
0.066667 0.066667 0.10196
0.066667 0.07451 0.098039
0.070588 0.070588 0.098039
0.10588 0.10196 0.12549
0.086275 0.082353 0.1098
0.078431 0.07451 0.098039
0.090196 0.082353 0.1098
0.090196 0.090196 0.11765
0.086275 0.082353 0.11765
0.086275 0.078431 0.12157
0.086275 0.082353 0.12549
0.086275 0.090196 0.12941
0.090196 0.090196 0.12941
0.11373 0.10588 0.13333
0.10588 0.10196 0.12941
0.090196 0.086275 0.12157
0.078431 0.078431 0.1098
0.094118 0.090196 0.12157
0.086275 0.086275 0.11765
0.082353 0.082353 0.11765
0.098039 0.090196 0.13333
0.090196 0.082353 0.12549
0.094118 0.090196 0.13333
0.090196 0.094118 0.13333
0.13333 0.11765 0.13725
0.12549 0.1098 0.12549
0.11765 0.10196 0.11373
0.10588 0.098039 0.10588
0.1098 0.10588 0.10588
0.11373 0.10196 0.10588
0.10588 0.094118 0.11765
0.098039 0.094118 0.13333
0.094118 0.090196 0.13725
0.11373 0.1098 0.14118
0.12549 0.10588 0.1098
0.098039 0.094118 0.11765
0.10588 0.11373 0.14118
0.12157 0.10588 0.10588
