0.88235 0.8 0.6902
0.8902 0.80784 0.69412
0.89412 0.81176 0.69804
0.88235 0.8 0.68627
0.88235 0.8 0.68627
0.87843 0.79608 0.68627
0.89412 0.81176 0.69804
0.89804 0.81569 0.70196
0.88627 0.80392 0.6902
0.85882 0.77647 0.67059
0.88235 0.8 0.6902
0.8902 0.80392 0.6902
0.88627 0.80392 0.6902
0.89412 0.81176 0.69804
0.87843 0.79608 0.6902
0.88627 0.8 0.69412
0.8902 0.80784 0.70196
0.88627 0.8 0.69412
0.87059 0.79216 0.68627
0.89804 0.81569 0.7098
0.88627 0.8 0.6902
0.87451 0.79608 0.68627
0.8902 0.81176 0.69412
0.88235 0.79216 0.67843
0.89804 0.81569 0.69804
0.89804 0.81176 0.69412
0.8902 0.80784 0.68627
