0.21569 0.50196 0.70588
0.23529 0.51373 0.71765
0.21176 0.48235 0.6902
0.23529 0.51765 0.71373
0.21961 0.51373 0.71373
0.18824 0.4902 0.70196
0.16863 0.47843 0.69412
0.23137 0.52549 0.74902
0.20784 0.49804 0.71765
0.17647 0.4902 0.7098
0.15686 0.47843 0.69412
0.14118 0.46667 0.67843
0.23137 0.52549 0.74118
0.20392 0.50588 0.71765
0.19216 0.5098 0.71765
0.17255 0.49804 0.7098
0.14902 0.47451 0.68627
0.13333 0.45882 0.67059
0.21961 0.48627 0.6902
0.20784 0.52549 0.73725
0.19608 0.51765 0.72941
0.19216 0.51765 0.72549
0.17647 0.50196 0.71373
0.16863 0.49412 0.70588
0.15294 0.47843 0.6902
0.13333 0.45882 0.67451
0.14118 0.45882 0.67843
0.22745 0.54118 0.7451
0.2 0.53725 0.7451
0.18039 0.51765 0.72941
0.19216 0.52549 0.73725
0.18039 0.50588 0.71765
0.17255 0.49804 0.7098
0.15686 0.48235 0.69412
0.1451 0.47451 0.6902
0.13333 0.4549 0.67451
0.24314 0.56471 0.76078
0.21569 0.5451 0.75294
0.19216 0.52941 0.74118
0.18824 0.52157 0.73725
0.17647 0.50588 0.72157
0.15686 0.4902 0.70588
0.1451 0.47843 0.6902
0.14118 0.46667 0.68627
0.12941 0.45098 0.67059
0.12941 0.45098 0.67059
0.20392 0.47451 0.68627
0.23137 0.55686 0.76863
0.21569 0.5451 0.75294
0.19608 0.52941 0.74118
0.18824 0.52549 0.74118
0.16471 0.49804 0.71373
0.16078 0.49412 0.7098
0.1451 0.47843 0.69412
0.13725 0.45882 0.67843
0.13333 0.4549 0.67451
0.12549 0.44706 0.66667
0.12941 0.45098 0.67843
0.13333 0.4549 0.68235
0.23922 0.54902 0.76471
0.23529 0.55294 0.76863
0.21569 0.54118 0.74902
0.19216 0.52549 0.73725
0.18431 0.52157 0.73725
0.16471 0.49804 0.71373
0.15294 0.48627 0.70196
0.15294 0.48627 0.70196
0.14902 0.47451 0.69412
0.14118 0.45882 0.67843
0.12941 0.45098 0.67059
0.13725 0.46275 0.68627
0.13333 0.46275 0.6902
0.22353 0.54118 0.75686
0.22353 0.55294 0.76471
0.21569 0.5451 0.76078
0.20392 0.53725 0.75294
0.19608 0.53333 0.74902
0.17255 0.51373 0.72549
0.16471 0.50196 0.71373
0.15686 0.49804 0.7098
0.14902 0.47843 0.69804
0.13333 0.46275 0.67843
0.12941 0.45882 0.67451
0.12549 0.45882 0.68235
0.11765 0.45098 0.67843
0.11765 0.45098 0.67451
0.12549 0.4549 0.67843
0.21961 0.52549 0.73725
0.21961 0.55294 0.76078
0.21176 0.5451 0.76078
0.19608 0.52941 0.7451
0.18824 0.52549 0.74118
0.17255 0.51373 0.72549
0.16863 0.5098 0.72157
0.16078 0.50196 0.71373
0.14118 0.48235 0.69412
0.12157 0.46275 0.67451
0.12549 0.46667 0.68235
0.12157 0.45882 0.67843
0.11765 0.45098 0.67451
0.12549 0.45882 0.68235
0.12549 0.46275 0.68627
0.21569 0.53333 0.7451
0.20784 0.54902 0.75686
0.20392 0.5451 0.75686
0.2 0.5451 0.75686
0.18431 0.52549 0.73725
0.18431 0.52549 0.73725
0.16863 0.5098 0.72157
0.16471 0.50588 0.71765
0.14902 0.4902 0.7098
0.13333 0.47451 0.69804
0.13725 0.47843 0.70196
0.12941 0.46667 0.6902
0.12549 0.46275 0.68627
0.12549 0.46275 0.68627
0.12157 0.45882 0.68235
0.12941 0.45098 0.67843
0.21569 0.54118 0.75686
0.20784 0.54902 0.76078
0.20392 0.54118 0.75686
0.20392 0.54118 0.75294
0.19216 0.52941 0.74118
0.18431 0.52549 0.73725
0.16863 0.50588 0.72549
0.16863 0.5098 0.72941
0.16078 0.50196 0.72941
0.14902 0.49412 0.71373
0.14902 0.4902 0.71373
0.13725 0.47451 0.70196
0.13725 0.47451 0.70196
0.13725 0.47059 0.70196
0.13333 0.46667 0.69412
0.13725 0.45882 0.68627
0.15294 0.4 0.61569
0.22745 0.54902 0.76471
0.21961 0.55686 0.76863
0.20784 0.54118 0.75686
0.2 0.53333 0.74902
0.19608 0.53333 0.7451
0.18824 0.52941 0.7451
0.17647 0.51373 0.73725
0.17647 0.51373 0.7451
0.16863 0.50588 0.72941
0.16078 0.49804 0.72157
0.16078 0.49804 0.72157
0.1451 0.48627 0.71373
0.13725 0.47451 0.70588
0.13725 0.46667 0.70196
0.14118 0.47059 0.70196
0.14902 0.46667 0.69412
0.13333 0.45098 0.67451
0.16471 0.43137 0.65098
0.20784 0.54902 0.76078
0.21961 0.55294 0.76471
0.21176 0.54118 0.76078
0.20392 0.53725 0.75294
0.2 0.53725 0.74902
0.19216 0.53333 0.74902
0.18824 0.52549 0.74902
0.18431 0.51765 0.75294
0.16863 0.51373 0.73725
0.15686 0.50588 0.72549
0.15294 0.50196 0.72157
0.14902 0.49804 0.72157
0.13725 0.48627 0.71373
0.13333 0.47059 0.70588
0.14902 0.48235 0.7098
0.1451 0.46275 0.6902
0.13333 0.45098 0.67059
0.19216 0.47451 0.69804
0.20392 0.54902 0.76471
0.21961 0.54118 0.76471
0.21569 0.5451 0.76471
0.21176 0.5451 0.76078
0.20392 0.53725 0.76078
0.18824 0.53333 0.74902
0.19216 0.53333 0.75294
0.18039 0.52157 0.74902
0.16078 0.5098 0.73333
0.16078 0.5098 0.72941
0.16078 0.51373 0.73333
0.14902 0.50196 0.72157
0.14902 0.49804 0.72157
0.15294 0.4902 0.71765
0.15686 0.49412 0.71765
0.14902 0.47843 0.69804
0.12941 0.4549 0.67059
0.12157 0.4549 0.67059
0.20784 0.5098 0.74118
0.21176 0.55294 0.78039
0.21961 0.54118 0.77647
0.21176 0.54118 0.76078
0.22353 0.55686 0.77647
0.20392 0.5451 0.77255
0.18824 0.53725 0.75686
0.18039 0.52941 0.74902
0.16863 0.51765 0.73725
0.16471 0.51373 0.73333
0.16471 0.51373 0.73333
0.16863 0.51765 0.73725
0.15686 0.50196 0.72157
0.15686 0.50196 0.72549
0.15294 0.4902 0.71373
0.14902 0.4902 0.70588
0.13725 0.47843 0.6902
0.12549 0.45882 0.67451
0.2 0.53725 0.76471
0.20784 0.55686 0.77255
0.21961 0.55686 0.77255
0.21176 0.55294 0.76471
0.21569 0.56078 0.77255
0.20392 0.55294 0.78039
0.18824 0.5451 0.76471
0.17647 0.52941 0.75294
0.16863 0.52157 0.7451
0.16863 0.51765 0.7451
0.17255 0.52157 0.74902
0.16078 0.5098 0.73725
0.15686 0.50588 0.72549
0.14902 0.49804 0.71765
0.15686 0.49412 0.71765
0.1451 0.48627 0.70196
0.13333 0.47451 0.68627
0.12549 0.46275 0.67451
0.14118 0.4 0.6
0.19608 0.54902 0.77647
0.21569 0.55686 0.77255
0.23137 0.56471 0.78039
0.21961 0.56471 0.77647
0.21569 0.56863 0.78039
0.20392 0.55686 0.78039
0.19216 0.54902 0.77255
0.18039 0.53725 0.76078
0.16863 0.52941 0.75294
0.16471 0.51765 0.74118
0.16471 0.51765 0.7451
0.16078 0.51373 0.74118
0.16078 0.5098 0.72941
0.16078 0.5098 0.72941
0.16471 0.49804 0.72157
0.14902 0.48627 0.70588
0.13333 0.47059 0.68235
0.18824 0.5451 0.76078
0.21961 0.55294 0.77255
0.23137 0.57647 0.78824
0.21961 0.57255 0.77647
0.21176 0.56863 0.78039
0.21176 0.56863 0.78431
0.19608 0.55294 0.76863
0.17647 0.53725 0.76471
0.16471 0.53725 0.76471
0.16471 0.52941 0.75294
0.16863 0.52549 0.74902
0.16863 0.51765 0.7451
0.18039 0.52157 0.7451
0.17647 0.5098 0.73333
0.17647 0.50588 0.72549
0.16863 0.50196 0.71765
0.15686 0.4902 0.70588
0.2 0.55294 0.77255
0.22745 0.57255 0.79216
0.23137 0.57647 0.78824
0.22745 0.58039 0.79216
0.21961 0.57647 0.79216
0.21176 0.56863 0.79216
0.2 0.55686 0.77647
0.19216 0.55294 0.78039
0.16863 0.54118 0.76863
0.17255 0.54118 0.76471
0.17647 0.53333 0.75686
0.16863 0.52157 0.7451
0.17255 0.52157 0.7451
0.17647 0.52157 0.74118
0.17647 0.51373 0.72549
0.16863 0.50588 0.72157
0.16471 0.49804 0.71373
0.20392 0.55686 0.77647
0.21961 0.57647 0.79216
0.23529 0.58039 0.79608
0.23922 0.58824 0.80784
0.22353 0.57647 0.8
0.20784 0.56471 0.78824
0.21176 0.56863 0.78824
0.19608 0.56078 0.78431
0.17255 0.54118 0.76863
0.16863 0.53333 0.75686
0.17255 0.52941 0.74902
0.17647 0.52941 0.75686
0.17255 0.52549 0.7451
0.17255 0.52549 0.74118
0.16471 0.5098 0.72157
0.17255 0.5098 0.72549
0.16863 0.50196 0.71765
0.20392 0.56471 0.78039
0.21569 0.58039 0.78824
0.23922 0.59608 0.81176
0.23529 0.59216 0.80784
0.22353 0.58039 0.8
0.21569 0.57255 0.79216
0.20784 0.56471 0.78431
0.2 0.55686 0.78039
0.18824 0.5451 0.77647
0.17647 0.53725 0.75686
0.16863 0.52549 0.74118
0.18039 0.52941 0.74902
0.18039 0.53333 0.75294
0.18039 0.52941 0.74902
0.16471 0.51373 0.72941
0.16863 0.51765 0.73333
0.16863 0.51373 0.72549
0.086275 0.37647 0.58039
0.2 0.56471 0.79216
0.090196 0.38824 0.60392
0.2 0.55686 0.79608
0.16078 0.40392 0.58824
0.094118 0.38039 0.59608
0.10588 0.41569 0.63137
0.19216 0.42745 0.60784
0.12549 0.40392 0.62353
0.11765 0.43137 0.64706
0.22745 0.45882 0.63529
0.15686 0.43137 0.65098
0.14902 0.4549 0.67843
