0.53725 0.6549 0.78039
0.54118 0.65882 0.78431
0.53333 0.6549 0.78039
0.53725 0.65882 0.78039
0.53725 0.65882 0.78039
0.53725 0.65882 0.78039
0.53725 0.65882 0.78039
0.54118 0.66275 0.78431
0.52941 0.6549 0.78039
0.52549 0.65098 0.78039
0.52941 0.65882 0.78431
0.52941 0.65882 0.78431
0.52941 0.65882 0.78431
0.52941 0.65882 0.78824
0.52941 0.65882 0.78824
0.52941 0.65882 0.78824
0.53725 0.65882 0.78824
0.52941 0.65882 0.78431
0.52941 0.65882 0.78824
0.52549 0.65882 0.78824
0.53333 0.66275 0.79216
0.53725 0.65882 0.78431
0.52941 0.6549 0.78039
0.52941 0.6549 0.78039
