0.50196 0.57255 0.6902
0.49412 0.57255 0.68627
0.50588 0.57255 0.6902
0.50588 0.56471 0.68235
0.49804 0.57255 0.6902
0.50588 0.57255 0.68235
0.5098 0.57255 0.68235
0.50588 0.56078 0.67451
0.50196 0.57255 0.68235
0.5098 0.57255 0.68627
0.49412 0.55294 0.66667
0.50588 0.56471 0.67843
0.5098 0.57647 0.6902
0.50588 0.56078 0.67843
0.47059 0.52549 0.63922
0.50196 0.56078 0.68235
0.43922 0.50196 0.61569
0.49804 0.55686 0.67843
0.43922 0.50196 0.61961
0.49804 0.56078 0.68235
0.42745 0.49412 0.61569
0.47059 0.53333 0.66275
