0.16471 0.24314 0.35294
0.16471 0.24706 0.35294
0.16471 0.24706 0.35686
0.16471 0.24314 0.34902
0.15686 0.23529 0.3451
0.16471 0.24706 0.36078
0.15686 0.23922 0.35294
0.16078 0.24314 0.35686
0.16863 0.25098 0.36471
0.16471 0.24706 0.36078
0.16863 0.25098 0.36471
0.16863 0.25098 0.36471
0.15294 0.23529 0.34118
0.15686 0.23922 0.35294
0.14902 0.22745 0.3451
0.16471 0.24314 0.36078
0.16471 0.24706 0.36078
0.14902 0.23137 0.33725
0.16078 0.24314 0.35294
0.15294 0.23529 0.34118
0.15686 0.23529 0.3451
0.16078 0.24314 0.34902
0.15294 0.23922 0.3451
