0.31765 0.38431 0.49804
0.30196 0.37255 0.48235
0.3098 0.37647 0.48627
0.3098 0.37647 0.49412
0.29804 0.37255 0.48627
0.3098 0.37647 0.48627
0.31765 0.38431 0.4902
0.3098 0.38039 0.49412
0.27843 0.35294 0.46667
0.31373 0.37647 0.49412
0.32157 0.38039 0.49804
0.31765 0.37647 0.48627
0.3098 0.37647 0.48235
0.30196 0.37647 0.48627
0.30196 0.36863 0.48627
0.31373 0.37255 0.48627
0.31765 0.38039 0.4902
0.31373 0.37647 0.48235
0.30196 0.36863 0.48235
0.30588 0.36471 0.47843
0.32157 0.37647 0.4902
0.32157 0.37647 0.4902
0.29804 0.36078 0.47451
0.31373 0.37255 0.49412
0.31765 0.38039 0.49804
0.30588 0.36863 0.49412
0.29804 0.36863 0.48627
