0.6549 0.60392 0.53333
0.65882 0.60784 0.53725
0.66667 0.61569 0.54902
0.66667 0.61569 0.5451
0.67843 0.61961 0.54902
0.67451 0.62353 0.54902
0.67451 0.62353 0.54902
0.67843 0.62745 0.55294
0.68627 0.63529 0.56078
0.69412 0.63529 0.56078
0.68627 0.63137 0.55686
0.6902 0.63137 0.55686
0.68627 0.63137 0.55686
0.68627 0.63529 0.56078
0.69804 0.64314 0.56863
0.6902 0.63137 0.55686
0.69412 0.63529 0.56078
0.6902 0.63529 0.56078
0.68627 0.63529 0.56078
0.69804 0.64314 0.56863
0.69804 0.63137 0.56863
0.69804 0.63529 0.57255
0.69412 0.63529 0.56863
0.69412 0.64314 0.56863
0.7098 0.65098 0.57647
