0.13333 0.43137 0.63922
0.13333 0.42745 0.63137
0.13333 0.43529 0.65098
0.13333 0.43137 0.64706
0.13725 0.43529 0.65098
0.12157 0.43137 0.63922
0.12549 0.43529 0.64706
0.12549 0.43137 0.64706
0.11765 0.42353 0.63922
0.13333 0.44314 0.66275
0.12157 0.43529 0.6549
0.12549 0.43529 0.6549
0.13725 0.43529 0.65882
0.12941 0.43137 0.6549
0.12549 0.43922 0.66275
0.12941 0.44706 0.66275
0.11373 0.43137 0.64706
0.13333 0.45098 0.66667
0.11765 0.43529 0.6549
0.11373 0.43137 0.64706
0.13333 0.45098 0.67059
0.11765 0.43529 0.6549
0.12549 0.44314 0.66275
0.11373 0.43529 0.6549
