0.2 0.2902 0.41176
0.20784 0.29804 0.41569
0.20392 0.28627 0.4
0.21176 0.30196 0.41961
0.19608 0.28627 0.40784
0.20392 0.29412 0.41569
0.21569 0.30196 0.42745
0.21961 0.30588 0.42745
0.2 0.2902 0.4
0.21569 0.29412 0.40784
0.19608 0.2902 0.41176
0.20784 0.30196 0.41961
0.20784 0.30196 0.41961
0.20784 0.30196 0.41961
0.20392 0.29412 0.41176
0.21176 0.30196 0.41961
0.19608 0.2902 0.40392
0.20784 0.2902 0.39608
0.18431 0.27843 0.40392
0.20392 0.29804 0.41961
0.2 0.30196 0.40784
0.20392 0.30588 0.41176
0.19216 0.29412 0.4
0.19216 0.28235 0.39608
0.20392 0.29804 0.41569
0.21569 0.29804 0.38431
0.17255 0.28235 0.39608
0.19216 0.2902 0.41176
0.19216 0.2902 0.40392
0.2 0.30196 0.41176
0.20784 0.29804 0.41569
0.19608 0.28627 0.4
0.20784 0.29412 0.41176
0.20392 0.29412 0.41569
0.2 0.29804 0.40392
0.2 0.29412 0.40392
0.21961 0.29804 0.38431
0.22745 0.30588 0.36863
0.22353 0.30196 0.40392
0.20784 0.2902 0.38824
0.26275 0.33333 0.33725
0.27059 0.33333 0.32549
0.22745 0.3098 0.39608
0.26667 0.33725 0.31373
0.24706 0.30588 0.29412
