0.18824 0.30196 0.43137
0.18824 0.30196 0.42353
0.19608 0.30588 0.45098
0.19216 0.30196 0.44314
0.19216 0.30588 0.43529
0.18824 0.3098 0.44314
0.19216 0.3098 0.4549
0.18431 0.30196 0.44314
0.18824 0.30588 0.44314
0.18824 0.30588 0.44706
0.17647 0.29804 0.43922
0.19216 0.3098 0.45098
0.18431 0.30196 0.44314
0.18431 0.30196 0.44314
0.19216 0.3098 0.45098
0.18824 0.30588 0.44706
0.19216 0.3098 0.45098
0.18431 0.30196 0.44314
0.18824 0.30588 0.44706
0.19216 0.3098 0.45098
0.19608 0.31373 0.4549
0.18431 0.30196 0.44314
0.19608 0.31373 0.45098
0.18824 0.30588 0.44706
0.18824 0.30588 0.44706
0.17647 0.29412 0.43529
0.18431 0.30196 0.44314
0.18039 0.29804 0.43922
