0.23529 0.31373 0.45098
0.24314 0.32157 0.45098
0.24706 0.32549 0.4549
0.24706 0.32157 0.45098
0.23529 0.31373 0.44314
0.22745 0.30588 0.43529
0.22353 0.30196 0.43137
0.21961 0.29804 0.42745
0.21961 0.30588 0.43529
0.23922 0.31765 0.4549
0.23529 0.31373 0.44314
0.23529 0.31373 0.44314
0.23137 0.3098 0.43922
0.23922 0.31765 0.44706
0.23137 0.3098 0.43922
0.23137 0.3098 0.43922
0.23137 0.30588 0.43922
0.22745 0.30588 0.43922
0.23137 0.31765 0.44706
0.22745 0.3098 0.43922
0.23529 0.31373 0.44314
0.23529 0.31373 0.44314
0.22745 0.30588 0.43529
0.23137 0.3098 0.43922
0.23137 0.3098 0.43529
0.23137 0.3098 0.44314
0.22353 0.31373 0.43922
0.23529 0.31765 0.44706
0.23529 0.31373 0.44314
0.23529 0.31373 0.44314
0.23529 0.31373 0.44314
0.23137 0.3098 0.43922
0.21961 0.29804 0.42745
0.22353 0.30196 0.43529
0.23137 0.3098 0.44706
0.22353 0.31373 0.44706
0.22745 0.31765 0.45098
0.23137 0.31373 0.44314
0.23922 0.31765 0.44706
0.23922 0.31765 0.44706
0.23529 0.31373 0.44314
0.22353 0.30196 0.43137
0.21961 0.29804 0.42745
0.22745 0.30588 0.43922
0.22353 0.3098 0.44314
0.22353 0.3098 0.44314
0.23529 0.32157 0.4549
0.23137 0.31373 0.44706
0.22745 0.30588 0.43922
0.22353 0.30196 0.43922
0.21569 0.30588 0.43922
0.22353 0.31373 0.44706
0.22353 0.30588 0.44314
0.22745 0.30588 0.44314
0.23137 0.3098 0.44706
0.23137 0.3098 0.44706
0.22745 0.30588 0.44706
