0.88627 0.82745 0.67843
0.86275 0.82353 0.70588
0.89412 0.83922 0.69804
0.89412 0.83529 0.69412
0.87843 0.8549 0.73725
0.89412 0.84314 0.7098
0.8902 0.83922 0.67843
0.89412 0.83922 0.70196
0.85098 0.80392 0.72549
0.87059 0.82353 0.70196
0.86667 0.84314 0.68627
0.89804 0.83529 0.68235
0.89804 0.84314 0.72549
0.8902 0.83529 0.70196
0.91373 0.82745 0.6902
0.9098 0.83922 0.7098
0.83529 0.81569 0.71373
0.87059 0.81961 0.7098
0.90196 0.83529 0.7098
0.89804 0.83922 0.70588
0.8902 0.84706 0.72549
0.88627 0.83922 0.72549
0.89804 0.83137 0.69412
0.90196 0.83529 0.69412
0.83137 0.80784 0.71373
