0.16471 0.46275 0.66667
0.16863 0.46275 0.67059
0.16078 0.45882 0.66275
0.18824 0.48235 0.68627
0.18039 0.46275 0.67059
0.18039 0.47059 0.67843
0.17647 0.47059 0.67451
0.15294 0.45098 0.64706
0.21961 0.51373 0.71765
0.19608 0.48627 0.69412
0.18039 0.46667 0.67059
0.18431 0.46667 0.67059
0.17647 0.45882 0.66275
0.19608 0.48627 0.6902
0.19608 0.47843 0.67843
0.18431 0.46275 0.66667
0.19608 0.48627 0.68627
0.18824 0.47451 0.67451
0.18431 0.46667 0.67059
0.19216 0.48627 0.68235
0.18824 0.47451 0.67451
