0.54902 0.62745 0.7098
0.5451 0.62353 0.71373
0.53725 0.61961 0.71765
0.46667 0.55294 0.66275
0.54902 0.63137 0.71373
0.5451 0.62745 0.7098
0.5451 0.62745 0.71765
0.53725 0.62353 0.71765
0.48627 0.58039 0.68627
0.54902 0.63137 0.71373
0.54902 0.63137 0.71373
0.54902 0.62745 0.7098
0.5451 0.62745 0.71765
0.53333 0.61961 0.71765
0.49804 0.59216 0.69804
0.55294 0.63529 0.71765
0.5451 0.62745 0.71373
0.5451 0.62745 0.71373
0.5451 0.62353 0.71765
0.53725 0.61961 0.71765
0.50588 0.6 0.70588
0.45098 0.54902 0.66275
0.54902 0.63137 0.72157
0.55294 0.63529 0.71765
0.55294 0.63529 0.71765
0.55294 0.63137 0.72157
0.55294 0.63137 0.72549
0.54118 0.62353 0.71765
0.53333 0.61961 0.72157
0.50588 0.6 0.7098
0.45882 0.55686 0.67059
0.55686 0.63529 0.73333
0.55294 0.63529 0.72549
0.55686 0.63922 0.71765
0.55294 0.63137 0.71765
0.55294 0.63137 0.72549
0.54902 0.62745 0.72157
0.54118 0.61961 0.71373
0.53333 0.61569 0.71765
0.50588 0.6 0.7098
0.4549 0.56078 0.67451
0.55686 0.63529 0.72549
0.56078 0.64314 0.72549
0.55294 0.63529 0.71765
0.54902 0.62745 0.72157
0.54902 0.62745 0.72157
0.5451 0.62353 0.72157
0.53725 0.61961 0.72549
0.50196 0.59608 0.70588
0.45098 0.56078 0.67451
0.55686 0.63922 0.72157
0.55686 0.63922 0.72157
0.55294 0.63137 0.72157
0.54118 0.62745 0.71765
0.54118 0.62745 0.72157
0.53333 0.61961 0.71765
0.50196 0.60392 0.70588
0.44706 0.56471 0.68235
0.55686 0.63922 0.72157
0.55686 0.63922 0.72157
0.5451 0.62353 0.71765
0.5451 0.63137 0.72157
0.5451 0.63137 0.72157
0.53333 0.61961 0.71765
0.50588 0.60784 0.7098
0.55686 0.63922 0.72157
0.55686 0.63922 0.72157
0.55294 0.63137 0.72549
0.54902 0.63529 0.72549
0.5451 0.63137 0.72157
0.53333 0.61961 0.71765
0.50196 0.60784 0.7098
0.4549 0.56863 0.68627
0.55686 0.63529 0.71765
0.55294 0.63529 0.72157
0.5451 0.62745 0.71765
0.54118 0.62353 0.71765
0.54118 0.62745 0.72157
0.50588 0.60784 0.7098
0.56078 0.63529 0.72157
0.55294 0.63529 0.71765
0.54902 0.63137 0.71765
0.5451 0.62353 0.71765
0.54118 0.62745 0.72157
0.5098 0.60784 0.71373
0.56078 0.63529 0.72157
0.55294 0.63922 0.71765
0.55294 0.63529 0.72157
0.54902 0.62745 0.72157
0.53725 0.62353 0.72157
0.5098 0.60784 0.71373
0.55294 0.63529 0.72157
0.55294 0.63137 0.72157
0.53725 0.61961 0.71765
0.5098 0.60392 0.7098
0.55686 0.63922 0.72157
0.54902 0.63137 0.72157
0.53725 0.62745 0.72157
0.5098 0.60392 0.70588
0.54118 0.63137 0.71765
0.53333 0.62745 0.72157
0.51373 0.61176 0.71373
0.5451 0.63529 0.71765
0.53333 0.63137 0.72157
0.5098 0.61176 0.71373
0.46667 0.57647 0.69804
0.5451 0.63137 0.71765
0.53333 0.62353 0.71765
0.51765 0.61176 0.71765
0.47059 0.58431 0.70196
0.54118 0.62745 0.71373
0.53333 0.62745 0.72157
0.51765 0.61569 0.71765
0.46667 0.57647 0.69804
0.51765 0.61176 0.71765
0.46667 0.58039 0.69804
0.51765 0.61176 0.72157
0.51765 0.61176 0.71765
0.46667 0.57255 0.69412
0.47059 0.58039 0.70196
