0.59608 0.70588 0.79608
0.59608 0.70588 0.8
0.59216 0.70196 0.8
0.59216 0.69804 0.80392
0.58824 0.69804 0.79608
0.59608 0.70588 0.8
0.59608 0.70588 0.8
0.59216 0.70196 0.79608
0.59216 0.70196 0.8
0.59608 0.69804 0.79608
0.59216 0.69804 0.79608
0.59216 0.69412 0.79608
0.58431 0.6902 0.79608
0.58824 0.69412 0.8
0.58824 0.69412 0.8
0.59216 0.69804 0.80392
0.58824 0.69412 0.79608
0.59216 0.70196 0.79608
0.59216 0.70196 0.79608
0.59216 0.70196 0.79608
0.59608 0.70588 0.8
0.59608 0.69804 0.79608
0.59608 0.69804 0.79608
0.6 0.70196 0.8
0.58431 0.69804 0.80392
0.58824 0.69412 0.8
0.59216 0.69804 0.80392
0.58824 0.69412 0.8
0.59216 0.69804 0.80392
0.59216 0.69804 0.79608
0.59216 0.70196 0.79608
0.59216 0.70196 0.79608
0.59608 0.70588 0.8
0.59216 0.70196 0.79608
0.59216 0.69804 0.79216
0.59216 0.69412 0.79216
0.59608 0.69804 0.79608
0.59608 0.69804 0.79216
0.58824 0.69412 0.8
0.59608 0.70196 0.80784
0.58824 0.69412 0.8
0.58824 0.69412 0.8
0.58824 0.69412 0.79608
0.59608 0.70196 0.80392
0.59216 0.70196 0.8
0.59608 0.70588 0.8
0.58824 0.69804 0.79216
0.59216 0.69804 0.79608
0.59216 0.69412 0.79216
0.59216 0.69804 0.79608
0.59608 0.70196 0.79216
0.59608 0.70196 0.78824
0.59608 0.70588 0.79608
0.58824 0.69412 0.8
0.59216 0.69804 0.80392
0.59216 0.69804 0.80392
0.59216 0.69804 0.80392
0.58824 0.69412 0.80392
0.59608 0.70196 0.80392
0.59216 0.70196 0.79608
0.59608 0.70588 0.79608
0.59216 0.70196 0.79608
0.59608 0.70588 0.8
0.58824 0.70196 0.79216
0.59216 0.70196 0.79608
0.59216 0.70588 0.79216
0.59216 0.70196 0.78824
0.59608 0.70588 0.8
0.59608 0.70196 0.79216
0.59608 0.69804 0.78824
0.59608 0.70196 0.80392
0.58431 0.69804 0.8
0.58431 0.70196 0.80392
0.58039 0.69804 0.8
0.58039 0.6902 0.79608
0.59608 0.70196 0.80392
0.59216 0.70196 0.79608
0.58824 0.69804 0.79216
0.59216 0.70196 0.79608
0.59608 0.70588 0.8
0.59608 0.70588 0.79608
0.59216 0.70588 0.8
0.59216 0.70196 0.79216
0.59216 0.70196 0.78824
0.59608 0.70196 0.79608
0.59608 0.69804 0.79216
0.60392 0.70196 0.79216
0.59216 0.69804 0.80784
0.58431 0.69412 0.8
0.58431 0.69804 0.8
0.58431 0.69804 0.8
0.58431 0.69412 0.8
0.59216 0.69804 0.80392
0.59216 0.70196 0.79608
0.58824 0.69804 0.79216
0.58824 0.69804 0.79216
0.59216 0.70196 0.79608
0.59216 0.70196 0.79608
0.59608 0.70196 0.8
0.6 0.70588 0.79608
0.6 0.70588 0.79216
0.59608 0.69804 0.79608
0.6 0.69804 0.79216
0.60392 0.69804 0.78824
0.61961 0.70588 0.79216
0.58824 0.69412 0.8
0.59216 0.69412 0.80392
0.59608 0.70196 0.80784
0.59216 0.69804 0.80392
0.58824 0.69412 0.8
0.59216 0.70196 0.79608
0.59216 0.70196 0.79608
0.58824 0.69804 0.79216
0.59216 0.70196 0.79608
0.59216 0.70196 0.79608
0.59608 0.69804 0.8
0.59608 0.69804 0.79216
0.6 0.70196 0.79216
0.59216 0.69804 0.79216
0.59216 0.69412 0.78824
0.60392 0.70196 0.79216
0.61961 0.70588 0.79608
0.59216 0.69412 0.8
0.59216 0.69412 0.8
0.59608 0.69804 0.80392
0.6 0.70196 0.80784
0.59216 0.69412 0.8
0.59608 0.70196 0.8
0.59216 0.69804 0.79216
0.59608 0.69804 0.79608
0.59608 0.70196 0.79608
0.59608 0.70196 0.79608
0.6 0.70196 0.79608
0.6 0.70196 0.79608
0.60392 0.70588 0.80392
0.6 0.70196 0.8
0.6 0.69804 0.79216
0.60392 0.70196 0.79216
0.61961 0.70588 0.79608
0.58824 0.69412 0.8
0.59216 0.69412 0.8
0.59216 0.69412 0.8
0.59608 0.70196 0.80392
0.59608 0.69804 0.80392
0.59608 0.69804 0.79608
0.59216 0.69412 0.79216
0.6 0.70196 0.8
0.6 0.70196 0.8
0.6 0.70196 0.8
0.6 0.70196 0.79216
0.6 0.70196 0.79608
0.59608 0.69804 0.80392
0.59608 0.69804 0.8
0.6 0.69804 0.79216
0.60784 0.70196 0.79216
0.62353 0.70588 0.8
0.58039 0.69804 0.80784
0.58824 0.69804 0.81176
0.59216 0.69804 0.80784
0.59216 0.69804 0.8
0.59608 0.70196 0.8
0.59608 0.69804 0.79608
0.59216 0.69412 0.79216
0.6 0.70196 0.8
0.59608 0.69804 0.79608
0.59608 0.69804 0.79608
0.6 0.70196 0.8
0.6 0.70196 0.8
0.6 0.70196 0.8
0.59608 0.69804 0.79608
0.59608 0.69804 0.79608
0.59608 0.69804 0.79216
0.60784 0.70196 0.79216
0.62353 0.70588 0.79608
0.58039 0.69804 0.80784
0.58039 0.69804 0.80784
0.57647 0.69804 0.80784
0.58824 0.69804 0.81176
0.59216 0.69804 0.80784
0.59608 0.70588 0.80392
0.6 0.70196 0.8
0.6 0.70196 0.8
0.59608 0.69804 0.79608
0.59608 0.69804 0.79608
0.59216 0.69412 0.79216
0.59608 0.69804 0.79608
0.59608 0.69804 0.79608
0.6 0.70196 0.79608
0.60392 0.70588 0.79608
0.59608 0.69804 0.79216
0.6 0.70196 0.8
0.60392 0.70196 0.79608
0.60392 0.70196 0.79216
0.62353 0.7098 0.8
0.57647 0.69412 0.80392
0.57647 0.69412 0.80392
0.57647 0.69412 0.80392
0.58431 0.69412 0.80784
0.59216 0.69804 0.80784
0.59216 0.70196 0.80392
0.59608 0.70196 0.79608
0.59608 0.69804 0.79608
0.6 0.70196 0.8
0.59608 0.69804 0.79608
0.59608 0.69804 0.79608
0.6 0.70196 0.8
0.60392 0.70588 0.80392
0.6 0.70196 0.80392
0.6 0.70196 0.8
0.59608 0.69804 0.8
0.6 0.70196 0.8
0.60392 0.70196 0.79608
0.60392 0.70196 0.79216
0.62353 0.70588 0.79608
0.58039 0.69804 0.80784
0.57647 0.69412 0.80392
0.57647 0.69804 0.8
0.58431 0.70196 0.80784
0.58824 0.70196 0.81176
0.59216 0.69804 0.8
0.58824 0.69804 0.79216
0.59216 0.70588 0.8
0.6 0.70196 0.8
0.6 0.70196 0.8
0.6 0.70196 0.8
0.6 0.70196 0.8
0.6 0.70196 0.79608
0.6 0.70196 0.79608
0.6 0.70196 0.79608
0.6 0.70196 0.79608
0.60392 0.70588 0.79608
0.60392 0.70196 0.79608
0.60784 0.70196 0.79608
0.61569 0.7098 0.79608
0.58039 0.69804 0.80784
0.58039 0.69804 0.80784
0.58431 0.70196 0.80392
0.58431 0.70588 0.81176
0.58431 0.70196 0.80784
0.59608 0.69804 0.80392
0.58824 0.70196 0.79608
0.59608 0.70588 0.8
0.6 0.70196 0.8
0.6 0.70196 0.8
0.6 0.70196 0.8
0.59608 0.69804 0.79608
0.6 0.70196 0.79608
0.6 0.70196 0.79216
0.60392 0.70588 0.79608
0.60784 0.7098 0.8
0.60392 0.70588 0.79608
0.60784 0.70588 0.8
0.60392 0.69804 0.79216
0.60784 0.70588 0.79216
0.61961 0.70588 0.78824
0.58039 0.69804 0.80784
0.58039 0.69804 0.80392
0.58039 0.69804 0.8
0.58431 0.70196 0.80784
0.59216 0.70588 0.81176
0.59608 0.70196 0.80392
0.59216 0.7098 0.8
0.59608 0.7098 0.80392
0.59608 0.70196 0.8
0.6 0.70196 0.8
0.6 0.70196 0.8
0.6 0.70196 0.8
0.6 0.70196 0.8
0.6 0.70196 0.79216
0.6 0.70196 0.79216
0.6 0.70196 0.79216
0.6 0.70196 0.79216
0.60392 0.70588 0.79608
0.60784 0.70196 0.79608
0.60784 0.70588 0.79216
0.62353 0.7098 0.79216
0.58039 0.69804 0.80784
0.58039 0.69804 0.80392
0.57647 0.69412 0.79608
0.58431 0.69804 0.8
0.59216 0.70196 0.80784
0.59608 0.70196 0.80392
0.59216 0.70196 0.8
0.59216 0.70196 0.79608
0.59608 0.70588 0.8
0.59608 0.70196 0.8
0.6 0.70196 0.8
0.59608 0.69804 0.79608
0.6 0.70196 0.8
0.6 0.70196 0.79216
0.60392 0.70588 0.79608
0.6 0.70196 0.79216
0.59608 0.69804 0.79216
0.59608 0.69804 0.79216
0.6 0.70196 0.79216
0.60784 0.7098 0.79608
0.61569 0.7098 0.79216
0.58039 0.69804 0.80784
0.58039 0.69804 0.80784
0.58039 0.69804 0.80392
0.58039 0.69804 0.8
0.58824 0.69804 0.8
0.59216 0.69804 0.80392
0.59608 0.70196 0.80784
0.59608 0.70588 0.80392
0.59216 0.70196 0.8
0.59608 0.70588 0.8
0.59608 0.70196 0.8
0.59608 0.69804 0.79608
0.6 0.70196 0.8
0.60392 0.70588 0.80392
0.60392 0.70588 0.79608
0.6 0.70196 0.79216
0.6 0.70196 0.79216
0.60392 0.70588 0.80392
0.60392 0.70588 0.8
0.60392 0.70588 0.79608
0.60784 0.7098 0.79608
0.61569 0.70588 0.79216
0.58039 0.69804 0.80784
0.58039 0.69804 0.80784
0.58039 0.69804 0.80392
0.58431 0.70196 0.80392
0.59216 0.70196 0.80784
0.6 0.70196 0.80784
0.59608 0.70196 0.80784
0.59216 0.69804 0.80392
0.58824 0.69412 0.8
0.59608 0.70196 0.80784
0.59608 0.69804 0.80392
0.6 0.70196 0.8
0.60392 0.70588 0.80392
0.60392 0.70588 0.80392
0.60392 0.70588 0.79608
0.6 0.70196 0.79216
0.6 0.70196 0.79216
0.6 0.70196 0.79608
0.60784 0.7098 0.80392
0.60784 0.7098 0.8
0.61176 0.71373 0.8
0.61569 0.70588 0.79216
0.58824 0.70196 0.81176
0.58824 0.70196 0.80784
0.59216 0.69804 0.80392
0.59608 0.70196 0.80784
0.6 0.70588 0.81176
0.59608 0.70196 0.80784
0.59216 0.69804 0.80392
0.59216 0.69804 0.80392
0.59608 0.69804 0.80392
0.60392 0.70588 0.80784
0.60392 0.70588 0.80392
0.60392 0.70588 0.8
0.60392 0.70588 0.8
0.60784 0.7098 0.80392
0.6 0.70196 0.79608
0.59216 0.69804 0.79608
0.59608 0.69804 0.79608
0.60392 0.70196 0.8
0.61176 0.7098 0.8
0.61569 0.70588 0.79216
0.58824 0.69412 0.80784
0.59216 0.69804 0.81176
0.58824 0.69412 0.80392
0.59608 0.69804 0.80392
0.6 0.70588 0.81176
0.59608 0.70196 0.80784
0.6 0.70588 0.81176
0.59608 0.70196 0.80784
0.59608 0.69804 0.80784
0.6 0.70196 0.80392
0.60392 0.70588 0.80392
0.60784 0.7098 0.8
0.60392 0.70588 0.80392
0.60392 0.70588 0.80392
0.6 0.70196 0.8
0.59608 0.70588 0.80392
0.6 0.70196 0.8
0.60392 0.69804 0.8
0.60784 0.70196 0.79608
0.61961 0.70588 0.79608
0.59216 0.69804 0.81176
0.59608 0.69804 0.80784
0.59608 0.69804 0.80392
0.6 0.70196 0.80784
0.6 0.70196 0.80784
0.6 0.70588 0.81176
0.59608 0.70196 0.80784
0.59608 0.70196 0.80784
0.59608 0.69804 0.80392
0.60392 0.70588 0.80392
0.60392 0.70588 0.79608
0.6 0.70196 0.8
0.6 0.70196 0.8
0.60392 0.70588 0.80392
0.59608 0.70588 0.8
0.6 0.70196 0.8
0.60784 0.70196 0.80392
0.60784 0.70196 0.79608
0.61961 0.70588 0.79608
0.59216 0.69412 0.80392
0.59608 0.69804 0.80392
0.59608 0.69804 0.80392
0.59608 0.70196 0.80784
0.59608 0.70196 0.80784
0.6 0.70588 0.80784
0.59608 0.70588 0.80392
0.59608 0.69804 0.8
0.6 0.70196 0.8
0.6 0.70196 0.79608
0.6 0.70196 0.8
0.6 0.70196 0.8
0.60392 0.70588 0.8
0.6 0.70588 0.79608
0.6 0.70196 0.8
0.60392 0.70196 0.79608
0.60392 0.69804 0.79216
0.61961 0.7098 0.79608
0.58824 0.69412 0.80392
0.59608 0.70588 0.80784
0.59608 0.70588 0.81176
0.59608 0.70196 0.80784
0.59216 0.69804 0.80392
0.59216 0.70196 0.80392
0.6 0.70588 0.80392
0.6 0.7098 0.80392
0.59608 0.70588 0.8
0.6 0.70196 0.8
0.6 0.70196 0.8
0.6 0.70196 0.80392
0.60392 0.70588 0.8
0.60784 0.7098 0.8
0.60392 0.70588 0.79608
0.60392 0.70588 0.79608
0.6 0.70196 0.79216
0.60392 0.70196 0.79216
0.62353 0.71373 0.8
0.58431 0.70196 0.80784
0.59608 0.70588 0.80784
0.6 0.70588 0.81176
0.59216 0.69804 0.80392
0.59216 0.69804 0.80392
0.6 0.70588 0.81176
0.59608 0.70588 0.8
0.6 0.7098 0.80392
0.6 0.7098 0.80392
0.6 0.70196 0.8
0.6 0.70196 0.8
0.60784 0.7098 0.80784
0.60392 0.70588 0.8
0.60392 0.70588 0.79608
0.60784 0.7098 0.8
0.6 0.70196 0.79216
0.6 0.70196 0.79216
0.60392 0.70588 0.79608
0.61961 0.7098 0.8
0.58431 0.70196 0.80392
0.59216 0.70196 0.80784
0.6 0.70588 0.81176
0.59608 0.70196 0.80784
0.59608 0.70196 0.80784
0.60392 0.7098 0.81176
0.6 0.7098 0.80392
0.60392 0.71373 0.80784
0.59608 0.70588 0.8
0.59608 0.70196 0.8
0.6 0.70196 0.8
0.6 0.70196 0.8
0.6 0.70196 0.79608
0.60392 0.70588 0.79608
0.6 0.70196 0.79608
0.60392 0.70588 0.79608
0.6 0.70196 0.79216
0.60392 0.70588 0.79608
0.61961 0.71373 0.8
0.63137 0.71373 0.79608
0.59216 0.7098 0.80784
0.59216 0.70196 0.80784
0.59216 0.69804 0.80392
0.60392 0.70588 0.81569
0.59608 0.70588 0.80392
0.59608 0.70588 0.8
0.59608 0.7098 0.80392
0.59608 0.70588 0.8
0.6 0.70196 0.8
0.60392 0.70588 0.80392
0.60784 0.70588 0.80784
0.60784 0.70196 0.80392
0.6 0.69804 0.8
0.60392 0.70588 0.80392
0.60784 0.7098 0.80784
0.60784 0.7098 0.80392
0.60392 0.7098 0.79608
0.60784 0.7098 0.79216
0.61961 0.71373 0.8
0.63529 0.71765 0.8
0.58824 0.70588 0.80784
0.59216 0.70196 0.80784
0.59216 0.69804 0.80392
0.6 0.70588 0.81176
0.60392 0.70588 0.80784
0.6 0.70196 0.8
0.60392 0.70588 0.80392
0.6 0.70588 0.80392
0.60392 0.70588 0.80392
0.60784 0.7098 0.80784
0.61176 0.7098 0.81176
0.61176 0.70588 0.80784
0.60392 0.70196 0.80392
0.60392 0.70588 0.80392
0.60392 0.70588 0.80392
0.60392 0.70588 0.8
0.60784 0.71373 0.8
0.61569 0.72157 0.80392
0.62353 0.71765 0.80392
0.63529 0.71765 0.8
0.58824 0.70588 0.80784
0.59608 0.69804 0.80392
0.59608 0.70196 0.80784
0.6 0.70588 0.80784
0.6 0.70196 0.8
0.60392 0.70588 0.80392
0.60392 0.70196 0.8
0.6 0.70196 0.8
0.6 0.70196 0.8
0.60392 0.70588 0.80392
0.60784 0.70196 0.80392
0.61176 0.7098 0.80784
0.60784 0.7098 0.80784
0.6 0.70196 0.8
0.60784 0.7098 0.8
0.60392 0.7098 0.79608
0.61176 0.71373 0.8
0.61961 0.71373 0.8
0.59608 0.70588 0.80784
0.6 0.70588 0.80784
0.60392 0.70588 0.80392
0.60392 0.70588 0.80392
0.6 0.70196 0.8
0.60392 0.70588 0.80392
0.60784 0.7098 0.80784
0.60784 0.7098 0.80784
0.60784 0.7098 0.80784
0.60784 0.7098 0.80392
0.60784 0.7098 0.80784
0.60784 0.7098 0.8
0.60392 0.7098 0.79608
0.61176 0.7098 0.79608
0.60392 0.70588 0.80784
0.60784 0.7098 0.80784
0.60784 0.7098 0.80784
0.60392 0.70588 0.80392
0.60392 0.70588 0.80392
0.60392 0.70588 0.8
0.6 0.70196 0.80392
