0.49412 0.62745 0.77647
0.49412 0.62745 0.77647
0.49412 0.62745 0.77647
0.49804 0.63137 0.78039
0.49412 0.62745 0.77647
0.49804 0.62745 0.78039
0.49412 0.62745 0.77647
0.49412 0.62745 0.77647
0.49412 0.62745 0.77647
0.49804 0.63137 0.78039
0.49804 0.63137 0.78039
0.4902 0.62353 0.77255
0.49804 0.63137 0.78039
0.49412 0.62745 0.77647
0.49412 0.62745 0.77647
0.49412 0.62745 0.77647
0.49412 0.62745 0.77647
0.49412 0.62745 0.77647
0.49804 0.62745 0.77647
0.49804 0.63137 0.78039
0.49804 0.63137 0.78039
