0.22353 0.3098 0.44706
0.22353 0.31373 0.45882
0.22353 0.3098 0.44314
0.25882 0.33333 0.46667
0.27059 0.33333 0.46667
0.25098 0.32549 0.46275
0.21961 0.31373 0.46275
0.21961 0.31373 0.46667
0.22353 0.31765 0.46275
0.23137 0.31765 0.45098
0.26275 0.34118 0.47059
0.27451 0.33725 0.47059
0.26275 0.33725 0.47059
0.21961 0.3098 0.4549
0.21961 0.31373 0.45882
0.21961 0.31765 0.45882
0.21961 0.3098 0.44706
0.23922 0.32549 0.4549
0.23529 0.32157 0.46667
0.21961 0.3098 0.4549
0.21569 0.31373 0.45098
0.20784 0.30588 0.44314
0.23529 0.32941 0.45882
0.25882 0.33725 0.48235
0.23529 0.32157 0.46667
0.22353 0.31373 0.45882
0.21569 0.30588 0.44706
0.23529 0.31765 0.45098
0.26667 0.34118 0.48235
0.24706 0.32549 0.46667
0.22745 0.3098 0.4549
0.22745 0.31373 0.45098
0.27451 0.35294 0.48627
