0.53333 0.58824 0.70588
0.53333 0.58824 0.70196
0.52549 0.58039 0.69804
0.53333 0.58431 0.70196
0.52549 0.57647 0.69412
0.52157 0.57647 0.6902
0.52157 0.57647 0.6902
0.51373 0.57647 0.6902
0.53333 0.57647 0.69412
0.53333 0.57647 0.69412
0.53333 0.57647 0.69412
0.53333 0.57647 0.69412
0.52549 0.57255 0.6902
0.51765 0.57255 0.6902
0.53333 0.57647 0.69412
0.5451 0.58824 0.70588
0.5451 0.58824 0.70588
0.52941 0.57255 0.6902
0.52157 0.57255 0.68627
0.52157 0.57647 0.6902
0.53333 0.57647 0.69412
0.52941 0.57255 0.6902
0.54118 0.58431 0.70196
0.53333 0.57647 0.69412
0.52549 0.57255 0.6902
0.52157 0.57647 0.6902
0.53333 0.57647 0.69412
0.53333 0.57647 0.69412
0.54118 0.58431 0.70196
0.54118 0.58039 0.70196
0.53333 0.57647 0.69412
0.51765 0.57255 0.68627
0.51765 0.57647 0.69412
0.54118 0.58824 0.70588
0.54118 0.58824 0.70588
0.53333 0.58039 0.69412
0.52941 0.58039 0.69804
0.52157 0.57647 0.6902
0.53333 0.58431 0.69804
0.52549 0.58039 0.69412
0.51373 0.57255 0.68627
