0.96078 0.91765 0.83922
0.96078 0.91765 0.83922
0.95686 0.91765 0.83922
0.96078 0.91765 0.83922
0.96078 0.91765 0.83922
0.96078 0.91765 0.83922
0.96471 0.91765 0.83137
0.95686 0.91373 0.83529
0.96078 0.91765 0.83922
0.96078 0.91765 0.83922
0.96078 0.91765 0.83922
0.96471 0.91765 0.83529
0.96078 0.91765 0.83529
0.96078 0.91765 0.83137
0.96078 0.91765 0.83137
0.96078 0.91765 0.83137
0.96078 0.91765 0.83137
0.96471 0.92157 0.83529
0.95686 0.91373 0.83137
0.96078 0.91765 0.83529
0.96078 0.91765 0.83137
0.96078 0.91765 0.83137
0.96471 0.92157 0.83137
0.96471 0.92157 0.83529
0.96471 0.92157 0.83529
0.96471 0.91765 0.83137
0.96471 0.91765 0.83137
0.96471 0.91765 0.83137
0.96471 0.91765 0.83137
