0.30588 0.43529 0.58039
0.29804 0.43529 0.57647
0.30588 0.43922 0.58431
0.29412 0.42353 0.57255
0.3098 0.45098 0.59216
0.29412 0.43529 0.57647
0.30196 0.44314 0.58431
0.28627 0.42745 0.56863
0.31373 0.45098 0.59608
0.30196 0.43529 0.58431
0.30196 0.43529 0.58431
0.2902 0.42353 0.57255
0.28627 0.41961 0.56471
0.30588 0.43922 0.58824
0.29804 0.43137 0.58039
0.29804 0.43137 0.58039
0.2902 0.42353 0.57255
0.30588 0.43922 0.58824
0.2902 0.41961 0.57255
0.28627 0.42353 0.57255
0.30196 0.43529 0.58431
