0.62745 0.7098 0.78039
0.61961 0.70196 0.77647
0.61961 0.70196 0.77647
0.61569 0.70588 0.77647
0.61569 0.70196 0.77647
0.63137 0.7098 0.77647
0.62353 0.70588 0.77647
0.62745 0.7098 0.78431
0.61961 0.70196 0.77647
0.61961 0.70588 0.78039
0.61961 0.70588 0.78039
0.63137 0.7098 0.78039
0.62745 0.7098 0.78039
0.62353 0.70588 0.78039
0.62353 0.70588 0.78039
0.62353 0.7098 0.78039
0.62353 0.70588 0.78039
0.62353 0.70588 0.78431
0.62353 0.70588 0.77647
0.62353 0.70588 0.78039
0.61961 0.70588 0.78039
0.61961 0.70588 0.78039
0.61961 0.70196 0.78039
0.62353 0.70588 0.78431
0.61961 0.70588 0.78039
0.61961 0.70588 0.77647
