0.11765 0.18431 0.2902
0.10588 0.16863 0.26275
0.13333 0.19216 0.30196
0.13725 0.19216 0.29412
0.18431 0.21961 0.27843
0.13333 0.18431 0.29412
0.13725 0.18824 0.29804
0.12157 0.16863 0.24314
0.11765 0.18431 0.29804
0.12549 0.18431 0.29804
0.12941 0.19216 0.29412
0.13333 0.18431 0.2902
0.11373 0.16471 0.26667
0.11373 0.18431 0.30196
0.12549 0.18824 0.30196
0.13725 0.19608 0.30196
0.12157 0.17647 0.28235
0.12549 0.17647 0.29804
0.20392 0.23137 0.2902
0.11373 0.17647 0.30588
0.11373 0.18039 0.30588
0.12157 0.18431 0.30196
0.12549 0.18824 0.29804
0.12157 0.18431 0.28235
0.12941 0.18039 0.29804
0.13725 0.17647 0.2549
0.11373 0.18824 0.30196
0.11765 0.18431 0.3098
0.11765 0.18039 0.3098
0.12549 0.18824 0.31765
0.11765 0.18039 0.29804
0.12549 0.18431 0.29804
0.12549 0.18824 0.28627
0.12157 0.18039 0.2902
0.11373 0.16863 0.26275
0.11765 0.19608 0.30196
0.11373 0.18824 0.30196
0.12157 0.18824 0.3098
0.12157 0.18431 0.31373
0.11373 0.17647 0.30196
0.12157 0.18039 0.30196
0.12157 0.18039 0.29804
0.12941 0.19216 0.29412
0.12549 0.18824 0.29804
0.11765 0.18039 0.2902
0.11765 0.19608 0.30196
0.11765 0.19608 0.30196
0.11373 0.19216 0.29804
0.1098 0.18039 0.29412
0.11373 0.18039 0.29804
0.12549 0.18431 0.30588
0.12157 0.18039 0.30196
0.12157 0.18039 0.29412
0.12157 0.18039 0.29412
0.12157 0.18431 0.29804
0.20784 0.23922 0.29804
0.11765 0.19608 0.30196
0.11765 0.19608 0.30196
0.11765 0.19608 0.30196
0.11765 0.18824 0.30196
0.12157 0.18824 0.30588
0.12157 0.18431 0.30196
0.12549 0.18431 0.30196
0.12157 0.18039 0.29412
0.11765 0.17647 0.2902
0.13725 0.19608 0.31373
0.14118 0.18039 0.26275
0.11373 0.19608 0.30196
0.12157 0.2 0.30588
0.1098 0.18824 0.29412
0.1098 0.18431 0.29412
0.12157 0.18431 0.30588
0.12157 0.18039 0.30196
0.12941 0.18824 0.30588
0.12157 0.18039 0.29412
0.12157 0.18039 0.2902
0.12941 0.18824 0.30196
0.11765 0.16863 0.26275
0.12549 0.2 0.30588
0.12941 0.19608 0.30588
0.11373 0.18039 0.2902
0.10196 0.17255 0.28235
0.11373 0.19216 0.29804
0.12941 0.19608 0.3098
0.12941 0.19216 0.30196
0.11765 0.18039 0.28235
0.12549 0.18431 0.28627
0.12157 0.18431 0.28235
0.11765 0.17255 0.27843
0.30588 0.31373 0.34902
0.12941 0.2 0.3098
0.12941 0.19608 0.30588
0.11765 0.18431 0.29412
0.10196 0.17255 0.28235
0.10588 0.18431 0.2902
0.12157 0.19216 0.30196
0.12549 0.19216 0.30196
0.11765 0.18039 0.28627
0.12549 0.18824 0.2902
0.12549 0.18824 0.28627
0.12157 0.18824 0.29804
0.18431 0.21961 0.27843
0.13333 0.19608 0.30588
0.12157 0.18824 0.29804
0.10588 0.17647 0.28627
0.10588 0.18431 0.2902
0.11373 0.18431 0.29412
0.12549 0.18824 0.30196
0.12549 0.18431 0.30196
0.11765 0.18039 0.28627
0.12549 0.18824 0.28627
0.12941 0.19216 0.30196
0.12941 0.17647 0.2549
0.12157 0.19608 0.30196
0.1098 0.18431 0.2902
0.10588 0.18431 0.28627
0.1098 0.18039 0.2902
0.12549 0.19216 0.30588
0.11765 0.18431 0.29412
0.11373 0.17255 0.28627
0.11373 0.17255 0.28627
0.12941 0.18824 0.29804
0.12549 0.18431 0.29412
0.1098 0.17255 0.26275
0.12549 0.19216 0.29804
0.11765 0.18431 0.29412
0.11373 0.18039 0.2902
0.11373 0.17647 0.28627
0.12549 0.18824 0.2902
0.11765 0.18431 0.28235
0.29804 0.31765 0.34118
0.17255 0.21961 0.26667
