0.45882 0.55686 0.73333
0.4549 0.55294 0.73333
0.45882 0.55294 0.73333
0.46275 0.55686 0.73725
0.46275 0.55686 0.73333
0.46667 0.56078 0.74118
0.46667 0.55686 0.73725
0.46275 0.55686 0.73725
0.46275 0.55294 0.73725
0.45882 0.55294 0.73333
0.4549 0.54902 0.72941
0.4549 0.54902 0.72941
0.46275 0.55686 0.73725
0.46667 0.56078 0.74118
0.45882 0.55294 0.73333
0.46667 0.55686 0.74118
0.45882 0.55294 0.73333
0.45882 0.55294 0.73333
0.45882 0.55294 0.73333
0.46275 0.55686 0.73725
0.46275 0.55686 0.73725
0.45882 0.55294 0.73333
0.45882 0.55294 0.73725
0.4549 0.55686 0.73725
