0.93333 0.86667 0.75686
0.93725 0.86667 0.76078
0.93725 0.86275 0.75294
0.92941 0.8549 0.74118
0.94118 0.86667 0.76863
0.94118 0.87451 0.76863
0.93725 0.86275 0.75686
0.92941 0.85098 0.73725
0.91765 0.83922 0.72549
0.91765 0.84706 0.72157
0.93333 0.8549 0.75686
0.94118 0.87059 0.77255
0.93333 0.87451 0.76863
0.92157 0.85882 0.7451
0.92941 0.85882 0.74118
0.91373 0.83922 0.71373
0.93725 0.86275 0.73725
0.92549 0.84706 0.72549
0.92941 0.85098 0.73333
0.92941 0.85882 0.76078
0.94118 0.87451 0.77647
0.94118 0.88235 0.78039
0.93333 0.87059 0.76078
0.91765 0.85098 0.73725
0.91373 0.83529 0.7098
0.93333 0.85882 0.72941
0.92549 0.84706 0.72157
0.90588 0.83529 0.7098
0.93725 0.87451 0.77647
0.94902 0.88627 0.78824
0.9451 0.88235 0.78431
0.93333 0.87059 0.76863
0.91765 0.8549 0.74902
0.91765 0.83922 0.72157
0.91373 0.83922 0.71373
0.91373 0.83922 0.7098
0.81569 0.7451 0.64314
0.94118 0.87843 0.78039
0.92941 0.86667 0.76471
0.91765 0.8549 0.74902
0.92941 0.8549 0.74118
0.9098 0.83529 0.71373
0.91765 0.84706 0.71765
0.67843 0.62745 0.57647
0.93725 0.87451 0.77255
0.92941 0.86275 0.76078
0.91373 0.84314 0.73725
0.91373 0.84706 0.72549
0.9098 0.84314 0.72549
0.51765 0.4902 0.46667
0.83922 0.77647 0.6902
0.70196 0.65098 0.60392
0.55294 0.51373 0.50196
0.43922 0.41961 0.44314
0.37255 0.37647 0.43137
