0.25882 0.35294 0.2902
0.26667 0.32549 0.2549
0.26667 0.35686 0.30196
0.24706 0.2902 0.19216
0.24706 0.28627 0.21569
0.22353 0.2902 0.21961
0.27843 0.34118 0.27059
0.26275 0.35686 0.3098
0.25098 0.2902 0.21961
0.23137 0.2902 0.22353
0.27451 0.3451 0.27059
0.25882 0.35686 0.30196
0.24706 0.27843 0.2
0.23137 0.27843 0.21176
0.27843 0.3451 0.27451
0.26275 0.36078 0.30588
0.23922 0.28235 0.18824
0.22745 0.2902 0.21961
0.27843 0.34902 0.27843
0.27059 0.36471 0.30196
0.23529 0.30196 0.22353
0.27451 0.34902 0.27843
0.27451 0.36471 0.3098
0.28235 0.34902 0.28235
