0.14902 0.24706 0.35294
0.15294 0.24314 0.35294
0.16078 0.24706 0.35686
0.13725 0.22745 0.33725
0.15294 0.23922 0.35294
0.14902 0.23137 0.3451
0.15294 0.23529 0.34118
0.14902 0.23137 0.33725
0.15686 0.23922 0.3451
0.14902 0.23922 0.34118
0.15294 0.24314 0.34902
0.16078 0.24314 0.34902
0.17255 0.2549 0.36078
0.16471 0.25098 0.35294
0.16078 0.24314 0.3451
0.15294 0.23529 0.33333
0.16863 0.24706 0.3451
0.17647 0.2549 0.35294
0.18039 0.26275 0.35686
0.19216 0.26275 0.36863
0.1451 0.23922 0.34902
0.14902 0.24314 0.35294
0.15294 0.24706 0.35686
0.15686 0.25098 0.35294
0.14902 0.24706 0.34902
0.13725 0.23529 0.3451
0.15686 0.24706 0.36078
0.15686 0.23922 0.35294
0.15294 0.23529 0.34118
0.15294 0.23529 0.34118
0.14902 0.23137 0.33725
0.14902 0.23137 0.33725
0.16078 0.24314 0.34902
0.16471 0.24706 0.35294
0.16078 0.25098 0.34902
0.16471 0.25098 0.3451
0.16078 0.24314 0.33725
0.15294 0.23137 0.32941
0.16471 0.24314 0.34118
0.16863 0.25098 0.34902
0.17647 0.25098 0.3451
0.1451 0.23922 0.34902
0.1451 0.23922 0.34902
0.1451 0.23922 0.34902
0.15294 0.24706 0.35686
0.15294 0.24706 0.35686
0.1451 0.23922 0.34118
0.13725 0.23529 0.33725
0.1451 0.24314 0.35294
0.15686 0.24706 0.35686
0.16863 0.24706 0.36078
0.15686 0.23922 0.34118
0.15686 0.23922 0.3451
0.15294 0.23529 0.34118
0.14902 0.23137 0.33725
0.16078 0.24314 0.34902
0.16078 0.24314 0.34902
0.15686 0.24314 0.3451
0.16078 0.24706 0.34118
0.16078 0.24314 0.33725
0.16078 0.23922 0.33725
0.16471 0.24314 0.34118
0.16863 0.24706 0.3451
0.13725 0.23137 0.34118
0.15294 0.24706 0.35686
0.15294 0.24706 0.35686
0.1451 0.23922 0.34902
0.1451 0.23922 0.34902
0.14118 0.23529 0.3451
0.16078 0.2549 0.36471
0.14902 0.24314 0.34902
0.1451 0.23922 0.34118
0.14118 0.23922 0.34902
0.15294 0.24314 0.35294
0.16471 0.24706 0.36078
0.14902 0.23137 0.33725
0.14902 0.23137 0.33725
0.15686 0.23922 0.3451
0.1451 0.22745 0.33333
0.14902 0.23137 0.33725
0.16471 0.24706 0.35294
0.15686 0.24706 0.3451
0.15294 0.23922 0.33333
0.15686 0.24314 0.33725
0.16078 0.23922 0.33725
0.17255 0.25098 0.34902
0.17647 0.2549 0.35294
0.1451 0.23922 0.35294
0.14118 0.23529 0.3451
0.15294 0.24706 0.35686
0.14118 0.23529 0.3451
0.14902 0.24314 0.35294
0.14902 0.24314 0.35294
0.14118 0.23529 0.3451
0.16078 0.2549 0.36471
0.15294 0.23529 0.34902
0.14902 0.23529 0.34902
0.14118 0.23529 0.3451
0.14902 0.24314 0.35294
0.15294 0.24706 0.35686
0.1451 0.23922 0.34902
0.15686 0.24314 0.35686
0.16078 0.24314 0.35686
0.13725 0.22745 0.33333
0.1451 0.22745 0.33333
0.16863 0.24706 0.35294
0.17255 0.2549 0.35294
0.15686 0.24314 0.33725
0.16078 0.24706 0.34118
0.15686 0.23922 0.33725
0.16863 0.24706 0.3451
0.14902 0.24314 0.35294
0.1451 0.23922 0.34902
0.14902 0.24314 0.35294
0.14118 0.23922 0.34902
0.1451 0.24314 0.35294
0.14902 0.24706 0.35294
0.13725 0.23922 0.3451
0.15294 0.25098 0.35686
0.14902 0.23922 0.35294
0.14902 0.23529 0.3451
0.14902 0.24314 0.35294
0.14118 0.23529 0.3451
0.15686 0.25098 0.36078
0.13725 0.23137 0.34118
0.14902 0.23529 0.34902
0.16471 0.24706 0.36078
0.13725 0.22745 0.33333
0.15686 0.23922 0.34902
0.15294 0.23137 0.3451
0.17255 0.2549 0.35294
0.16863 0.25098 0.34902
0.16863 0.25098 0.34902
0.16078 0.23922 0.33725
0.16078 0.23922 0.33725
0.18431 0.2549 0.35294
0.16471 0.2549 0.37647
0.15294 0.24706 0.35686
0.15294 0.24706 0.35686
0.14902 0.24314 0.35294
0.14118 0.24314 0.34902
0.14902 0.2549 0.35686
0.14118 0.24314 0.34902
0.12941 0.23529 0.34118
0.14902 0.25098 0.35686
0.13725 0.23529 0.34118
0.1451 0.23922 0.34902
0.15294 0.24706 0.35686
0.14118 0.23529 0.3451
0.1451 0.23922 0.34902
0.13725 0.23137 0.34118
0.15294 0.24314 0.35294
0.14902 0.23529 0.3451
0.13333 0.22353 0.33333
0.14902 0.23137 0.34902
0.16078 0.23529 0.35294
0.17255 0.25098 0.35686
0.16863 0.24706 0.3451
0.17647 0.2549 0.35294
0.16471 0.24706 0.3451
0.15686 0.23529 0.33333
0.17255 0.23922 0.34118
0.17647 0.24314 0.3451
0.1451 0.25098 0.35686
0.15686 0.26275 0.36863
0.15294 0.2549 0.36471
0.13333 0.23137 0.3451
0.15294 0.24706 0.36471
0.14902 0.23529 0.35686
0.1451 0.24314 0.35294
0.14902 0.25098 0.35686
0.14902 0.25098 0.35686
0.13725 0.24314 0.34902
0.15686 0.25882 0.36471
0.1451 0.24314 0.34902
0.1451 0.24314 0.35294
0.1451 0.24314 0.36078
0.13333 0.23137 0.34118
0.1451 0.23922 0.3451
0.14902 0.24314 0.3451
0.15294 0.24706 0.34902
0.16078 0.25098 0.35686
0.14118 0.22745 0.33333
0.15686 0.23922 0.35294
0.15294 0.23529 0.34902
0.17647 0.2549 0.36471
0.16078 0.23922 0.3451
0.17255 0.25098 0.34902
0.17647 0.2549 0.35294
0.15686 0.23529 0.33333
0.16078 0.23922 0.33725
0.16078 0.23922 0.33725
0.15686 0.23922 0.3451
0.15686 0.25882 0.36471
0.1451 0.25098 0.35686
0.14902 0.2549 0.36078
0.1451 0.25098 0.35686
0.12549 0.23137 0.3451
0.1451 0.24314 0.36078
0.1451 0.23922 0.36078
0.15294 0.25098 0.36078
0.1451 0.24706 0.35294
0.15294 0.2549 0.36078
0.14118 0.24314 0.34902
0.14118 0.24314 0.34902
0.13725 0.23137 0.34118
0.14902 0.24706 0.35686
0.16078 0.26275 0.37255
0.14118 0.23922 0.34118
0.14118 0.23529 0.33333
0.15686 0.25098 0.35294
0.15294 0.24706 0.34902
0.15294 0.24706 0.34902
0.1451 0.22745 0.33333
0.15294 0.23529 0.34902
0.15294 0.23529 0.34902
0.16471 0.24706 0.35294
0.17255 0.25098 0.35686
0.16471 0.25098 0.3451
0.17255 0.2549 0.35294
0.16863 0.25098 0.34902
0.16078 0.24314 0.34118
0.16471 0.24706 0.34902
0.16471 0.24706 0.35294
0.15686 0.25882 0.36471
0.15686 0.25882 0.36471
0.15294 0.25882 0.36471
0.13725 0.24314 0.34902
0.15294 0.25882 0.36471
0.14118 0.24706 0.35294
0.1451 0.2549 0.36471
0.15294 0.2549 0.36863
0.1451 0.24314 0.36078
0.15294 0.2549 0.36471
0.1451 0.24706 0.35294
0.14902 0.25098 0.35686
0.13725 0.24314 0.3451
0.14902 0.25098 0.35686
0.1451 0.24314 0.34902
0.15294 0.25098 0.36078
0.15294 0.2549 0.36078
0.15294 0.25098 0.34902
0.1451 0.23922 0.33333
0.14902 0.24314 0.3451
0.15686 0.25098 0.35294
0.15294 0.24706 0.34902
0.14902 0.23137 0.33725
0.14902 0.23137 0.3451
0.14902 0.23137 0.34118
0.16078 0.24706 0.35294
0.17255 0.26275 0.36471
0.16471 0.2549 0.34902
0.17647 0.26275 0.36078
0.17647 0.25882 0.36863
0.15294 0.23529 0.34118
0.15686 0.24314 0.34902
0.16471 0.2549 0.35686
0.16078 0.26275 0.36863
0.13725 0.24314 0.34902
0.16078 0.26275 0.36863
0.16863 0.27059 0.37647
0.14902 0.2549 0.36078
0.14902 0.2549 0.36863
0.13333 0.23922 0.35294
0.14902 0.25882 0.37647
0.1451 0.25098 0.36863
0.14118 0.24314 0.35686
0.14902 0.25098 0.35686
0.14902 0.24706 0.35686
0.1451 0.24314 0.35294
0.14118 0.23922 0.34902
0.14902 0.24706 0.36078
0.14902 0.24706 0.36471
0.14902 0.24706 0.35686
0.15686 0.25098 0.35294
0.14902 0.24314 0.34118
0.1451 0.23922 0.33725
0.16078 0.24706 0.35294
0.16078 0.24314 0.35294
0.16471 0.25098 0.35686
0.15294 0.23529 0.3451
0.1451 0.22745 0.34118
0.1451 0.22745 0.34118
0.15686 0.24314 0.34902
0.16078 0.24706 0.34902
0.16863 0.2549 0.35686
0.16863 0.2549 0.35686
0.16863 0.24706 0.35294
0.16863 0.24706 0.35294
0.16078 0.24314 0.34902
0.16078 0.24706 0.34902
0.15294 0.25882 0.36471
0.13333 0.23922 0.3451
0.15294 0.2549 0.36078
0.17255 0.27451 0.38039
0.15686 0.26275 0.37255
0.15686 0.26275 0.37647
0.12941 0.23137 0.34902
0.13725 0.24314 0.36078
0.15294 0.25098 0.36863
0.14902 0.24706 0.35686
0.15686 0.25098 0.36078
0.14902 0.24314 0.35294
0.15686 0.25098 0.36078
0.13725 0.23529 0.3451
0.14902 0.25098 0.36078
0.1451 0.24314 0.35294
0.14118 0.24314 0.34902
0.16078 0.2549 0.36471
0.15294 0.24706 0.35294
0.13725 0.23137 0.34118
0.15686 0.23922 0.35686
0.15686 0.23922 0.35686
0.16078 0.24314 0.36078
0.15294 0.23529 0.34902
0.1451 0.22745 0.34118
0.1451 0.22745 0.34118
0.15686 0.23922 0.3451
0.16078 0.24314 0.34902
0.16078 0.24314 0.34902
0.16863 0.25098 0.35686
0.16471 0.24314 0.34902
0.17255 0.25098 0.35686
0.17255 0.25098 0.35686
0.16863 0.25098 0.35686
0.16863 0.27059 0.38824
0.14902 0.24706 0.36471
0.16078 0.26275 0.37647
0.14902 0.24706 0.36471
0.18431 0.28235 0.4
0.17647 0.27451 0.39216
0.17255 0.27059 0.38431
0.14118 0.23922 0.35686
0.13725 0.24706 0.35686
0.15686 0.25882 0.37255
0.15686 0.2549 0.37255
0.15686 0.2549 0.36471
0.15686 0.2549 0.37647
0.13333 0.23137 0.35294
0.13725 0.23922 0.36078
0.15294 0.25098 0.36863
0.15686 0.24706 0.36471
0.15686 0.25098 0.36078
0.14902 0.24706 0.35686
0.16078 0.2549 0.36471
0.14118 0.23529 0.3451
0.16078 0.2549 0.36078
0.15294 0.24706 0.35686
0.1451 0.23922 0.3451
0.15686 0.25098 0.36078
0.1451 0.23922 0.34902
0.14118 0.23137 0.34118
0.14902 0.23137 0.3451
0.14902 0.23137 0.34902
0.16471 0.24706 0.36078
0.15686 0.23922 0.35294
0.13725 0.21961 0.33333
0.1451 0.22745 0.34118
0.14902 0.23137 0.34118
0.14902 0.23137 0.33725
0.16078 0.24314 0.34902
0.17647 0.25882 0.36471
0.16078 0.23922 0.3451
0.16078 0.23922 0.3451
0.16078 0.23922 0.3451
0.15686 0.23137 0.3451
0.16863 0.26667 0.38431
0.1451 0.24314 0.36078
0.16078 0.2549 0.37647
0.16078 0.25882 0.37647
0.17647 0.27059 0.39216
0.17647 0.27059 0.39216
0.16471 0.26275 0.38039
0.15294 0.2549 0.36863
0.14902 0.25098 0.36471
0.16471 0.26275 0.38039
0.15686 0.2549 0.37255
0.15686 0.2549 0.36471
0.14902 0.24314 0.35686
0.13725 0.23137 0.34902
0.1451 0.24314 0.36078
0.16471 0.25882 0.38039
0.15294 0.24314 0.36078
0.15686 0.24706 0.36078
0.15686 0.2549 0.36078
0.15294 0.24314 0.35686
0.1451 0.23922 0.3451
0.16863 0.26275 0.36471
0.16471 0.2549 0.36078
0.15294 0.24314 0.3451
0.15294 0.24314 0.3451
0.15294 0.24706 0.34902
0.15294 0.24314 0.34902
0.14902 0.23922 0.3451
0.14902 0.23529 0.34118
0.16863 0.25098 0.35686
0.16078 0.24314 0.35294
0.1451 0.22745 0.33725
0.1451 0.22745 0.33725
0.16078 0.24314 0.35294
0.15294 0.23529 0.3451
0.14902 0.23137 0.34118
0.18039 0.26275 0.37255
0.17647 0.2549 0.36471
0.17255 0.25098 0.36078
0.16078 0.23137 0.3451
0.1451 0.21961 0.33333
0.16471 0.26275 0.38039
0.16078 0.25882 0.38039
0.16078 0.25882 0.38039
0.15686 0.2549 0.37647
0.16471 0.25882 0.38039
0.14902 0.24706 0.36471
0.15294 0.2549 0.36863
0.15294 0.25098 0.36863
0.16471 0.26275 0.38039
0.16078 0.25882 0.37647
0.15686 0.2549 0.37255
0.16471 0.25882 0.36863
0.14902 0.24314 0.35294
0.1451 0.23922 0.34902
0.1451 0.23922 0.35686
0.16471 0.2549 0.37647
0.15294 0.24314 0.36471
0.15294 0.24314 0.35686
0.16078 0.2549 0.36471
0.14902 0.24314 0.35686
0.13725 0.23529 0.33725
0.15686 0.25098 0.35294
0.16863 0.25882 0.36078
0.15686 0.23922 0.3451
0.15686 0.23922 0.3451
0.15686 0.24706 0.34902
0.1451 0.23922 0.3451
0.14902 0.24314 0.35294
0.15294 0.24314 0.34902
0.16863 0.24706 0.35294
0.16078 0.24314 0.34902
0.14902 0.23137 0.33725
0.1451 0.22745 0.33333
0.15294 0.23529 0.34902
0.15294 0.23529 0.34902
0.14902 0.23137 0.3451
0.16471 0.25098 0.36471
0.16078 0.24314 0.35686
0.16863 0.24314 0.36471
0.16471 0.23922 0.35686
0.16078 0.23922 0.3451
0.16863 0.26667 0.38431
0.15686 0.2549 0.37647
0.14902 0.24706 0.36863
0.17255 0.27059 0.39216
0.18039 0.28235 0.4
0.16078 0.26275 0.38039
0.16471 0.26275 0.38039
0.15686 0.25098 0.37255
0.16078 0.25882 0.37647
0.16078 0.25882 0.37647
0.15686 0.25098 0.36863
0.15686 0.25098 0.36078
0.14902 0.24314 0.35294
0.14902 0.24314 0.35294
0.1451 0.24314 0.36078
0.15686 0.2549 0.37255
0.1451 0.24314 0.36078
0.14902 0.24314 0.35686
0.16471 0.25882 0.36863
0.15294 0.24706 0.35686
0.14118 0.23529 0.3451
0.14902 0.24314 0.35294
0.16078 0.24706 0.36078
0.15686 0.23922 0.35294
0.15686 0.23922 0.35294
0.1451 0.23529 0.34902
0.13333 0.23137 0.33725
0.14902 0.24314 0.35294
0.16471 0.25098 0.36078
0.16078 0.24314 0.34902
0.14902 0.23137 0.33725
0.14902 0.23137 0.33725
0.15294 0.23529 0.34118
0.1451 0.23529 0.3451
0.14118 0.23529 0.3451
0.14118 0.23137 0.3451
0.15686 0.25098 0.36078
0.16078 0.25098 0.36471
0.16863 0.25098 0.36471
0.16863 0.24706 0.36078
0.16471 0.26275 0.38039
0.16471 0.26275 0.38039
0.15686 0.2549 0.37647
0.16471 0.26275 0.38431
0.17647 0.27843 0.39216
0.17255 0.27451 0.38824
0.15686 0.25098 0.36863
0.16078 0.2549 0.37255
0.16471 0.26275 0.38039
0.15294 0.25098 0.36863
0.16471 0.26275 0.38039
0.16078 0.2549 0.36471
0.14902 0.24314 0.35294
0.15294 0.24706 0.36078
0.1451 0.24314 0.36078
0.15686 0.2549 0.37255
0.15294 0.25098 0.36471
0.14902 0.24314 0.35686
0.16471 0.25882 0.36863
0.14902 0.24314 0.35294
0.14902 0.24706 0.35294
0.15686 0.2549 0.36078
0.16471 0.25098 0.36078
0.16471 0.25098 0.36078
0.15686 0.23922 0.35294
0.1451 0.23529 0.3451
0.13333 0.22745 0.33725
0.14902 0.24314 0.35686
0.1451 0.23529 0.34118
0.15294 0.23529 0.34118
0.14902 0.23529 0.33725
0.14902 0.23137 0.33725
0.14902 0.22745 0.33333
0.1451 0.23529 0.3451
0.14902 0.24314 0.35294
0.15294 0.24706 0.35294
0.16078 0.2549 0.36078
0.15686 0.25098 0.35686
0.15294 0.24314 0.35294
0.15686 0.23922 0.34902
0.16078 0.25882 0.37647
0.16078 0.26275 0.38039
0.15686 0.26275 0.37647
0.16078 0.26667 0.38039
0.16863 0.27059 0.38039
0.16471 0.26667 0.37255
0.15686 0.25882 0.36471
0.15294 0.2549 0.36471
0.16863 0.26667 0.38824
0.16078 0.26275 0.38039
0.15686 0.2549 0.37255
0.16471 0.2549 0.37647
0.1451 0.23529 0.35686
0.14902 0.23922 0.36078
0.16078 0.25882 0.36863
0.1451 0.24314 0.34902
0.15686 0.25098 0.36078
0.16078 0.2549 0.36471
0.15686 0.25098 0.36078
0.15294 0.24706 0.35686
0.15686 0.25098 0.35686
0.14902 0.24314 0.3451
0.15294 0.25098 0.34902
0.15294 0.24706 0.34902
0.13333 0.22745 0.33725
0.13725 0.23137 0.34118
0.12941 0.22353 0.33333
0.15294 0.24706 0.35686
0.14902 0.24314 0.34902
0.14118 0.23529 0.33725
0.14902 0.24314 0.3451
0.15294 0.24314 0.3451
0.14902 0.23137 0.33725
0.16078 0.25098 0.35294
0.16078 0.2549 0.35686
0.1451 0.23922 0.34118
0.15686 0.25098 0.35294
0.15294 0.24706 0.34902
0.15294 0.24706 0.34902
0.16078 0.2549 0.35686
0.16078 0.25882 0.37647
0.17255 0.27451 0.38824
0.15294 0.25882 0.37255
0.15686 0.26275 0.37647
0.17647 0.27843 0.38824
0.17647 0.27843 0.38431
0.16078 0.26667 0.36863
0.16078 0.26275 0.37255
0.17647 0.27059 0.38431
0.16471 0.26275 0.37255
0.16471 0.26275 0.37255
0.14902 0.24314 0.36078
0.14902 0.24314 0.36078
0.13333 0.23137 0.34902
0.1451 0.24706 0.35686
0.15686 0.2549 0.36078
0.16078 0.2549 0.36471
0.16471 0.25882 0.36863
0.1451 0.23922 0.34902
0.15686 0.25098 0.36078
0.15686 0.25098 0.35686
0.15294 0.24706 0.34902
0.16078 0.2549 0.35686
0.15686 0.25098 0.35686
0.14118 0.23529 0.3451
0.14118 0.23529 0.3451
0.13333 0.22745 0.33725
0.15294 0.24706 0.35686
0.16078 0.2549 0.36078
0.13333 0.22745 0.32941
0.13725 0.23529 0.33333
0.14902 0.23922 0.34118
0.15686 0.23922 0.34118
0.14902 0.23529 0.34118
0.16471 0.25098 0.35686
0.15686 0.23922 0.3451
0.14902 0.23922 0.34118
0.15294 0.24706 0.34902
0.15294 0.24706 0.34902
0.17255 0.26667 0.36863
0.16078 0.25882 0.37647
0.17255 0.27451 0.39216
0.15686 0.26275 0.37647
0.15294 0.25882 0.37255
0.16078 0.26667 0.37647
0.16863 0.27059 0.37647
0.15686 0.25882 0.36863
0.17255 0.27059 0.38039
0.17647 0.27059 0.38039
0.16078 0.2549 0.36863
0.18039 0.27843 0.38824
0.15686 0.2549 0.37255
0.14118 0.23922 0.35686
0.15294 0.25098 0.36863
0.14902 0.25098 0.36078
0.15686 0.2549 0.36078
0.16471 0.25882 0.36863
0.17255 0.26667 0.37647
0.14118 0.23529 0.3451
0.15686 0.25098 0.36078
0.16078 0.2549 0.36078
0.15294 0.24706 0.34902
0.16078 0.2549 0.36078
0.16078 0.2549 0.36078
0.14118 0.23137 0.34118
0.1451 0.23529 0.3451
0.1451 0.23529 0.3451
0.14902 0.24314 0.35294
0.15294 0.24706 0.35294
0.13725 0.23137 0.33333
0.14902 0.24314 0.3451
0.14902 0.23922 0.34118
0.16078 0.24314 0.34902
0.15686 0.23922 0.3451
0.16863 0.25098 0.35686
0.16863 0.25098 0.35686
0.15294 0.23922 0.34118
0.15294 0.24706 0.34902
0.15294 0.24706 0.34902
0.16471 0.25882 0.36078
0.16078 0.24706 0.35294
0.16863 0.26667 0.38431
0.16471 0.26275 0.38039
0.15686 0.2549 0.37255
0.17255 0.27059 0.38824
0.16863 0.26667 0.38431
0.15686 0.2549 0.37255
0.15686 0.2549 0.37255
0.16863 0.26667 0.38431
0.16471 0.26275 0.38039
0.15686 0.2549 0.37255
0.17255 0.27059 0.38824
0.15294 0.2549 0.36863
0.14118 0.23922 0.35686
0.15686 0.25098 0.37255
0.16078 0.25098 0.37255
0.15686 0.25098 0.36863
0.15294 0.24314 0.36471
0.16078 0.25098 0.36471
0.13333 0.22745 0.33725
0.16471 0.25882 0.36863
0.15686 0.25098 0.36078
0.14902 0.24314 0.35294
0.1451 0.23922 0.34902
0.1451 0.23529 0.34902
0.14902 0.23137 0.3451
0.15686 0.23922 0.35294
0.15686 0.23922 0.35294
0.14902 0.23922 0.35294
0.1451 0.23922 0.34902
0.14118 0.23529 0.3451
0.15686 0.23922 0.35294
0.15294 0.23137 0.34902
0.16078 0.24314 0.35686
0.15686 0.23922 0.3451
0.16471 0.24706 0.35294
0.15686 0.24314 0.3451
0.15686 0.24314 0.3451
0.16471 0.24706 0.35294
0.15686 0.23922 0.3451
0.16471 0.24706 0.35294
0.16078 0.24314 0.35686
0.16471 0.26275 0.38039
0.15686 0.2549 0.37255
0.18039 0.27843 0.39608
0.16471 0.26275 0.38039
0.15686 0.2549 0.37255
0.15294 0.25098 0.36863
0.16863 0.26667 0.38431
0.17255 0.27059 0.38824
0.16078 0.25882 0.37647
0.16471 0.26275 0.38039
0.1451 0.24706 0.36471
0.14118 0.23922 0.35686
0.15294 0.24314 0.36471
0.16078 0.25098 0.37255
0.16471 0.25098 0.37647
0.16471 0.2549 0.38039
0.15294 0.25098 0.36471
0.13725 0.23529 0.3451
0.15686 0.2549 0.36471
0.15294 0.24706 0.35686
0.15294 0.24706 0.35686
0.14902 0.24706 0.35686
0.14902 0.23922 0.34902
0.1451 0.22745 0.34118
0.16078 0.24314 0.35686
0.16078 0.24314 0.35686
0.15686 0.23922 0.35294
0.16078 0.24314 0.35686
0.15294 0.23529 0.34902
0.15686 0.23922 0.35294
0.16078 0.24314 0.35686
0.16078 0.24314 0.35686
0.15686 0.23922 0.34902
0.16471 0.24706 0.34902
0.15686 0.23922 0.3451
0.15686 0.23922 0.3451
0.16078 0.24314 0.34902
0.15686 0.23922 0.3451
0.17255 0.2549 0.36078
0.16078 0.24314 0.35686
0.16863 0.26667 0.38431
0.17255 0.27059 0.38824
0.17255 0.27059 0.38824
0.16078 0.25882 0.37647
0.15686 0.2549 0.37255
0.16078 0.25882 0.37647
0.17647 0.27451 0.39216
0.16078 0.25882 0.37647
0.15294 0.25098 0.36863
0.15294 0.2549 0.36863
0.12941 0.23137 0.34902
0.14118 0.23529 0.35294
0.15686 0.25098 0.36863
0.15686 0.24706 0.36863
0.16471 0.2549 0.37647
0.16471 0.2549 0.37647
0.1451 0.24314 0.35294
0.1451 0.25098 0.35294
0.15686 0.25882 0.36471
0.16078 0.25882 0.36863
0.16078 0.2549 0.36471
0.15686 0.25098 0.36078
0.16078 0.25098 0.36078
0.15294 0.23529 0.34902
0.15686 0.23922 0.35294
0.15294 0.23529 0.34902
0.14902 0.23922 0.35294
0.15294 0.24314 0.35294
0.14118 0.22745 0.34118
0.15686 0.23922 0.35294
0.17255 0.2549 0.36863
0.15294 0.23529 0.34902
0.14902 0.23137 0.34118
0.16471 0.24706 0.35294
0.16471 0.24706 0.35294
0.16078 0.24314 0.34902
0.15686 0.23922 0.3451
0.14902 0.23137 0.33725
0.16471 0.24706 0.35294
0.16078 0.24314 0.35686
0.17255 0.26275 0.38431
0.17647 0.26667 0.38824
0.17255 0.27059 0.38824
0.15686 0.2549 0.37255
0.15294 0.25098 0.36863
0.16863 0.26667 0.38431
0.17647 0.27451 0.39216
0.16078 0.25882 0.37647
0.16471 0.26667 0.37647
0.15294 0.2549 0.36471
0.1451 0.23922 0.34902
0.15294 0.24706 0.36078
0.1451 0.23922 0.34902
0.16078 0.25882 0.36863
0.16078 0.26275 0.37255
0.15686 0.25882 0.36471
0.12549 0.22745 0.33333
0.15294 0.2549 0.36078
0.14902 0.25098 0.35686
0.15294 0.25098 0.36471
0.15294 0.24314 0.36471
0.16471 0.2549 0.37255
0.15686 0.24706 0.36471
0.16863 0.24314 0.36078
0.16078 0.24314 0.35686
0.1451 0.23529 0.3451
0.1451 0.23922 0.34902
0.14902 0.24706 0.35686
0.14902 0.24314 0.35294
0.13333 0.22353 0.33725
0.15294 0.24706 0.35686
0.15294 0.24706 0.35686
0.13725 0.23137 0.34118
0.14902 0.23922 0.34902
0.15686 0.25098 0.36078
0.16471 0.25882 0.36471
0.16471 0.25098 0.35686
0.14902 0.22745 0.33333
0.15294 0.23137 0.34118
0.16471 0.24706 0.35686
0.16863 0.25882 0.38039
0.17647 0.26667 0.38824
0.17647 0.27451 0.39216
0.16471 0.26275 0.38039
0.14902 0.24706 0.36471
0.16078 0.25882 0.37647
0.16471 0.26275 0.38039
0.16471 0.26275 0.38039
0.16471 0.26275 0.37255
0.15686 0.25882 0.36471
0.15294 0.24706 0.35686
0.14902 0.24314 0.35294
0.15294 0.24706 0.35686
0.16078 0.26275 0.36863
0.15686 0.25882 0.36471
0.14902 0.25098 0.35686
0.15686 0.25882 0.36471
0.16078 0.26275 0.36863
0.15686 0.25882 0.36471
0.14902 0.24706 0.36078
0.1451 0.23922 0.36078
0.14902 0.24314 0.36471
0.1451 0.23529 0.35294
0.16078 0.25098 0.36078
0.15294 0.24314 0.35294
0.1451 0.23922 0.34902
0.1451 0.23922 0.34902
0.14902 0.24314 0.35294
0.1451 0.23922 0.34902
0.15294 0.24314 0.35294
0.1451 0.23529 0.34902
0.15686 0.24706 0.35686
0.14902 0.24314 0.35294
0.1451 0.23922 0.34902
0.15686 0.25098 0.36078
0.15294 0.24706 0.35686
0.16863 0.2549 0.35686
0.16078 0.23922 0.3451
0.16078 0.23922 0.3451
0.15686 0.23922 0.3451
0.16471 0.2549 0.37647
0.17255 0.26275 0.38431
0.17255 0.27059 0.38824
0.15686 0.2549 0.37255
0.1451 0.24314 0.36078
0.16471 0.26667 0.38431
0.15686 0.2549 0.37255
0.17647 0.27451 0.39216
0.15686 0.25882 0.36863
0.15294 0.2549 0.36078
0.14902 0.24314 0.35294
0.14902 0.24314 0.35294
0.14902 0.24314 0.35294
0.16863 0.27059 0.37647
0.15686 0.25882 0.36471
0.1451 0.24706 0.35294
0.14118 0.24314 0.34902
0.16078 0.26275 0.36863
0.16471 0.26667 0.36863
0.14902 0.24706 0.36078
0.15294 0.25098 0.36863
0.1451 0.24314 0.36471
0.1451 0.24706 0.36078
0.15294 0.2549 0.36078
0.14118 0.23922 0.34902
0.15294 0.24706 0.35686
0.14118 0.23529 0.3451
0.1451 0.23922 0.34902
0.1451 0.23922 0.34902
0.16471 0.24706 0.36078
0.14902 0.23137 0.3451
0.15686 0.23922 0.35294
0.15294 0.24314 0.35294
0.13725 0.23137 0.34118
0.15686 0.25098 0.36078
0.16471 0.25882 0.36471
0.16863 0.2549 0.35686
0.14902 0.23137 0.33725
0.16863 0.24706 0.34902
0.16078 0.24706 0.34118
0.16863 0.26275 0.38039
0.17647 0.27059 0.38824
0.16863 0.26667 0.38431
0.16863 0.26275 0.38039
0.16078 0.2549 0.37647
0.16863 0.26275 0.38431
0.15686 0.2549 0.37255
0.17255 0.26667 0.38824
0.16078 0.2549 0.37255
0.15294 0.24706 0.36078
0.15294 0.24314 0.36471
0.15686 0.24706 0.36471
0.15686 0.25098 0.36471
0.16078 0.26275 0.36863
0.16078 0.26275 0.36863
0.14902 0.25098 0.35686
0.12549 0.22745 0.33725
0.16471 0.26275 0.37647
0.16078 0.25882 0.37255
0.1451 0.24706 0.35686
0.15686 0.25882 0.36863
0.1451 0.24706 0.35686
0.14902 0.24706 0.35686
0.15294 0.24706 0.35686
0.15294 0.24314 0.35294
0.16471 0.25098 0.36471
0.1451 0.23137 0.3451
0.16078 0.24314 0.35686
0.15686 0.23922 0.35294
0.16078 0.24706 0.36471
0.15294 0.23529 0.35294
0.15294 0.23529 0.3451
0.16471 0.25098 0.35686
0.16078 0.24706 0.35686
0.15686 0.24314 0.34902
0.16863 0.2549 0.36078
0.16471 0.24706 0.35294
0.15294 0.23529 0.34118
0.15294 0.23529 0.33725
0.15686 0.24706 0.34118
0.17255 0.26667 0.38431
0.17647 0.27451 0.39216
0.17647 0.27451 0.39216
0.16863 0.26667 0.38431
0.15294 0.25098 0.36863
0.16863 0.25882 0.38039
0.16471 0.2549 0.37647
0.17647 0.26667 0.38824
0.16078 0.24706 0.37255
0.15686 0.24706 0.36863
0.14118 0.23137 0.36078
0.15686 0.24706 0.36863
0.16078 0.2549 0.36863
0.16078 0.25882 0.36471
0.15294 0.2549 0.36078
0.14118 0.24314 0.34902
0.13333 0.23137 0.3451
0.15686 0.2549 0.37647
0.15294 0.25098 0.36863
0.1451 0.24314 0.35686
0.15686 0.25882 0.36471
0.14902 0.25098 0.35294
0.15294 0.25098 0.36078
0.16471 0.24706 0.36078
0.16863 0.24706 0.36078
0.16471 0.24706 0.36078
0.14902 0.23137 0.3451
0.16471 0.24314 0.35686
0.16078 0.23137 0.35294
0.15686 0.23922 0.36078
0.16078 0.24314 0.36078
0.15686 0.23922 0.34902
0.16078 0.24314 0.34902
0.16471 0.24706 0.35294
0.16078 0.23922 0.3451
0.16863 0.25098 0.35686
0.17647 0.25882 0.36471
0.16078 0.24314 0.34902
0.16078 0.24706 0.34902
0.16078 0.25098 0.3451
0.17255 0.27059 0.38824
0.15686 0.25882 0.37647
0.14902 0.25098 0.36471
0.16078 0.25098 0.37255
0.17255 0.25882 0.38039
0.17255 0.25882 0.38431
0.16471 0.2549 0.37647
0.15294 0.24314 0.36471
0.14902 0.23922 0.36471
0.15686 0.24706 0.37255
0.17255 0.26275 0.37647
0.16471 0.26667 0.37255
0.14902 0.25098 0.35686
0.12941 0.23137 0.33725
0.14118 0.23922 0.35294
0.16471 0.26275 0.38039
0.14118 0.23922 0.35686
0.15294 0.25098 0.36471
0.15686 0.25882 0.36471
0.14902 0.2549 0.35686
0.15686 0.2549 0.36078
0.16078 0.24314 0.35686
0.16471 0.24706 0.36078
0.16078 0.24314 0.35686
0.15294 0.23529 0.34902
0.16078 0.23922 0.35686
0.16078 0.23137 0.35294
0.16471 0.24706 0.36863
0.16471 0.24706 0.36471
0.15294 0.23529 0.3451
0.15686 0.23922 0.3451
0.16863 0.25098 0.35686
0.16471 0.24706 0.35294
0.16471 0.24706 0.35294
0.17255 0.2549 0.36078
0.16078 0.24314 0.34902
0.15294 0.23529 0.34118
0.17647 0.2549 0.36078
0.14902 0.25098 0.36471
0.15294 0.2549 0.36863
0.16078 0.25098 0.37255
0.16863 0.25882 0.38039
0.16471 0.25882 0.38039
0.16078 0.25098 0.37255
0.14902 0.23922 0.36078
0.15294 0.24706 0.36863
0.14902 0.24314 0.36471
0.16078 0.2549 0.36471
0.15686 0.2549 0.36078
0.1451 0.24706 0.35294
0.13333 0.23529 0.34118
0.14902 0.25098 0.36471
0.16863 0.26667 0.38431
0.12549 0.22745 0.3451
0.15686 0.2549 0.36471
0.16078 0.25882 0.36471
0.15686 0.2549 0.36471
0.15686 0.2549 0.36078
0.16078 0.24706 0.36078
0.15686 0.24706 0.35686
0.16078 0.24706 0.36078
0.15294 0.24314 0.35294
0.16078 0.24706 0.35686
0.16078 0.24314 0.35686
0.16078 0.24706 0.36471
0.16078 0.24706 0.36078
0.14902 0.23529 0.3451
0.16078 0.24706 0.35294
0.16078 0.25098 0.35686
0.15686 0.24706 0.35294
0.16078 0.24706 0.35686
0.16863 0.25098 0.35686
0.17255 0.25098 0.35686
0.15686 0.23529 0.34118
0.16471 0.24706 0.35294
0.16078 0.25882 0.37647
0.15686 0.2549 0.37255
0.15294 0.25098 0.36863
0.16471 0.26275 0.38039
0.15294 0.25098 0.36863
0.15686 0.25098 0.37255
0.1451 0.23529 0.35686
0.15294 0.25098 0.36863
0.15294 0.2549 0.36471
0.15686 0.25882 0.36471
0.16078 0.26275 0.36863
0.1451 0.24706 0.35294
0.1451 0.24706 0.35294
0.16078 0.26275 0.37647
0.16471 0.26275 0.38039
0.13725 0.23529 0.35294
0.15294 0.24706 0.36078
0.15294 0.24706 0.35686
0.15686 0.25098 0.36078
0.14902 0.24314 0.35294
0.16078 0.2549 0.36471
0.15294 0.24706 0.35686
0.16471 0.25882 0.36863
0.15686 0.25098 0.36078
0.15686 0.25098 0.36078
0.15294 0.25098 0.35686
0.16078 0.2549 0.36471
0.15294 0.25098 0.36078
0.14902 0.24314 0.35294
0.1451 0.23922 0.34902
0.15686 0.25098 0.36078
0.15294 0.24706 0.35686
0.14902 0.23529 0.3451
0.16863 0.24706 0.35294
0.16863 0.24706 0.35294
0.16863 0.24706 0.35294
0.16078 0.24314 0.34902
0.16078 0.25882 0.37647
0.14902 0.24706 0.36471
0.16078 0.25882 0.37647
0.15294 0.25098 0.36863
0.1451 0.23922 0.35686
0.14118 0.23137 0.35294
0.15294 0.25098 0.36863
0.16863 0.26667 0.38039
0.17647 0.27843 0.38039
0.16078 0.25882 0.36863
0.1451 0.24314 0.35294
0.15294 0.25098 0.35686
0.16471 0.25882 0.37647
0.17255 0.26667 0.38824
0.14902 0.23922 0.36078
0.15686 0.25098 0.36471
0.14902 0.24314 0.34902
0.15686 0.25098 0.36078
0.16078 0.2549 0.36471
0.14902 0.25098 0.35686
0.14902 0.25098 0.35686
0.15294 0.2549 0.36078
0.14902 0.24314 0.34902
0.14902 0.24314 0.3451
0.15686 0.25098 0.35294
0.16078 0.25882 0.36078
0.15686 0.25098 0.35686
0.14902 0.24314 0.34902
0.13725 0.23529 0.34118
0.1451 0.24314 0.34902
0.15686 0.25882 0.36471
0.14902 0.23922 0.3451
0.16863 0.25098 0.35686
0.16863 0.24706 0.35294
0.16471 0.24314 0.34902
0.16078 0.23922 0.3451
0.16471 0.25882 0.37647
0.14902 0.24314 0.36078
0.1451 0.23922 0.35686
0.1451 0.23529 0.35686
0.16078 0.2549 0.37255
0.16863 0.26275 0.38039
0.17255 0.27059 0.38039
0.15294 0.24706 0.35686
0.14118 0.23529 0.3451
0.1451 0.23922 0.34902
0.16078 0.25098 0.36863
0.16078 0.25098 0.37647
0.15686 0.24706 0.36863
0.16078 0.25098 0.36863
0.13725 0.23137 0.34118
0.15294 0.24706 0.35686
0.15686 0.2549 0.36471
0.15686 0.2549 0.36471
0.14118 0.24314 0.34902
0.14902 0.24706 0.35294
0.1451 0.23529 0.34118
0.15294 0.24314 0.3451
0.16078 0.25098 0.35294
0.15686 0.25098 0.35294
0.16078 0.2549 0.36078
0.14902 0.24706 0.34902
0.14118 0.23922 0.3451
0.1451 0.24314 0.34902
0.14902 0.25098 0.35686
0.14118 0.23529 0.34118
0.16471 0.24706 0.35686
0.17647 0.2549 0.36471
0.17255 0.25098 0.35686
0.16471 0.24314 0.34902
0.15686 0.24706 0.36863
0.1451 0.23529 0.35686
0.14118 0.23137 0.35294
0.15686 0.24706 0.36863
0.17255 0.26275 0.38431
0.16471 0.2549 0.38039
0.15686 0.25098 0.36471
0.1451 0.23922 0.34902
0.16471 0.25882 0.36471
0.16863 0.25882 0.37255
0.15294 0.24706 0.36471
0.15686 0.25098 0.36471
0.16471 0.25882 0.37255
0.14118 0.23529 0.3451
0.15294 0.24706 0.35686
0.16078 0.25098 0.36471
0.16471 0.25882 0.37255
0.16078 0.2549 0.35686
0.16078 0.2549 0.35294
0.1451 0.23137 0.3451
0.16078 0.24706 0.36078
0.16078 0.24706 0.36078
0.16078 0.24706 0.36078
0.16471 0.2549 0.36471
0.15686 0.24314 0.35686
0.15294 0.24314 0.35686
0.14118 0.23529 0.3451
0.14902 0.24706 0.35294
0.14902 0.23922 0.34902
0.16863 0.24706 0.36078
0.17647 0.25882 0.36471
0.16078 0.23922 0.3451
0.15686 0.24706 0.36863
0.1451 0.23529 0.35686
0.1451 0.23529 0.35686
0.15686 0.24706 0.36863
0.17255 0.26275 0.38431
0.16078 0.25098 0.37255
0.15294 0.24314 0.36078
0.14902 0.23922 0.35686
0.16471 0.2549 0.37255
0.16471 0.25882 0.36863
0.15686 0.25098 0.36078
0.16471 0.25882 0.36863
0.16471 0.25882 0.36863
0.15294 0.24706 0.35686
0.14902 0.24314 0.35294
0.16078 0.2549 0.36078
0.16863 0.26275 0.36471
0.16078 0.2549 0.36078
0.16471 0.25882 0.36863
0.14902 0.24314 0.35294
0.1451 0.24314 0.34902
0.15294 0.24706 0.35686
0.15686 0.24314 0.35294
0.16471 0.24706 0.36078
0.16078 0.23922 0.35686
0.16078 0.24706 0.35686
0.15686 0.24314 0.34902
0.15686 0.24314 0.35294
0.15686 0.24706 0.36863
0.15294 0.24314 0.36471
0.14118 0.23137 0.35294
0.14902 0.23922 0.36078
0.16078 0.25098 0.37255
0.16078 0.25098 0.37255
0.14902 0.24314 0.36078
0.15686 0.24706 0.36863
0.15294 0.23922 0.36471
0.15686 0.24706 0.36863
0.16078 0.24706 0.36863
0.15686 0.24706 0.36863
0.16471 0.2549 0.37647
0.14902 0.24314 0.36078
0.15294 0.25098 0.35686
0.15686 0.25098 0.36471
0.16471 0.25882 0.36471
0.15294 0.24706 0.3451
0.15686 0.25098 0.36078
0.16078 0.25098 0.36471
0.14118 0.24314 0.34902
0.14902 0.24706 0.35294
0.15294 0.25098 0.35686
0.1451 0.23922 0.34902
0.16471 0.2549 0.36471
0.16471 0.2549 0.36863
0.15686 0.24314 0.34902
0.14902 0.23922 0.36078
0.14118 0.23137 0.35294
0.16078 0.25098 0.37255
0.16078 0.25098 0.37255
0.16078 0.2549 0.37647
0.14902 0.25098 0.36863
0.1451 0.24706 0.36471
0.16078 0.25098 0.36863
0.17255 0.25098 0.37255
0.16863 0.25098 0.37647
0.15294 0.24314 0.36471
0.16471 0.26275 0.38039
0.1451 0.24706 0.36078
0.1451 0.24314 0.36078
0.15686 0.25098 0.36863
0.15686 0.25098 0.36471
0.16078 0.2549 0.36471
0.15686 0.25098 0.36078
0.14902 0.24314 0.35294
0.15294 0.24706 0.35686
0.15294 0.24706 0.35686
0.15686 0.25098 0.36078
0.14902 0.23529 0.34902
0.16863 0.25098 0.36471
0.16863 0.25098 0.36471
0.16471 0.24314 0.36078
0.14118 0.23137 0.35294
0.15686 0.25098 0.36863
0.16078 0.25882 0.36863
0.14902 0.2549 0.36471
0.1451 0.24314 0.36078
0.15294 0.25098 0.36863
0.16078 0.24706 0.36863
0.16471 0.2549 0.37647
0.15686 0.25098 0.37255
0.16471 0.25882 0.37647
0.15686 0.2549 0.37255
0.15294 0.24706 0.36863
0.16078 0.25098 0.36863
0.15686 0.24314 0.36078
0.15686 0.25098 0.36078
0.16078 0.2549 0.36471
0.14902 0.24314 0.35294
0.16078 0.2549 0.36471
0.16078 0.2549 0.36471
0.15686 0.25098 0.36078
0.15294 0.24314 0.35294
0.16863 0.2549 0.36863
0.14118 0.23137 0.35294
0.15294 0.24314 0.36471
0.14902 0.25098 0.35686
0.1451 0.24706 0.35294
0.15294 0.25098 0.36863
0.16078 0.25882 0.37647
0.1451 0.24706 0.36471
0.15686 0.25882 0.37255
0.15686 0.25098 0.37255
0.16471 0.2549 0.37647
0.15686 0.24706 0.36863
0.17647 0.26275 0.38431
0.15686 0.23922 0.36078
0.15686 0.23922 0.36078
0.16863 0.26275 0.37255
0.15294 0.24706 0.35686
0.14902 0.24314 0.35294
0.16078 0.2549 0.36471
0.15294 0.24706 0.35686
0.15686 0.25098 0.36078
0.15294 0.24706 0.35686
0.1451 0.24706 0.35294
0.1451 0.24706 0.35294
0.16078 0.2549 0.37647
0.16471 0.2549 0.38039
0.14902 0.23922 0.36471
0.14902 0.25098 0.36863
0.15686 0.2549 0.37255
0.16078 0.25882 0.37255
0.14902 0.25098 0.35686
0.16863 0.26275 0.37255
0.16078 0.24706 0.36078
0.16078 0.24314 0.35686
0.15294 0.25098 0.36078
0.13333 0.22745 0.33725
0.15294 0.24706 0.35686
0.16471 0.25882 0.36863
0.1451 0.23922 0.34902
0.15294 0.24706 0.34902
0.15686 0.2549 0.36863
0.14902 0.25098 0.35686
0.15294 0.24314 0.36471
0.16078 0.25098 0.37647
0.15686 0.24314 0.37255
0.16078 0.2549 0.37647
0.15686 0.2549 0.37255
0.14902 0.24706 0.36471
0.14902 0.25098 0.35686
0.16863 0.26275 0.37255
0.16078 0.24706 0.36078
0.15686 0.24314 0.35294
0.15294 0.24706 0.35686
0.1451 0.23922 0.34902
0.16078 0.2549 0.36471
0.16471 0.25882 0.36863
0.14902 0.24314 0.34902
