0.29412 0.41961 0.56863
0.30196 0.42745 0.57647
0.28235 0.41569 0.56078
0.29412 0.42745 0.57255
0.27843 0.41176 0.55686
0.27451 0.40784 0.55294
0.27451 0.40784 0.55294
0.29804 0.42745 0.57255
0.28235 0.41569 0.56078
0.27451 0.40784 0.55294
0.27843 0.41176 0.55686
0.30196 0.43137 0.58039
0.28627 0.41961 0.56471
0.27451 0.40784 0.54902
0.28235 0.41569 0.56471
0.30196 0.43137 0.57647
0.27843 0.41569 0.56078
0.27451 0.40392 0.54902
0.28235 0.41569 0.56078
0.29804 0.42353 0.57255
0.28627 0.41176 0.56078
0.28235 0.40784 0.55686
0.28235 0.40784 0.55686
0.29412 0.42353 0.57647
0.2902 0.41961 0.56863
0.27451 0.40392 0.55294
0.28627 0.41176 0.56078
0.28235 0.40784 0.55686
0.2902 0.42353 0.56863
0.27843 0.41569 0.56078
0.28627 0.41961 0.56471
0.28235 0.41569 0.56078
0.28627 0.41569 0.56471
