0.89412 0.8902 0.8902
0.90588 0.87843 0.87059
0.91373 0.89412 0.87843
0.85882 0.8549 0.86667
0.87451 0.86667 0.86667
0.91373 0.8902 0.8902
0.90196 0.88627 0.8902
0.95294 0.9451 0.96078
0.92157 0.93725 0.95686
0.83922 0.84314 0.83922
0.8549 0.84314 0.84706
0.9098 0.8902 0.89412
0.96078 0.93725 0.96471
0.96863 0.96078 0.98824
0.44706 0.44314 0.49804
0.84314 0.83922 0.84706
0.90588 0.89412 0.90196
0.90196 0.87451 0.87843
0.91765 0.89804 0.90588
0.96078 0.95686 0.98039
0.82745 0.82745 0.84706
0.8902 0.87843 0.88627
0.91765 0.89804 0.88627
0.9098 0.89412 0.8902
0.98431 0.98431 0.98039
0.89412 0.90588 0.91373
0.91373 0.8902 0.88235
0.90196 0.8902 0.86667
0.90588 0.89804 0.88235
