0.3451 0.29804 0.20392
0.34902 0.29412 0.18824
0.34118 0.2902 0.19608
0.34902 0.30196 0.21176
0.36078 0.31765 0.21569
0.34118 0.30196 0.19608
0.33725 0.27451 0.18431
0.33725 0.28235 0.19216
0.34902 0.30196 0.21569
0.37255 0.32549 0.23529
0.36471 0.32549 0.23922
0.34902 0.2902 0.19608
0.34902 0.2902 0.20784
0.35294 0.30588 0.21961
0.35686 0.30196 0.22353
0.32549 0.28235 0.20784
0.36078 0.30196 0.21569
0.36078 0.30196 0.21961
0.3451 0.29804 0.21961
0.34118 0.28627 0.20784
0.34902 0.29412 0.21961
0.3451 0.29412 0.22745
0.33333 0.28235 0.20784
