0.16863 0.21961 0.27059
0.17255 0.23922 0.3098
0.16078 0.22745 0.29804
0.15686 0.22353 0.29412
0.19608 0.22353 0.27843
0.15294 0.21569 0.30196
0.16471 0.23137 0.3098
0.16471 0.23137 0.3098
0.15294 0.22353 0.29804
0.15686 0.21961 0.30588
0.17647 0.21961 0.31373
0.23137 0.23922 0.30588
0.16471 0.24314 0.33333
0.13725 0.21176 0.29412
0.14902 0.21961 0.29804
0.16471 0.23137 0.3098
0.17255 0.23922 0.31765
0.16078 0.22745 0.30196
0.15686 0.22353 0.30196
0.17255 0.23137 0.32157
0.16863 0.20392 0.28627
0.15686 0.24314 0.32157
0.16471 0.25098 0.32549
0.14118 0.21569 0.29412
0.1451 0.21569 0.2902
0.15686 0.22745 0.29804
0.16471 0.23137 0.30588
0.15294 0.21961 0.29412
0.15686 0.21961 0.29412
0.16471 0.21961 0.30196
0.16471 0.21176 0.2902
0.41961 0.42353 0.42745
0.16863 0.2549 0.32941
0.16863 0.2549 0.32941
0.14902 0.22353 0.30196
0.14118 0.21569 0.28627
0.15294 0.22745 0.2902
0.16471 0.23137 0.30196
0.14902 0.21569 0.2902
0.14902 0.21961 0.29804
0.16471 0.23137 0.3098
0.15686 0.22353 0.30196
0.32941 0.35294 0.37647
0.15686 0.24706 0.32157
0.17647 0.26275 0.33333
0.16471 0.23922 0.31373
0.14118 0.21176 0.28627
0.15686 0.23137 0.29804
0.15294 0.21961 0.2902
0.14902 0.21569 0.2902
0.1451 0.21176 0.2902
0.15686 0.22745 0.30588
0.15294 0.22745 0.30196
0.26667 0.30196 0.3451
0.15686 0.24706 0.32157
0.16863 0.25098 0.32549
0.17255 0.25098 0.32549
0.14118 0.21569 0.2902
0.16471 0.24314 0.3098
0.16471 0.23137 0.30196
0.15686 0.22353 0.29412
0.14902 0.21176 0.2902
0.14902 0.21961 0.29412
0.14902 0.22745 0.29804
0.21569 0.26275 0.31373
0.16471 0.2549 0.32549
0.17255 0.2549 0.32941
0.13725 0.22353 0.29412
0.16078 0.23922 0.30588
0.16471 0.23922 0.30588
0.16471 0.23137 0.30196
0.15686 0.22353 0.29412
0.15294 0.22353 0.2902
0.15686 0.23529 0.30196
0.17647 0.23922 0.2902
0.16471 0.2549 0.32549
0.18824 0.27059 0.3451
0.15294 0.23529 0.30588
0.15294 0.22745 0.29804
0.16471 0.23529 0.30588
0.16471 0.23137 0.30196
0.14902 0.21569 0.28627
0.16078 0.22353 0.29412
0.16078 0.22745 0.29804
0.15294 0.22353 0.28235
0.18824 0.27059 0.34118
0.17255 0.25882 0.32549
0.15686 0.23529 0.29804
0.15686 0.22745 0.29412
0.15686 0.22353 0.29412
0.1451 0.21176 0.28235
0.16078 0.21569 0.2902
0.17255 0.22745 0.30196
0.14118 0.21176 0.28235
0.18039 0.26275 0.32941
0.17647 0.26275 0.32157
0.16863 0.24706 0.30196
0.16078 0.23137 0.29412
0.15294 0.21961 0.28627
0.14902 0.21176 0.28627
0.14902 0.20392 0.27843
0.16863 0.21961 0.29804
0.14118 0.2 0.28627
0.15294 0.21569 0.2902
0.1451 0.20392 0.27843
