0.48235 0.58431 0.72941
0.48235 0.58431 0.72941
0.48235 0.58431 0.72941
0.47843 0.57647 0.72549
0.48627 0.58431 0.72941
0.48235 0.58431 0.72941
0.4902 0.58431 0.73333
0.49412 0.58431 0.73333
0.49412 0.58431 0.72549
0.49412 0.58431 0.72941
0.49412 0.58824 0.72941
0.4902 0.58039 0.72549
0.50196 0.58431 0.72941
0.49804 0.58431 0.72549
0.48235 0.58039 0.73725
0.48235 0.58039 0.73725
0.47843 0.57647 0.73333
0.47843 0.57647 0.73333
0.48235 0.57647 0.72549
0.48627 0.58431 0.72941
0.48235 0.58431 0.72941
0.48627 0.58431 0.72941
0.4902 0.58431 0.73333
0.4902 0.58431 0.73333
0.49412 0.58824 0.72941
0.4902 0.58431 0.72549
0.49412 0.58824 0.72941
0.49412 0.58431 0.72941
0.50196 0.58431 0.72941
0.50588 0.58824 0.73333
0.50196 0.58039 0.72549
0.47059 0.57255 0.72941
0.47451 0.57255 0.72941
0.47843 0.57255 0.72941
0.48235 0.57647 0.73725
0.47843 0.57255 0.72941
0.48235 0.57255 0.73333
0.49412 0.58431 0.7451
0.4902 0.58039 0.74118
0.48627 0.57647 0.73725
0.49412 0.57647 0.73725
0.4902 0.57647 0.73725
0.4902 0.58039 0.74118
0.4902 0.58431 0.73333
0.48627 0.58039 0.72941
0.48627 0.58039 0.72941
0.48627 0.58431 0.72549
0.4902 0.58431 0.72549
0.48627 0.58039 0.72549
0.4902 0.58431 0.72549
0.4902 0.58431 0.72549
0.50196 0.58824 0.73333
0.50196 0.58824 0.72941
0.50588 0.59608 0.72941
0.47843 0.57647 0.74118
0.48235 0.58039 0.73725
0.47843 0.57647 0.73333
0.47843 0.57647 0.73333
0.48235 0.57255 0.73333
0.48627 0.57647 0.73725
0.47843 0.57255 0.73333
0.48627 0.57647 0.73725
0.4902 0.58039 0.74118
0.48627 0.58039 0.74118
0.48627 0.57647 0.73725
0.4902 0.57647 0.73725
0.49804 0.58431 0.7451
0.49412 0.58039 0.74118
0.4902 0.58431 0.73333
0.4902 0.58431 0.73333
0.4902 0.58431 0.73333
0.4902 0.58431 0.72549
0.49412 0.58824 0.72941
0.49412 0.58824 0.72941
0.49412 0.58824 0.72941
0.48627 0.58039 0.72157
0.49804 0.58431 0.72941
0.50588 0.59608 0.73333
0.50196 0.59216 0.72549
0.47843 0.57255 0.74118
0.47451 0.57255 0.73333
0.47059 0.56863 0.72549
0.48235 0.58039 0.73725
0.48235 0.57647 0.73725
0.48235 0.57255 0.73333
0.47843 0.57647 0.73333
0.47843 0.57647 0.73333
0.47843 0.57647 0.73333
0.48627 0.57647 0.73725
0.48627 0.57647 0.73725
0.48627 0.56863 0.73333
0.4902 0.57647 0.73725
0.4902 0.57647 0.73725
0.48235 0.57647 0.72549
0.48627 0.58039 0.72941
0.48627 0.58039 0.72941
0.49412 0.58824 0.72941
0.49412 0.58824 0.72941
0.49804 0.59216 0.73333
0.4902 0.58431 0.72549
0.4902 0.58431 0.72549
0.49804 0.58431 0.72941
0.50196 0.58824 0.72549
0.50196 0.59216 0.72549
0.47451 0.57255 0.73333
0.47451 0.57255 0.73333
0.47843 0.57647 0.73725
0.47843 0.57255 0.73333
0.48235 0.57647 0.73333
0.48235 0.58039 0.73725
0.47451 0.57255 0.72941
0.48235 0.58039 0.73725
0.48627 0.58431 0.74118
0.48627 0.57647 0.73333
0.48235 0.57647 0.72941
0.48627 0.57647 0.72941
0.4902 0.58431 0.73725
0.4902 0.58431 0.73333
0.48627 0.58039 0.72941
0.4902 0.58431 0.73333
0.49412 0.58824 0.72941
0.4902 0.58431 0.72549
0.49804 0.59216 0.73333
0.49804 0.59216 0.73333
0.49412 0.58824 0.72941
0.49804 0.58824 0.73333
0.49412 0.58431 0.72549
0.49804 0.59216 0.72941
0.47843 0.57647 0.73725
0.47451 0.57255 0.73333
0.47843 0.57647 0.73725
0.47843 0.56863 0.72941
0.48627 0.57647 0.73725
0.48235 0.58039 0.73725
0.48235 0.58039 0.73725
0.47843 0.57647 0.73333
0.47843 0.57647 0.73333
0.48235 0.58039 0.73333
0.49412 0.58824 0.73333
0.4902 0.58431 0.73333
0.4902 0.58431 0.73333
0.48627 0.58039 0.72941
0.48627 0.58039 0.72941
0.49412 0.58824 0.73333
0.4902 0.58431 0.72941
0.48627 0.58039 0.72157
0.4902 0.58431 0.72549
0.49804 0.59216 0.73333
0.4902 0.58431 0.72549
0.49804 0.59216 0.73333
0.49804 0.59216 0.73333
0.49804 0.59216 0.73333
0.49412 0.58824 0.72941
0.47451 0.57255 0.73333
0.47451 0.57255 0.73333
0.48235 0.58039 0.74118
0.47843 0.57255 0.73333
0.47843 0.56863 0.72941
0.47843 0.57647 0.73333
0.48235 0.58039 0.73725
0.47843 0.57647 0.73333
0.47451 0.57647 0.73333
0.48235 0.57647 0.73333
0.49412 0.58431 0.73333
0.48627 0.58039 0.72941
0.48235 0.57647 0.72549
0.48235 0.57647 0.72549
0.48627 0.58039 0.72941
0.49412 0.58824 0.73333
0.49412 0.58824 0.72941
0.4902 0.58431 0.72157
0.49412 0.58824 0.72941
0.49412 0.58824 0.72941
0.49412 0.58824 0.72941
0.50196 0.59608 0.73725
0.49412 0.58824 0.72941
0.49412 0.58824 0.72941
0.49804 0.59216 0.73333
0.48235 0.57647 0.7451
0.47843 0.57647 0.73725
0.47451 0.57255 0.73333
0.47843 0.57647 0.73725
0.48627 0.58039 0.74118
0.47843 0.57255 0.73333
0.47451 0.57255 0.72941
0.47843 0.57647 0.73333
0.47843 0.57647 0.73333
0.48235 0.58039 0.73725
0.48235 0.58039 0.73725
0.48235 0.57647 0.72941
0.48627 0.58039 0.73333
0.48627 0.58039 0.73333
0.48627 0.57647 0.72549
0.48627 0.58039 0.72941
0.4902 0.58431 0.72941
0.49412 0.58824 0.73333
0.49412 0.58824 0.73333
0.49412 0.58824 0.72941
0.49412 0.58824 0.72941
0.49804 0.59216 0.73333
0.4902 0.58431 0.72549
0.4902 0.58431 0.72549
0.4902 0.58431 0.72549
0.49412 0.58824 0.72941
0.47059 0.58039 0.73333
0.47451 0.58039 0.73725
0.47059 0.57255 0.72941
0.47451 0.57255 0.73333
0.47843 0.57647 0.73725
0.47451 0.57647 0.73725
0.47451 0.57255 0.72941
0.47843 0.57647 0.73333
0.47451 0.57255 0.72941
0.47843 0.57647 0.73333
0.48627 0.58039 0.73725
0.48627 0.57647 0.73725
0.48235 0.57255 0.73333
0.4902 0.57647 0.73725
0.49412 0.58039 0.73333
0.4902 0.58039 0.72941
0.48627 0.58431 0.72941
0.4902 0.58431 0.73725
0.49412 0.58824 0.73333
0.4902 0.58431 0.72549
0.4902 0.58431 0.72549
0.49412 0.58824 0.72941
0.4902 0.58431 0.72549
0.49412 0.58824 0.72941
0.49412 0.58824 0.72941
0.4902 0.58431 0.72549
0.47059 0.57255 0.73725
0.47059 0.58039 0.73333
0.47451 0.58431 0.74118
0.47451 0.57647 0.73725
0.47843 0.57647 0.73725
0.47843 0.57647 0.73725
0.47451 0.57255 0.73333
0.47843 0.57647 0.73333
0.47843 0.57647 0.73333
0.47843 0.57647 0.73333
0.47843 0.57647 0.73333
0.48235 0.57647 0.73333
0.4902 0.58039 0.74118
0.4902 0.58039 0.7451
0.4902 0.58039 0.73725
0.49804 0.58431 0.73725
0.4902 0.58039 0.72941
0.48235 0.57647 0.72549
0.4902 0.58431 0.73333
0.49412 0.58824 0.73333
0.4902 0.58431 0.72549
0.4902 0.58431 0.72549
0.49412 0.58824 0.73333
0.49412 0.58824 0.72941
0.4902 0.58431 0.72549
0.49412 0.58824 0.72941
0.49804 0.59216 0.73333
0.49804 0.59216 0.73333
0.47843 0.57255 0.73725
0.48235 0.58039 0.74118
0.48235 0.57647 0.74118
0.47451 0.57255 0.73333
0.48235 0.58039 0.74118
0.47843 0.57647 0.73725
0.47451 0.57255 0.73333
0.47843 0.57647 0.73333
0.48235 0.58039 0.73725
0.47843 0.57647 0.73333
0.48627 0.58039 0.73725
0.4902 0.58431 0.74118
0.4902 0.58039 0.74118
0.48627 0.58039 0.73725
0.4902 0.58039 0.73725
0.49412 0.58431 0.73333
0.49804 0.59216 0.74118
0.48627 0.58431 0.72941
0.48627 0.58039 0.73333
0.4902 0.58824 0.73333
0.4902 0.58431 0.72549
0.49412 0.58824 0.72549
0.49412 0.58824 0.72941
0.50588 0.59608 0.73725
0.49804 0.58824 0.72941
0.4902 0.58431 0.72549
0.48627 0.58039 0.74118
0.48627 0.57647 0.73725
0.48235 0.57255 0.73725
0.48235 0.56863 0.73333
0.47843 0.57255 0.73725
0.47059 0.56863 0.72941
0.47451 0.57255 0.73333
0.47451 0.57255 0.73333
0.47843 0.57647 0.73725
0.48627 0.58039 0.74118
0.48235 0.57255 0.73333
0.48627 0.57647 0.73725
0.49412 0.58431 0.7451
0.4902 0.58039 0.74118
0.48235 0.57647 0.72941
0.48235 0.58039 0.72549
0.48627 0.58824 0.73333
0.48235 0.58824 0.73333
0.48235 0.58824 0.72941
0.48235 0.57647 0.72549
0.48627 0.58039 0.72549
0.49412 0.58824 0.72549
0.49412 0.58824 0.72157
0.49804 0.59216 0.72157
0.49804 0.58431 0.72941
0.49804 0.58039 0.72941
0.49804 0.58431 0.72941
0.48235 0.57647 0.73725
0.47451 0.56863 0.73333
0.47451 0.56863 0.73333
0.47843 0.57255 0.73333
0.47451 0.57255 0.73333
0.47451 0.57255 0.73333
0.47843 0.57647 0.73725
0.47451 0.57255 0.73333
0.47451 0.56863 0.72941
0.48235 0.57255 0.73333
0.48627 0.57647 0.73725
0.4902 0.58039 0.74118
0.4902 0.58039 0.74118
0.48627 0.57647 0.72941
0.48235 0.57647 0.72549
0.47843 0.58039 0.72549
0.47843 0.58039 0.72549
0.48627 0.58431 0.73333
0.49412 0.58039 0.73333
0.49412 0.58039 0.73333
0.49804 0.58824 0.73725
0.49412 0.58431 0.72549
0.49412 0.58431 0.72157
0.49804 0.58431 0.72941
0.50196 0.58824 0.73333
0.49804 0.58431 0.72941
0.46275 0.57255 0.72941
0.47059 0.57647 0.73725
0.47451 0.57255 0.73725
0.47059 0.56863 0.72941
0.47451 0.57255 0.73333
0.46667 0.56471 0.72549
0.47451 0.57255 0.73333
0.47451 0.57255 0.73333
0.47843 0.57647 0.73725
0.48235 0.57647 0.73725
0.48627 0.57647 0.73725
0.47843 0.57255 0.73333
0.48235 0.57255 0.73333
0.48627 0.57647 0.73725
0.4902 0.58431 0.73333
0.48235 0.58039 0.72549
0.48235 0.58431 0.72941
0.48627 0.58039 0.72941
0.49412 0.58431 0.73333
0.4902 0.57647 0.72941
0.49804 0.58039 0.73333
0.49412 0.58039 0.73333
0.49412 0.58039 0.72941
0.49804 0.58431 0.72941
0.50196 0.58824 0.73333
0.47451 0.57255 0.73333
0.47451 0.57255 0.73333
0.47843 0.57647 0.73725
0.47843 0.57647 0.73725
0.47451 0.56863 0.72941
0.48235 0.57255 0.73725
0.48235 0.57255 0.73725
0.48627 0.57647 0.73725
0.47451 0.57255 0.72941
0.47451 0.57255 0.72549
0.47843 0.58039 0.72549
0.4902 0.58431 0.73333
0.49412 0.58824 0.73725
0.49412 0.58824 0.73725
0.48235 0.57647 0.72549
0.49412 0.58824 0.73725
0.4902 0.58431 0.73333
0.49412 0.58431 0.73725
0.49804 0.58039 0.73725
0.49804 0.58039 0.73333
0.49412 0.58039 0.72941
0.49804 0.58039 0.72549
0.47451 0.57255 0.73725
0.47059 0.56863 0.72941
0.47843 0.57647 0.73725
0.47843 0.57647 0.73725
0.47451 0.57255 0.73333
0.48627 0.57647 0.74118
0.4902 0.58039 0.7451
0.4902 0.58039 0.74118
0.47843 0.57647 0.73333
0.48235 0.58431 0.73725
0.48627 0.58824 0.73333
0.48627 0.58431 0.72941
0.4902 0.58431 0.73333
0.49412 0.58824 0.73725
0.4902 0.58431 0.73333
0.48627 0.58039 0.72941
0.49804 0.59216 0.74118
0.49412 0.58824 0.73725
0.49412 0.58431 0.73333
0.49412 0.58431 0.73725
0.49804 0.58824 0.73725
0.47451 0.57647 0.7451
0.47843 0.58039 0.74118
0.47843 0.57647 0.73725
0.47843 0.57647 0.73725
0.47059 0.56863 0.72941
0.47843 0.57647 0.73725
0.4902 0.58039 0.7451
0.48627 0.57647 0.74118
0.48627 0.57647 0.73725
0.47843 0.57647 0.73333
0.48235 0.58039 0.73333
0.48235 0.58431 0.72941
0.48627 0.58431 0.73333
0.4902 0.58431 0.73333
0.4902 0.58431 0.73333
0.49412 0.58824 0.73725
0.4902 0.58431 0.73333
0.49412 0.58824 0.73725
0.49804 0.59216 0.74118
0.49412 0.58824 0.73725
0.49412 0.58824 0.73725
0.49412 0.58824 0.73725
0.46275 0.57255 0.72941
0.46667 0.56078 0.73333
0.48235 0.57647 0.7451
0.48235 0.58039 0.74118
0.48235 0.58039 0.74118
0.48235 0.58039 0.74118
0.48235 0.57647 0.73725
0.48235 0.57647 0.74118
0.47843 0.57255 0.73333
0.48235 0.58039 0.73725
0.48235 0.58039 0.73725
0.47843 0.57647 0.73333
0.48235 0.58431 0.73333
0.48627 0.58824 0.73333
0.48627 0.58039 0.72941
0.4902 0.58431 0.73333
0.49412 0.58824 0.73725
0.4902 0.58431 0.73333
0.4902 0.58431 0.73333
0.4902 0.58431 0.73333
0.49412 0.58824 0.73725
0.4902 0.58431 0.73333
0.47451 0.56863 0.74118
0.47843 0.57255 0.73725
0.47843 0.57647 0.73725
0.47843 0.57647 0.73725
0.47843 0.58039 0.74118
0.47843 0.58039 0.74118
0.47843 0.58039 0.73725
0.48235 0.58039 0.74118
0.48235 0.58039 0.73725
0.48235 0.58431 0.74118
0.48627 0.58431 0.74118
0.47843 0.58039 0.72941
0.48627 0.58824 0.73333
0.49412 0.58824 0.73725
0.48627 0.58039 0.72941
0.49412 0.58824 0.73725
0.49412 0.58824 0.73725
0.4902 0.58431 0.73333
0.49412 0.58824 0.73725
0.48627 0.58431 0.7451
0.47843 0.57647 0.73725
0.47843 0.58039 0.74118
0.47451 0.58431 0.74118
0.46275 0.57255 0.72941
0.47059 0.58039 0.73725
0.47451 0.58431 0.73725
0.47843 0.58824 0.74118
0.48235 0.59216 0.7451
0.48235 0.58431 0.73333
0.4902 0.58824 0.73333
0.49804 0.59216 0.74118
0.4902 0.58431 0.73333
0.49804 0.59216 0.74118
0.4902 0.58431 0.73333
0.48235 0.58039 0.74118
0.48627 0.58824 0.74902
0.47451 0.57647 0.73333
0.47451 0.57647 0.73333
0.47843 0.58431 0.73725
0.4902 0.59216 0.7451
0.4902 0.58431 0.7451
0.47843 0.58039 0.73333
0.48235 0.58431 0.73725
0.48627 0.58431 0.73725
0.4902 0.58824 0.73725
0.47843 0.57647 0.73333
0.47843 0.58431 0.74118
0.48627 0.58431 0.74118
0.48627 0.57647 0.73725
0.48235 0.57647 0.73725
0.48235 0.58039 0.73725
0.48235 0.57647 0.73725
0.48627 0.58431 0.73725
0.48235 0.58431 0.73725
0.48235 0.58824 0.74118
0.4902 0.58824 0.7451
0.4902 0.58039 0.74118
0.4902 0.58039 0.74118
0.4902 0.57647 0.74118
0.4902 0.58039 0.73725
