0.21176 0.21176 0.12157
0.1451 0.14902 0.062745
0.16078 0.17647 0.086275
0.19608 0.21176 0.12549
0.18039 0.19608 0.1098
0.12941 0.1451 0.062745
0.14118 0.15294 0.082353
0.12941 0.16471 0.070588
0.17255 0.20784 0.11373
0.18431 0.21569 0.12157
0.14118 0.16863 0.078431
0.15294 0.18039 0.10588
0.14902 0.19608 0.086275
0.1451 0.18824 0.086275
0.16863 0.21176 0.11373
0.15294 0.18824 0.098039
0.13725 0.17647 0.066667
0.12941 0.15294 0.070588
0.12941 0.16471 0.054902
0.10196 0.13725 0.039216
0.086275 0.12549 0.039216
0.18039 0.22353 0.1098
0.13725 0.16078 0.07451
0.17255 0.18824 0.10196
0.13333 0.1451 0.066667
0.1098 0.12549 0.043137
0.10588 0.13725 0.054902
0.13333 0.16863 0.07451
0.13725 0.14902 0.078431
0.14118 0.17255 0.078431
0.1098 0.13333 0.047059
0.14118 0.16078 0.078431
0.12157 0.14902 0.078431
0.094118 0.12157 0.05098
0.1451 0.15686 0.094118
0.094118 0.12941 0.031373
0.12157 0.15294 0.058824
0.26667 0.29804 0.20784
0.12941 0.15686 0.070588
0.11373 0.13725 0.05098
0.16863 0.2 0.10588
0.1451 0.16471 0.090196
0.15294 0.17647 0.090196
0.12157 0.14118 0.058824
0.14118 0.16078 0.078431
0.13333 0.15294 0.07451
