0.27059 0.55294 0.74902
0.2 0.45882 0.66275
0.2549 0.5451 0.7451
0.27451 0.55294 0.74902
0.34902 0.57647 0.71765
0.2 0.43529 0.62745
0.26667 0.55294 0.74118
0.28235 0.56471 0.74118
0.33725 0.57255 0.72549
0.50588 0.59216 0.64706
0.18824 0.41569 0.6
0.29412 0.56471 0.74118
0.29804 0.56471 0.74118
0.30196 0.55686 0.72157
0.41961 0.55294 0.63529
0.17647 0.4 0.57647
0.31765 0.56863 0.73333
0.31373 0.56078 0.74118
0.2902 0.55294 0.72941
0.36863 0.5451 0.65098
0.16078 0.36863 0.54902
0.30196 0.55686 0.73333
0.31373 0.56471 0.7451
0.29412 0.55686 0.73725
0.33333 0.54118 0.66275
0.14902 0.36863 0.5451
0.2902 0.55294 0.72941
0.30588 0.56863 0.7451
0.29412 0.56078 0.74118
0.30588 0.54118 0.68235
0.12941 0.36078 0.52941
0.29412 0.56078 0.73725
0.29804 0.56078 0.73725
0.29804 0.56471 0.74118
0.30196 0.55294 0.7098
0.2902 0.56078 0.74118
0.2902 0.55686 0.73725
0.29412 0.56078 0.74118
0.3098 0.55686 0.71373
0.27843 0.54902 0.73333
0.2902 0.56078 0.7451
0.29804 0.56863 0.75294
0.3098 0.56078 0.71373
0.27843 0.56078 0.74118
0.2902 0.56863 0.74902
0.28627 0.56863 0.75294
0.32941 0.56078 0.71765
0.27059 0.5451 0.72941
0.2902 0.56863 0.75686
0.27843 0.55686 0.74902
0.34118 0.56471 0.72157
0.26667 0.54118 0.73333
0.27843 0.56078 0.74902
0.28235 0.55686 0.75294
0.34118 0.56471 0.7098
0.26275 0.5451 0.73725
0.27451 0.56471 0.74902
0.28235 0.56863 0.75686
0.34902 0.56078 0.69804
0.2549 0.5451 0.72549
0.27451 0.56863 0.75294
0.28235 0.57255 0.75686
0.35686 0.55686 0.6902
0.23922 0.53725 0.7098
0.27451 0.56471 0.74902
0.28235 0.57255 0.7451
0.37255 0.56471 0.6902
0.23922 0.52941 0.71373
0.28627 0.57255 0.75686
0.29412 0.57647 0.7451
0.39216 0.57647 0.67843
0.23137 0.51765 0.70196
0.2902 0.57255 0.75294
0.29412 0.56863 0.73333
0.40784 0.58431 0.67059
0.23922 0.51373 0.68627
0.30196 0.58039 0.75294
0.30196 0.56471 0.7451
0.41569 0.58431 0.66667
0.2549 0.49804 0.68235
0.30588 0.57647 0.75294
0.30196 0.56863 0.7451
0.43529 0.57647 0.65882
0.24314 0.49412 0.67451
0.29804 0.56863 0.7451
0.30196 0.56471 0.74118
0.46667 0.58039 0.66275
0.22745 0.4902 0.65882
0.30588 0.57647 0.74902
0.31765 0.57255 0.7451
0.46667 0.58039 0.66667
0.22353 0.47843 0.6549
0.30588 0.56863 0.7451
0.31765 0.56863 0.73333
0.46275 0.57255 0.6549
0.23529 0.48235 0.66667
0.31373 0.56863 0.7451
0.32549 0.56863 0.72941
0.22745 0.47843 0.66275
0.32157 0.57647 0.76078
0.34118 0.57647 0.73333
0.21569 0.48235 0.66275
0.31765 0.58039 0.76863
0.3451 0.56863 0.72941
0.21961 0.48235 0.66275
0.29412 0.58039 0.75686
0.33725 0.56863 0.72549
0.20392 0.45882 0.64314
0.27843 0.58039 0.76078
0.32941 0.57255 0.72941
0.19608 0.46275 0.65098
0.27451 0.57647 0.76471
0.33333 0.57255 0.73333
0.19216 0.45882 0.65098
0.27451 0.58039 0.76471
0.34902 0.56863 0.72549
0.17255 0.44706 0.64314
0.28235 0.58431 0.76471
0.35686 0.56863 0.72549
0.16863 0.45882 0.65098
0.29412 0.58039 0.76078
0.36078 0.58039 0.72941
0.18039 0.4549 0.65098
0.30588 0.58431 0.76471
0.34902 0.57255 0.72157
0.18824 0.4549 0.65098
0.29804 0.57647 0.76078
0.35686 0.58039 0.72941
0.19608 0.45882 0.64706
0.29412 0.57647 0.75686
0.36078 0.58039 0.72941
0.2 0.46275 0.65098
0.2902 0.57255 0.75294
0.36078 0.58039 0.72941
0.20784 0.47451 0.66275
0.29804 0.58039 0.76078
0.35294 0.57255 0.72157
0.19216 0.48235 0.67059
0.29804 0.58431 0.76863
0.36471 0.57647 0.72157
0.18824 0.48627 0.67843
0.29412 0.57647 0.76863
0.36471 0.57255 0.70588
0.2 0.50196 0.70196
0.29804 0.58039 0.78039
0.37255 0.57647 0.69804
0.20392 0.50588 0.69412
0.2902 0.57255 0.77255
0.37647 0.57647 0.69412
0.21569 0.5098 0.6902
0.28627 0.57255 0.76863
0.38824 0.58039 0.6902
0.22353 0.51373 0.6902
0.2902 0.58039 0.76863
0.41569 0.59608 0.70588
0.23922 0.51765 0.70196
0.29412 0.58431 0.75686
0.41961 0.59216 0.69412
0.23529 0.51373 0.70588
0.29804 0.58824 0.74902
0.42353 0.59608 0.69412
0.22745 0.51373 0.70588
0.30588 0.58824 0.75294
0.42353 0.58824 0.6902
0.23137 0.51765 0.70196
0.30196 0.58431 0.74902
0.43529 0.59216 0.68627
0.25098 0.52941 0.70588
0.31373 0.59216 0.76471
0.43137 0.59216 0.66667
0.25882 0.54902 0.72157
0.31373 0.58824 0.76078
0.25882 0.54902 0.72157
0.30588 0.58431 0.75294
0.26275 0.56471 0.73333
0.30196 0.58431 0.74902
