0.61176 0.56863 0.50196
0.60392 0.56471 0.51765
0.59216 0.55294 0.50196
0.63529 0.6 0.52941
0.63529 0.58824 0.53725
0.59608 0.55686 0.5098
0.58431 0.54118 0.49804
0.64314 0.60392 0.53725
0.62353 0.57647 0.52549
0.58431 0.5451 0.49804
0.57647 0.53333 0.4902
0.66667 0.61961 0.56078
0.61569 0.56863 0.51765
0.58039 0.54118 0.49804
0.57647 0.53725 0.49412
0.68235 0.63922 0.57647
0.60784 0.56471 0.51373
0.57255 0.52941 0.48627
0.71373 0.66667 0.6
0.74902 0.69804 0.62353
0.79608 0.7451 0.67059
0.83137 0.78431 0.70588
0.86667 0.81961 0.73725
0.90588 0.85098 0.75686
