0.086275 0.078431 0.098039
0.098039 0.090196 0.1098
0.094118 0.094118 0.11373
0.090196 0.094118 0.11765
0.090196 0.094118 0.11765
0.094118 0.098039 0.12157
0.094118 0.098039 0.11765
0.098039 0.10196 0.11765
0.11373 0.11373 0.13333
0.10196 0.10196 0.12941
0.10196 0.10196 0.13333
0.10588 0.10588 0.13725
0.10196 0.10196 0.12941
0.10196 0.10588 0.12549
0.098039 0.10588 0.12549
0.094118 0.098039 0.12941
0.098039 0.098039 0.13333
0.10588 0.10588 0.14118
0.10196 0.10196 0.14118
0.098039 0.098039 0.13725
0.1098 0.11373 0.14118
