0.92941 0.88235 0.80784
0.93333 0.88235 0.80784
0.93725 0.88627 0.81176
0.93333 0.88627 0.81176
0.93725 0.89412 0.81569
0.92941 0.88235 0.80784
0.93333 0.88235 0.80784
0.93725 0.88627 0.81176
0.94118 0.89412 0.81569
0.94118 0.89804 0.81961
0.92941 0.88235 0.80784
0.93725 0.88627 0.81176
0.94118 0.8902 0.81569
0.94118 0.89412 0.81569
0.9451 0.90196 0.82353
0.92549 0.88235 0.80392
0.93333 0.88235 0.80784
0.94118 0.8902 0.81569
0.94118 0.8902 0.81569
0.94118 0.89412 0.81961
0.9451 0.91373 0.83137
0.93333 0.88627 0.81176
0.93725 0.88627 0.81176
0.95294 0.89804 0.82745
0.94902 0.90588 0.82745
0.96078 0.92941 0.84706
0.93725 0.8902 0.81569
0.9451 0.89412 0.81961
0.94902 0.89804 0.82353
0.95686 0.9098 0.83529
0.94118 0.89412 0.81961
0.9451 0.89804 0.82353
0.96863 0.92941 0.8549
0.94118 0.90196 0.82353
0.94902 0.90588 0.83529
0.98824 0.95686 0.88627
0.9451 0.90588 0.82745
0.96863 0.94118 0.86275
0.95294 0.91765 0.83922
0.96863 0.94118 0.86667
