0.31373 0.39608 0.5451
0.32157 0.40392 0.55294
0.30588 0.39608 0.55294
0.34902 0.41961 0.56471
0.32549 0.4 0.54902
0.31373 0.39216 0.53725
0.2902 0.37647 0.52549
0.34118 0.41569 0.56078
0.32549 0.40392 0.54902
0.32941 0.40784 0.55294
0.31373 0.39608 0.5451
0.3451 0.41961 0.56471
0.32549 0.40392 0.54902
0.32549 0.40392 0.54902
0.33725 0.41961 0.56863
0.3451 0.41176 0.56078
0.31373 0.38824 0.54118
0.32549 0.40392 0.54902
0.32941 0.41176 0.56078
0.31373 0.39216 0.5451
0.32157 0.4 0.5451
0.31373 0.39608 0.54118
