0.20392 0.25882 0.39216
0.2 0.2549 0.39608
0.21176 0.25882 0.4
0.21176 0.26275 0.40392
0.21569 0.2549 0.39608
0.21569 0.25882 0.4
0.21961 0.27451 0.41176
0.24314 0.28235 0.42353
0.23137 0.27059 0.41176
0.22353 0.26275 0.40392
0.20392 0.25882 0.39608
0.20784 0.26275 0.40392
0.22745 0.26667 0.40784
0.22353 0.26667 0.40784
0.20784 0.26275 0.4
0.20392 0.25882 0.39608
0.22745 0.27059 0.40784
0.21961 0.27059 0.40392
0.22353 0.27451 0.40784
0.21569 0.26667 0.40784
0.23529 0.28235 0.41569
0.21569 0.26667 0.4
0.21961 0.27059 0.40392
0.20784 0.26275 0.4
0.23922 0.27843 0.41569
0.22745 0.27451 0.40784
0.21569 0.26667 0.4
0.21176 0.26275 0.39608
0.21176 0.26275 0.40392
0.21961 0.27059 0.40392
0.22353 0.27451 0.40784
0.21961 0.27059 0.40392
0.21961 0.26667 0.40392
0.19608 0.25098 0.39216
0.23137 0.28235 0.41569
0.21569 0.27059 0.40392
0.21961 0.27451 0.41176
0.22745 0.27843 0.41961
0.20784 0.27059 0.39608
0.2 0.25882 0.39216
0.24314 0.29804 0.43922
