0.23137 0.28235 0.41569
0.23529 0.28627 0.41961
0.23137 0.28235 0.41569
0.21569 0.27451 0.40784
0.21176 0.26667 0.40392
0.29804 0.34902 0.4902
0.24706 0.29804 0.44706
0.24314 0.29804 0.44706
0.23922 0.29412 0.43529
0.24706 0.29804 0.44314
0.23137 0.28235 0.42353
0.22745 0.27843 0.41569
0.23137 0.28235 0.41569
0.23529 0.28627 0.42353
0.21961 0.27451 0.40784
0.21176 0.26667 0.40392
0.23529 0.3098 0.45882
0.30588 0.35686 0.4902
0.24706 0.30196 0.43922
0.23529 0.2902 0.42745
0.23137 0.28627 0.42353
0.2549 0.30588 0.44314
0.24706 0.29804 0.43529
0.22745 0.28235 0.41961
0.22353 0.27843 0.41961
0.23922 0.2902 0.42745
0.21961 0.27059 0.40392
0.20784 0.2549 0.40392
0.22353 0.29412 0.4549
0.32549 0.37647 0.49804
0.2549 0.31373 0.43922
0.23137 0.28627 0.41961
0.23529 0.2902 0.42745
0.25098 0.30196 0.43922
0.26275 0.31373 0.45098
0.24314 0.29412 0.42745
0.23137 0.2902 0.42353
0.22745 0.28235 0.41176
0.21961 0.27059 0.40392
0.20784 0.26275 0.40784
0.22745 0.30588 0.46275
0.32549 0.37647 0.50588
0.25882 0.31765 0.44706
0.23529 0.2902 0.42745
0.23529 0.2902 0.42745
0.25098 0.30196 0.43922
0.27059 0.32157 0.45882
0.24314 0.29412 0.42745
0.25098 0.30588 0.43529
0.23529 0.28627 0.41961
0.21569 0.27059 0.40392
0.2 0.25882 0.40392
0.21176 0.29412 0.45098
0.29804 0.34118 0.47059
0.26275 0.32941 0.46275
0.24706 0.3098 0.44314
0.23137 0.2902 0.42745
0.25098 0.30196 0.43529
0.28627 0.32941 0.45882
0.25882 0.30196 0.42745
0.24314 0.28235 0.41569
0.23529 0.27451 0.41569
0.21961 0.27451 0.40392
0.20784 0.26667 0.40392
0.30588 0.3451 0.47451
0.26667 0.32157 0.45882
0.24314 0.30196 0.43922
0.23922 0.29412 0.43137
0.2549 0.2902 0.42745
0.3098 0.34118 0.47059
0.27843 0.31765 0.43922
0.24706 0.28627 0.41569
0.22745 0.26667 0.4
0.21176 0.27059 0.4
0.20392 0.26275 0.4
0.33333 0.36471 0.49804
0.24706 0.29804 0.43922
0.24314 0.30196 0.43529
0.23137 0.2902 0.42745
0.23922 0.2902 0.42353
0.29804 0.33725 0.46275
0.30196 0.33725 0.4549
0.2549 0.2902 0.41176
0.23529 0.27451 0.40392
0.21176 0.26667 0.39608
0.2 0.25882 0.39608
0.32549 0.37647 0.5098
0.25098 0.30196 0.43922
0.24314 0.30588 0.43922
0.21961 0.28627 0.41569
0.22353 0.28235 0.41961
0.24706 0.30196 0.43137
0.29412 0.33333 0.45098
0.27059 0.30588 0.42745
0.21961 0.26667 0.4
0.21569 0.26667 0.4
0.21569 0.27451 0.40784
0.30588 0.36078 0.4902
0.25098 0.30196 0.43922
0.24314 0.30196 0.43529
0.22353 0.28627 0.41961
0.22745 0.28235 0.42353
0.23529 0.28627 0.42353
0.2902 0.31765 0.45098
0.30196 0.32549 0.45098
0.23137 0.27451 0.40784
0.21569 0.26667 0.4
0.21569 0.27451 0.41176
0.30196 0.36078 0.4902
0.2549 0.3098 0.44314
0.24314 0.30196 0.43529
0.23529 0.2902 0.43137
0.23137 0.27843 0.43137
0.23137 0.27451 0.41961
0.24706 0.2902 0.43137
0.26667 0.30588 0.43529
0.24314 0.29412 0.42353
0.22353 0.27451 0.40784
0.21961 0.27843 0.41569
0.31765 0.38039 0.50588
0.28235 0.33725 0.46667
0.2549 0.30588 0.44706
0.23137 0.27843 0.42745
0.23137 0.28235 0.42745
0.22745 0.27843 0.41569
0.23137 0.28235 0.41961
0.24314 0.29804 0.43137
0.23529 0.2902 0.41961
0.21961 0.27451 0.40784
0.22353 0.27843 0.41569
0.3451 0.40784 0.53725
0.27059 0.32941 0.45882
0.2549 0.30588 0.44314
0.24314 0.2902 0.43922
0.23922 0.28627 0.42745
0.22745 0.27843 0.41961
0.21569 0.27451 0.41176
0.21961 0.28235 0.41176
0.23137 0.29412 0.42353
0.21569 0.27059 0.40784
0.21569 0.27451 0.40784
0.23922 0.32941 0.47451
0.38039 0.43922 0.56863
0.28235 0.33725 0.46667
0.26667 0.31373 0.45098
0.24706 0.29804 0.43529
0.23137 0.28235 0.42745
0.23137 0.27843 0.43137
0.21176 0.26667 0.41176
0.20784 0.26667 0.40392
0.22353 0.28235 0.41569
0.21569 0.27059 0.40784
0.21961 0.27451 0.41176
0.23529 0.32941 0.47451
0.37647 0.43137 0.56471
0.28627 0.34118 0.47451
0.2549 0.3098 0.44314
0.23529 0.28627 0.42745
0.23529 0.28627 0.43529
0.23137 0.28235 0.43529
0.21176 0.26667 0.41569
0.22745 0.27843 0.41961
0.21569 0.27059 0.40784
0.20784 0.26275 0.4
0.21569 0.27059 0.41176
0.24706 0.33333 0.48235
0.36863 0.42745 0.56078
0.27451 0.33333 0.46667
0.25098 0.30588 0.44314
0.22745 0.28235 0.42745
0.21961 0.27451 0.42745
0.23529 0.2902 0.44314
0.21569 0.27059 0.41569
0.21176 0.26667 0.40784
0.21961 0.27451 0.41176
0.21176 0.26275 0.40392
0.21569 0.27451 0.41176
0.36471 0.42353 0.55294
0.27059 0.32549 0.46275
0.24706 0.29804 0.44314
0.23529 0.28627 0.43137
0.22353 0.27843 0.42745
0.23137 0.28627 0.43922
0.22353 0.27059 0.42353
0.21961 0.26667 0.41176
0.22745 0.27843 0.41569
0.21569 0.27059 0.40784
0.20784 0.26667 0.40392
0.40392 0.4549 0.58431
0.27451 0.32941 0.47059
0.23137 0.28627 0.43137
0.23922 0.29804 0.43922
0.23137 0.28627 0.43529
0.22745 0.28235 0.43137
0.22745 0.27843 0.42353
0.22745 0.27843 0.41961
0.23529 0.28627 0.42353
0.22745 0.28235 0.41961
0.21176 0.27059 0.40784
0.41569 0.45098 0.59216
0.31765 0.37647 0.51373
0.23137 0.2902 0.43529
0.23922 0.30196 0.44314
0.22745 0.28235 0.42745
0.23137 0.28627 0.43137
0.22745 0.28235 0.41961
0.22353 0.27843 0.41569
0.22353 0.27843 0.41569
0.38431 0.43137 0.56863
0.36078 0.43137 0.56863
0.38431 0.44314 0.57647
0.34118 0.42353 0.55294
0.37255 0.44314 0.57647
0.3451 0.41569 0.55686
0.37647 0.44706 0.58039
0.35686 0.42745 0.56863
0.38431 0.45882 0.58824
0.35294 0.42353 0.56078
0.37255 0.44706 0.57647
0.35294 0.42745 0.56471
0.37255 0.44706 0.57647
0.34118 0.41961 0.55294
0.29804 0.37647 0.5098
0.38039 0.4549 0.57647
0.36863 0.45098 0.57255
0.28235 0.36078 0.4902
0.41569 0.4902 0.61569
0.39608 0.47059 0.59608
0.40392 0.47843 0.60784
0.30196 0.37647 0.50588
0.40784 0.48235 0.60392
0.38824 0.46275 0.58824
0.31765 0.39216 0.52157
0.38431 0.45882 0.58039
0.33725 0.41176 0.53725
0.31373 0.38824 0.51765
0.41176 0.48627 0.60784
0.34118 0.41569 0.5451
0.3098 0.38039 0.51373
0.41961 0.48235 0.61176
0.35294 0.41569 0.54902
0.33725 0.40784 0.53725
0.42353 0.48627 0.61176
0.3451 0.40784 0.54118
0.33333 0.4 0.52941
0.41176 0.47059 0.6
0.36078 0.41961 0.55294
0.32941 0.38824 0.52549
0.38431 0.43922 0.57647
0.36078 0.41569 0.55686
0.3451 0.4 0.54118
0.36471 0.41961 0.56078
0.35294 0.40784 0.55294
0.34118 0.4 0.54118
0.37255 0.44706 0.57647
0.3451 0.41569 0.55294
0.3451 0.41176 0.55294
0.36078 0.43529 0.56471
0.32549 0.4 0.53333
0.34118 0.41176 0.55294
0.35686 0.43137 0.55686
