0.27451 0.35294 0.48235
0.24706 0.33725 0.46275
0.2549 0.3451 0.47059
0.25882 0.33725 0.46667
0.25882 0.34118 0.46667
0.25882 0.33725 0.46275
0.27059 0.35294 0.47451
0.25882 0.33725 0.45882
0.23922 0.33333 0.45882
0.24314 0.33333 0.4549
0.25882 0.3451 0.46667
0.26667 0.3451 0.46667
0.27843 0.35686 0.47843
0.24314 0.33333 0.46667
0.24314 0.33725 0.46275
0.25098 0.33725 0.46275
0.27451 0.35686 0.47843
0.26667 0.34902 0.46667
0.26275 0.3451 0.46667
0.23922 0.32941 0.45882
0.25882 0.3451 0.47059
0.27059 0.34902 0.47059
0.27843 0.35294 0.47059
0.26275 0.34118 0.4549
0.2549 0.33725 0.45882
0.27059 0.35294 0.47843
0.28235 0.35686 0.47843
0.26667 0.34118 0.45882
0.2549 0.33333 0.45098
0.26667 0.34118 0.46667
