0.16863 0.26275 0.37255
0.16078 0.2549 0.36471
0.16863 0.26275 0.37255
0.16078 0.2549 0.36078
0.16863 0.26275 0.37647
0.16863 0.25882 0.36863
0.16863 0.2549 0.36471
0.16471 0.24706 0.36078
0.18039 0.26275 0.37647
0.16863 0.26275 0.37647
0.17255 0.26667 0.37647
0.16471 0.25098 0.36078
0.16471 0.24706 0.36078
0.17647 0.26275 0.37647
0.16078 0.25098 0.36078
0.16863 0.26275 0.37647
0.16471 0.25882 0.36863
0.15686 0.25098 0.36078
0.16471 0.25882 0.36863
0.16078 0.2549 0.36471
0.16863 0.26275 0.37647
0.16863 0.26275 0.37255
0.16863 0.26275 0.37255
0.17255 0.26667 0.37647
0.15686 0.25098 0.36078
0.15294 0.24706 0.35686
0.17647 0.27059 0.38039
0.17647 0.27059 0.38039
0.16078 0.2549 0.36471
0.14902 0.24314 0.35294
0.16078 0.2549 0.36471
0.17255 0.26667 0.37647
0.17255 0.26667 0.37647
