1 0.97647 0.87451
0.99608 0.96863 0.85882
1 0.97647 0.87451
0.99608 0.98039 0.86667
0.99608 0.96863 0.8549
0.99216 0.97647 0.87059
1 0.98039 0.87451
1 0.97647 0.86275
1 0.96471 0.8549
1 0.96078 0.84706
1 0.98039 0.87843
1 0.97647 0.87451
1 0.96863 0.85882
0.99608 0.96863 0.8549
0.99608 0.96078 0.85098
0.99608 0.95686 0.85098
1 0.98039 0.87843
0.99608 0.97255 0.86667
1 0.96471 0.86275
0.99216 0.96863 0.8549
1 0.96863 0.85098
0.97255 0.91765 0.79216
1 0.96863 0.85882
1 0.96078 0.85882
0.98824 0.96471 0.85098
0.99216 0.93725 0.82745
0.99216 0.95294 0.84314
