0.18431 0.28235 0.43922
0.17647 0.28235 0.43922
0.18824 0.28627 0.44706
0.18039 0.27843 0.43922
0.16863 0.26667 0.41961
0.18039 0.27843 0.43922
0.18824 0.28627 0.44706
0.18039 0.27843 0.43529
0.18039 0.28235 0.43137
0.18824 0.28627 0.43922
0.18824 0.28627 0.44706
0.18431 0.28627 0.44706
0.17255 0.27451 0.43137
0.18824 0.28627 0.44314
0.2 0.29804 0.4549
0.16863 0.27451 0.43137
0.18431 0.28235 0.43922
0.19216 0.2902 0.44706
0.17255 0.27843 0.43529
0.18431 0.28235 0.43922
0.18039 0.27843 0.43922
0.18039 0.27843 0.43529
0.19216 0.2902 0.44706
