0.90196 0.78431 0.66275
0.9098 0.78824 0.66667
0.90196 0.78824 0.66275
0.8902 0.77647 0.65098
0.90196 0.79216 0.66667
0.90588 0.78824 0.66667
0.86667 0.7451 0.62353
0.89412 0.78039 0.65882
0.89412 0.78039 0.6549
0.90196 0.78824 0.66275
0.91765 0.8 0.67451
0.90588 0.79216 0.66275
0.90588 0.79216 0.66667
0.9098 0.79216 0.67059
0.92157 0.8 0.67843
0.9098 0.79608 0.67059
0.9098 0.79608 0.67059
0.90196 0.78431 0.65882
0.89804 0.78431 0.65882
0.91765 0.8 0.67843
0.92549 0.80784 0.68235
0.89804 0.77647 0.6549
