0.54902 0.66275 0.77255
0.5451 0.66667 0.77255
0.54118 0.66275 0.77647
0.54118 0.66275 0.77255
0.55294 0.66667 0.78039
0.54902 0.66667 0.77647
0.5451 0.66667 0.77647
0.54902 0.66667 0.77647
0.54902 0.66667 0.77647
0.5451 0.66275 0.77255
0.5451 0.66275 0.77255
0.5451 0.66275 0.77255
0.54902 0.66667 0.77647
0.5451 0.66275 0.77255
0.54902 0.66667 0.77647
0.54902 0.66667 0.77647
0.55294 0.67059 0.78039
0.5451 0.66275 0.77255
0.5451 0.66275 0.77255
0.5451 0.66275 0.77255
0.5451 0.66275 0.77255
0.54902 0.66667 0.77647
0.54902 0.66667 0.77647
0.54902 0.66667 0.77647
0.5451 0.66275 0.77255
0.54118 0.66275 0.76863
0.5451 0.66275 0.77255
