0.92549 0.86275 0.76471
0.9098 0.84314 0.7451
0.91373 0.85098 0.75294
0.92157 0.85882 0.76078
0.93333 0.87059 0.77255
0.92549 0.85882 0.76078
0.9098 0.84314 0.74118
0.91765 0.8549 0.75686
0.92157 0.85882 0.76078
0.93725 0.87451 0.77647
0.91765 0.8549 0.75686
0.91373 0.84706 0.7451
0.9098 0.83529 0.73725
0.91765 0.83922 0.74118
0.92549 0.85882 0.76078
0.92549 0.86275 0.76471
0.92941 0.86667 0.76863
0.91765 0.8549 0.75294
0.90588 0.83922 0.73725
0.91765 0.84314 0.7451
0.91373 0.83529 0.73725
0.92157 0.8549 0.76078
0.92549 0.86275 0.76078
0.92549 0.86275 0.75686
0.92941 0.85882 0.75294
0.92157 0.84706 0.74118
0.92549 0.84706 0.74118
0.9098 0.83922 0.72941
0.93725 0.86667 0.76471
0.92941 0.86667 0.76863
0.91765 0.8549 0.75686
0.91373 0.8549 0.7451
0.93333 0.85882 0.75294
0.93333 0.85098 0.74902
0.92157 0.84314 0.73725
0.92157 0.85098 0.73725
0.9451 0.87843 0.78431
0.92941 0.87059 0.77255
0.91373 0.85098 0.75294
0.90588 0.84706 0.73725
0.92941 0.8549 0.74902
0.93725 0.85882 0.75294
0.92549 0.84706 0.74118
0.91373 0.84314 0.72941
0.95686 0.89804 0.8
0.93333 0.87451 0.77255
0.91373 0.85098 0.74902
0.90588 0.84314 0.72941
0.91373 0.84314 0.73725
0.92941 0.85882 0.75294
0.92549 0.8549 0.7451
0.91373 0.84706 0.75686
0.89804 0.83137 0.73725
0.90588 0.83922 0.73725
0.92549 0.85882 0.75294
0.92157 0.8549 0.7451
