0.41176 0.40784 0.33333
0.26275 0.29804 0.1451
0.37647 0.39216 0.27843
0.32941 0.37255 0.2549
0.36863 0.40392 0.25098
0.30588 0.32157 0.16863
0.30196 0.2902 0.18039
0.27451 0.30588 0.16078
0.42353 0.45098 0.32941
0.39216 0.39608 0.29804
0.37647 0.35294 0.27843
0.24706 0.29412 0.19216
0.41961 0.46667 0.35686
0.40784 0.43922 0.34902
0.6902 0.7098 0.61176
0.56471 0.56863 0.47451
0.27451 0.29412 0.17255
0.41961 0.43529 0.35686
0.69412 0.70196 0.61176
0.52157 0.51765 0.38824
0.44706 0.43922 0.32157
0.26667 0.2902 0.13333
0.33333 0.34902 0.24314
0.71373 0.71373 0.62353
0.47843 0.46275 0.32941
0.36471 0.34902 0.23529
0.33333 0.33725 0.20784
0.5098 0.5098 0.39608
