0.5098 0.58824 0.69412
0.50588 0.58431 0.6902
0.51373 0.58431 0.68627
0.51765 0.58431 0.6902
0.51373 0.58431 0.68627
0.52157 0.58431 0.6902
0.51373 0.58824 0.6902
0.51765 0.58431 0.68627
0.51765 0.58431 0.68627
0.5098 0.57647 0.67843
0.52157 0.58824 0.6902
0.51765 0.58824 0.69412
0.51765 0.58431 0.69412
0.52157 0.58824 0.69804
0.51765 0.58039 0.68627
0.51373 0.59216 0.69804
0.51765 0.58824 0.69412
0.52157 0.58824 0.69804
0.51765 0.58431 0.69412
0.50588 0.58431 0.6902
0.51373 0.58039 0.6902
0.51765 0.58824 0.69804
