0.76471 0.70588 0.64706
0.75686 0.69412 0.63137
0.7451 0.67843 0.61569
0.75294 0.68627 0.62353
0.7451 0.68235 0.61961
0.76471 0.70588 0.65098
0.76078 0.70588 0.64706
0.75294 0.69412 0.63137
0.74118 0.6902 0.62745
0.7451 0.69412 0.63137
0.7451 0.69412 0.63137
0.77255 0.72549 0.65882
0.8 0.74118 0.67843
0.81961 0.75686 0.68627
0.77255 0.71373 0.6549
0.75294 0.6902 0.62745
0.7451 0.67843 0.61569
0.74902 0.68235 0.61961
0.75686 0.69804 0.63137
0.76471 0.71373 0.65098
0.74902 0.69412 0.63137
0.75294 0.68627 0.62353
0.75294 0.69804 0.62745
0.7451 0.69412 0.62745
0.76078 0.7098 0.64314
0.79216 0.74118 0.67059
0.81176 0.75294 0.68627
0.82353 0.76078 0.68627
0.86667 0.8 0.70588
0.77647 0.71373 0.6549
0.75686 0.69804 0.63922
0.73725 0.67451 0.61569
0.73725 0.67451 0.61569
0.74118 0.67843 0.61569
0.76471 0.70196 0.63137
0.75686 0.69412 0.63137
0.74902 0.68627 0.62353
0.75686 0.69412 0.63137
0.76471 0.70196 0.63922
0.75686 0.69804 0.63137
0.79608 0.73333 0.67059
0.81569 0.75294 0.6902
0.81961 0.76078 0.6902
0.83922 0.77255 0.6902
0.87059 0.80392 0.71373
0.88627 0.81961 0.72157
0.78431 0.72157 0.65882
0.77647 0.71373 0.6549
0.75686 0.69412 0.63529
0.7451 0.68235 0.61961
0.73725 0.67451 0.61569
0.75294 0.6902 0.62745
0.75686 0.69412 0.62745
0.7451 0.68235 0.61569
0.74118 0.67843 0.61176
0.74902 0.68627 0.61961
0.76078 0.70196 0.63529
0.77647 0.71373 0.65098
0.81176 0.74902 0.68627
0.81961 0.75686 0.6902
0.82353 0.76078 0.68627
0.85882 0.78824 0.70588
0.88627 0.81176 0.72157
0.88235 0.81176 0.71765
0.88627 0.80784 0.7098
0.78824 0.72549 0.66275
0.78824 0.72549 0.66275
0.77647 0.71373 0.65098
0.75686 0.69412 0.63137
0.73725 0.67843 0.61961
0.74902 0.68627 0.62353
0.7451 0.68235 0.61569
0.72941 0.67059 0.59608
0.7451 0.68627 0.61176
0.75686 0.69804 0.62353
0.77647 0.71765 0.64706
0.79216 0.72941 0.66667
0.81176 0.74902 0.68627
0.81961 0.75686 0.68627
0.82745 0.76078 0.68235
0.86275 0.78824 0.69804
0.88235 0.80392 0.7098
0.89412 0.81569 0.72157
0.89804 0.81961 0.72157
0.89412 0.81569 0.7098
0.8 0.73725 0.67451
0.79216 0.72941 0.66667
0.79608 0.73333 0.67059
0.77647 0.71373 0.65098
0.77255 0.7098 0.64706
0.76471 0.69804 0.63922
0.74902 0.68235 0.61569
0.75294 0.68627 0.61569
0.74902 0.68627 0.61569
0.76471 0.70588 0.62353
0.77255 0.7098 0.64706
0.78431 0.72157 0.66275
0.80392 0.73725 0.67843
0.81961 0.74902 0.68627
0.83529 0.76078 0.6902
0.84706 0.76863 0.68235
0.86667 0.78824 0.69412
0.89804 0.81961 0.72157
0.89804 0.81961 0.72157
0.8902 0.81176 0.71373
0.89804 0.81961 0.72157
0.87451 0.79216 0.70196
0.82745 0.74902 0.66275
0.79216 0.72941 0.66667
0.78824 0.72549 0.66275
0.77255 0.7098 0.64706
0.78039 0.71765 0.6549
0.79216 0.72941 0.66667
0.77647 0.71373 0.65098
0.76471 0.69804 0.63529
0.75294 0.68627 0.61961
0.77647 0.7098 0.63922
0.77647 0.71765 0.64706
0.78431 0.72549 0.64706
0.78824 0.72549 0.65882
0.80392 0.74118 0.68235
0.81176 0.74902 0.67843
0.81961 0.74902 0.67843
0.84314 0.76471 0.68627
0.85882 0.77647 0.68627
0.87451 0.79608 0.70196
0.90196 0.82353 0.72157
0.89412 0.81569 0.71373
0.8902 0.81176 0.71373
0.89804 0.81961 0.72549
0.84706 0.76471 0.68235
0.83137 0.75294 0.67059
0.85882 0.78824 0.70196
0.87843 0.80784 0.72157
0.78824 0.73333 0.65882
0.78824 0.73725 0.66667
0.8 0.73725 0.67451
0.79216 0.72941 0.66667
0.76863 0.70588 0.64706
0.78824 0.72549 0.66667
0.80784 0.7451 0.68627
0.79216 0.72941 0.67059
0.77255 0.70588 0.64314
0.76863 0.70196 0.63529
0.77255 0.70588 0.63529
0.78431 0.72157 0.6549
0.79216 0.72941 0.66667
0.78824 0.72941 0.6549
0.81176 0.75294 0.67059
0.82353 0.76078 0.68235
0.83137 0.76471 0.67843
0.85098 0.77647 0.68627
0.87059 0.79216 0.69804
0.8902 0.81569 0.71373
0.91373 0.83529 0.72941
0.8902 0.81176 0.7098
0.8902 0.81176 0.71373
0.8902 0.81176 0.71765
0.83922 0.75686 0.67059
0.85098 0.77255 0.6902
0.87451 0.80392 0.71765
0.87843 0.80784 0.72157
0.8549 0.78039 0.69412
0.83922 0.76078 0.66667
0.83137 0.76863 0.6902
0.81176 0.74902 0.67059
0.8 0.7451 0.67451
0.80784 0.75294 0.68235
0.80784 0.74902 0.68235
0.79608 0.72941 0.67059
0.78431 0.72157 0.66275
0.79216 0.72941 0.67059
0.80784 0.7451 0.68627
0.80392 0.74118 0.67451
0.78431 0.71765 0.6549
0.77255 0.70588 0.64314
0.77647 0.7098 0.64314
0.79216 0.72941 0.66275
0.8 0.73725 0.67843
0.80784 0.7451 0.67451
0.82353 0.76078 0.67843
0.82745 0.76078 0.67843
0.83137 0.76471 0.67843
0.8549 0.77647 0.68627
0.88235 0.8 0.70588
0.89804 0.81569 0.71373
0.90588 0.82745 0.72157
0.90196 0.81961 0.71765
0.90588 0.82353 0.72549
0.87451 0.79608 0.70196
0.84314 0.76471 0.67843
0.84706 0.77647 0.6902
0.87843 0.81176 0.72157
0.87843 0.80784 0.72157
0.85882 0.78431 0.69412
0.83922 0.76078 0.66275
0.8549 0.77255 0.67451
0.85882 0.77647 0.67451
0.86275 0.78039 0.67843
0.83137 0.77255 0.69804
0.81961 0.76078 0.68235
0.81176 0.75294 0.67451
0.81569 0.75294 0.68627
0.81176 0.74902 0.68235
0.80392 0.74118 0.67451
0.79608 0.73333 0.67451
0.79608 0.73333 0.67451
0.8 0.73725 0.67843
0.80784 0.7451 0.68627
0.80392 0.74118 0.67059
0.78431 0.72157 0.65882
0.77255 0.70588 0.64706
0.79216 0.72549 0.66275
0.79608 0.73725 0.67451
0.81176 0.75294 0.6902
0.83529 0.77255 0.70588
0.83922 0.77255 0.69412
0.82353 0.75294 0.66667
0.83922 0.76471 0.67451
0.87059 0.78824 0.69804
0.88627 0.8 0.70588
0.89412 0.81176 0.7098
0.90588 0.82353 0.71373
0.90588 0.82353 0.71765
0.89804 0.81961 0.71765
0.85882 0.78039 0.68235
0.83529 0.76471 0.67843
0.85098 0.78039 0.69412
0.88235 0.81961 0.72941
0.87843 0.81176 0.71765
0.86667 0.79216 0.69804
0.83922 0.76078 0.66275
0.84706 0.76471 0.66275
0.85098 0.76863 0.65882
0.85098 0.76863 0.66275
0.85882 0.77647 0.67451
0.87451 0.78824 0.69412
0.86275 0.78431 0.68627
0.8549 0.77647 0.67843
0.8549 0.77647 0.67843
0.83529 0.76863 0.69804
0.81961 0.75686 0.67843
0.81569 0.75686 0.67843
0.81569 0.75294 0.68627
0.80784 0.7451 0.67843
0.79216 0.73333 0.66275
0.80392 0.74118 0.67843
0.80784 0.7451 0.68627
0.80392 0.74118 0.68235
0.80392 0.74118 0.68235
0.80392 0.7451 0.67451
0.76863 0.7098 0.64706
0.78039 0.72157 0.6549
0.79216 0.72941 0.66667
0.80784 0.76078 0.6902
0.82745 0.77255 0.7098
0.83137 0.76471 0.69804
0.81961 0.74902 0.66275
0.82353 0.75294 0.6549
0.83529 0.75686 0.6549
0.86667 0.78431 0.68627
0.88627 0.80392 0.69804
0.90196 0.81961 0.7098
0.89804 0.81569 0.70196
0.89412 0.81176 0.70588
0.87843 0.8 0.69804
0.83922 0.76078 0.66275
0.83137 0.76078 0.67451
0.8549 0.78431 0.69804
0.88235 0.81961 0.72941
0.88627 0.81569 0.72549
0.86275 0.79216 0.69804
0.84706 0.76863 0.67059
0.85098 0.77255 0.66667
0.85098 0.76863 0.66275
0.83922 0.75686 0.65098
0.86667 0.78431 0.67843
0.86667 0.78431 0.67843
0.85882 0.78039 0.67451
0.86275 0.78431 0.67843
0.84706 0.76863 0.67059
0.84314 0.78039 0.7098
0.81961 0.76078 0.68235
0.81961 0.75686 0.68235
0.82353 0.76078 0.6902
0.81176 0.74902 0.68235
0.8 0.73725 0.67059
0.80392 0.73725 0.67843
0.8 0.73333 0.67451
0.79608 0.72941 0.67451
0.80392 0.74118 0.68235
0.80784 0.75294 0.68627
0.78824 0.73333 0.66275
0.79608 0.74118 0.67451
0.80392 0.74902 0.68627
0.81569 0.76471 0.70196
0.83137 0.76863 0.70588
0.83922 0.76863 0.69804
0.80784 0.73333 0.63922
0.81961 0.74118 0.63922
0.84314 0.76078 0.6549
0.86667 0.78431 0.67451
0.88235 0.8 0.6902
0.90196 0.81961 0.70196
0.89804 0.81569 0.69804
0.90588 0.82353 0.71373
0.86275 0.78431 0.67843
0.83137 0.75294 0.6549
0.83137 0.75686 0.67059
0.86275 0.79216 0.70588
0.87843 0.81176 0.72549
0.88627 0.81569 0.72157
0.87059 0.8 0.70196
0.86275 0.78824 0.6902
0.85882 0.78039 0.67843
0.84706 0.76471 0.66275
0.83922 0.75686 0.6549
0.85098 0.77255 0.67059
0.86667 0.78431 0.68235
0.85098 0.77255 0.66667
0.86667 0.78824 0.68627
0.8549 0.76863 0.67451
0.84314 0.78431 0.7098
0.82353 0.76471 0.6902
0.82353 0.75686 0.68627
0.81569 0.7451 0.67451
0.80392 0.72941 0.66667
0.80784 0.74118 0.67843
0.80784 0.74118 0.67843
0.80784 0.74118 0.67843
0.80392 0.73725 0.67843
0.79608 0.73333 0.67451
0.78824 0.73725 0.67059
0.8 0.74118 0.66667
0.81569 0.75294 0.6902
0.82353 0.76078 0.70196
0.81569 0.75686 0.6902
0.83137 0.76471 0.68627
0.83529 0.76078 0.66667
0.82745 0.7451 0.64706
0.83137 0.7451 0.65098
0.85882 0.77647 0.67059
0.86275 0.78039 0.67059
0.8902 0.80784 0.69412
0.89412 0.81176 0.69804
0.88235 0.8 0.68627
0.88235 0.8 0.68627
0.84706 0.76863 0.66667
0.83529 0.75686 0.66667
0.84706 0.76471 0.67843
0.86667 0.79216 0.70196
0.87451 0.80392 0.71373
0.87451 0.80392 0.7098
0.87451 0.80392 0.7098
0.87843 0.81569 0.71373
0.87451 0.8 0.69804
0.84706 0.76863 0.67059
0.84314 0.76471 0.66667
0.83922 0.76078 0.66275
0.85882 0.78039 0.68235
0.85098 0.77255 0.66667
0.84706 0.76471 0.66275
0.8549 0.76863 0.67843
0.83137 0.77255 0.6902
0.82353 0.76471 0.68627
0.82745 0.76078 0.6902
0.81569 0.74118 0.67451
0.80784 0.73725 0.67059
0.80784 0.74118 0.67843
0.79608 0.72941 0.66667
0.8 0.73333 0.67059
0.8 0.73333 0.67059
0.78431 0.72157 0.6549
0.78039 0.72549 0.66275
0.8 0.73725 0.67451
0.81176 0.74902 0.68627
0.81569 0.75294 0.68627
0.81961 0.76078 0.67843
0.82745 0.76471 0.67059
0.82353 0.75294 0.65098
0.82745 0.7451 0.64706
0.83529 0.74902 0.6549
0.87059 0.78824 0.68235
0.87843 0.79608 0.68627
0.89412 0.81176 0.69804
0.89804 0.81569 0.70196
0.88627 0.80392 0.6902
0.85882 0.77647 0.67059
0.83922 0.76078 0.66275
0.84314 0.76078 0.67451
0.84314 0.76471 0.67059
0.85098 0.77647 0.68235
0.87843 0.80784 0.71373
0.88235 0.81176 0.71765
0.88235 0.81569 0.71765
0.88235 0.81569 0.71373
0.86275 0.78824 0.6902
0.84706 0.76471 0.66667
0.83529 0.75686 0.65882
0.83529 0.75686 0.65882
0.84314 0.76863 0.67059
0.83922 0.76078 0.6549
0.84706 0.76863 0.66667
0.88235 0.8 0.70588
0.83137 0.77255 0.6902
0.81961 0.75686 0.68235
0.81961 0.75294 0.68235
0.81176 0.74118 0.67451
0.80392 0.73333 0.67059
0.80392 0.73725 0.67451
0.79216 0.72549 0.66275
0.79216 0.72549 0.66275
0.79216 0.72941 0.65882
0.78824 0.72941 0.65882
0.78431 0.72941 0.65882
0.80392 0.74118 0.68235
0.81569 0.75294 0.6902
0.81176 0.75294 0.67843
0.83137 0.77255 0.68627
0.82353 0.76078 0.66667
0.82745 0.75294 0.66275
0.82745 0.7451 0.65098
0.84706 0.76078 0.66275
0.87059 0.78824 0.68235
0.88235 0.8 0.6902
0.8902 0.80392 0.6902
0.88627 0.80392 0.6902
0.89412 0.81176 0.69804
0.83922 0.75294 0.6549
0.84314 0.76078 0.66667
0.83137 0.74902 0.66275
0.84314 0.76863 0.67059
0.85882 0.78431 0.68627
0.86275 0.8 0.69804
0.87843 0.80784 0.71373
0.87059 0.8 0.70588
0.87059 0.80392 0.70196
0.8549 0.78039 0.68235
0.85098 0.77255 0.67451
0.84706 0.76471 0.66667
0.83922 0.76078 0.66275
0.83922 0.76078 0.66275
0.83922 0.76078 0.65882
0.87059 0.79216 0.6902
0.89412 0.81569 0.71765
0.84314 0.77647 0.70588
0.83137 0.76471 0.69412
0.81176 0.7451 0.67451
0.82353 0.75686 0.68235
0.81176 0.7451 0.67059
0.79608 0.72941 0.66667
0.8 0.73333 0.67451
0.79216 0.72941 0.66667
0.8 0.73725 0.67451
0.80784 0.74902 0.68627
0.80784 0.75294 0.6902
0.83529 0.77255 0.70196
0.81961 0.75294 0.67843
0.82353 0.75686 0.67059
0.83137 0.75686 0.66667
0.83137 0.75294 0.65882
0.83529 0.75686 0.6549
0.8549 0.77255 0.66667
0.87843 0.79608 0.6902
0.88627 0.8 0.69412
0.88627 0.79216 0.68235
0.88235 0.78824 0.68627
0.87451 0.78824 0.68235
0.83137 0.75294 0.6549
0.83922 0.76078 0.66275
0.83529 0.76078 0.66275
0.84706 0.77647 0.67843
0.85882 0.78824 0.68627
0.87059 0.8 0.69804
0.88627 0.80784 0.7098
0.88235 0.80392 0.70588
0.88235 0.80392 0.70588
0.84706 0.76863 0.67059
0.84314 0.76471 0.66667
0.85098 0.76863 0.67059
0.84314 0.75686 0.66275
0.83922 0.75294 0.65882
0.85098 0.76471 0.67059
0.87451 0.78824 0.69412
0.87843 0.79216 0.70196
0.85882 0.79216 0.72549
0.83137 0.76863 0.70196
0.82353 0.76078 0.69412
0.81961 0.75294 0.68627
0.79216 0.72549 0.65882
0.80392 0.73725 0.66667
0.81569 0.75294 0.68235
0.81569 0.75294 0.68627
0.81569 0.75294 0.68627
0.80392 0.7451 0.67451
0.83529 0.78039 0.71373
0.83137 0.77255 0.70196
0.81569 0.74902 0.67451
0.82745 0.75686 0.67059
0.83922 0.76471 0.67451
0.82353 0.7451 0.65098
0.83137 0.75294 0.65098
0.85098 0.77255 0.66667
0.8902 0.80784 0.70196
0.88627 0.8 0.69412
0.88627 0.79216 0.68235
0.88627 0.79216 0.68627
0.86275 0.77255 0.67059
0.84314 0.76471 0.66667
0.85098 0.77255 0.67451
0.83922 0.76078 0.66275
0.84706 0.76863 0.67059
0.86275 0.78431 0.68627
0.87059 0.79216 0.69412
0.88627 0.80392 0.7098
0.87843 0.79608 0.69804
0.87059 0.78824 0.69412
0.84314 0.76471 0.66667
0.83922 0.76078 0.66275
0.85098 0.76471 0.67059
0.84706 0.76078 0.66667
0.84706 0.76078 0.66667
0.8549 0.76863 0.67451
0.87059 0.78431 0.69412
0.86667 0.78039 0.6902
0.87059 0.78431 0.6902
0.86275 0.78039 0.67843
0.87059 0.79216 0.68627
0.8549 0.77647 0.66667
0.86275 0.8 0.73725
0.84314 0.78039 0.71765
0.83529 0.77255 0.7098
0.83137 0.76471 0.70588
0.78824 0.72157 0.65882
0.81961 0.75294 0.68235
0.82353 0.75686 0.68235
0.81176 0.75294 0.67843
0.80784 0.74902 0.67451
0.83137 0.77255 0.69804
0.82745 0.77255 0.70588
0.81569 0.75294 0.68627
0.82353 0.75686 0.67843
0.84314 0.77255 0.6902
0.82353 0.74902 0.65882
0.81176 0.73333 0.63922
0.83922 0.76078 0.65882
0.87059 0.79216 0.68627
0.89804 0.81569 0.7098
0.88627 0.8 0.6902
0.87843 0.78431 0.67451
0.88235 0.78824 0.68235
0.8549 0.76471 0.66275
0.83922 0.76078 0.66275
0.85098 0.77255 0.67451
0.84706 0.76471 0.67059
0.85098 0.76863 0.67059
0.86275 0.77647 0.68235
0.85882 0.77647 0.68235
0.87451 0.78824 0.69412
0.86667 0.78039 0.68627
0.86667 0.78039 0.68627
0.84706 0.76471 0.66667
0.83137 0.75294 0.6549
0.84706 0.76078 0.66667
0.84706 0.76078 0.67059
0.84706 0.76078 0.67059
0.85882 0.77255 0.68235
0.87059 0.78431 0.69412
0.87843 0.79216 0.70196
0.87059 0.78431 0.6902
0.87451 0.79216 0.6902
0.88627 0.80392 0.69412
0.87843 0.79608 0.68235
0.8549 0.79608 0.72549
0.8549 0.79608 0.72157
0.85882 0.79608 0.73333
0.84706 0.78431 0.72157
0.82745 0.76078 0.69804
0.83922 0.77255 0.70196
0.83922 0.77255 0.69804
0.81961 0.76078 0.69412
0.82745 0.76471 0.70196
0.84314 0.78039 0.71765
0.82745 0.76471 0.70588
0.82745 0.76078 0.69412
0.84314 0.77255 0.69412
0.84314 0.77255 0.68235
0.81569 0.7451 0.65098
0.82353 0.7451 0.65098
0.84706 0.76863 0.66667
0.87451 0.79608 0.68627
0.8902 0.81176 0.69412
0.88235 0.79216 0.67843
0.87451 0.77647 0.67059
0.85882 0.76471 0.6549
0.83529 0.7451 0.63529
0.84314 0.75686 0.66275
0.85098 0.76863 0.67451
0.85882 0.77255 0.67843
0.86667 0.78039 0.68627
0.87451 0.78824 0.69412
0.85882 0.77255 0.67843
0.85882 0.77255 0.67843
0.86275 0.77647 0.68235
0.87843 0.79216 0.69804
0.86667 0.78431 0.6902
0.83529 0.75686 0.66275
0.84314 0.75686 0.66667
0.85098 0.76471 0.67451
0.84314 0.75686 0.66667
0.85882 0.77255 0.67843
0.86275 0.78039 0.68235
0.8549 0.76863 0.67451
0.85882 0.77647 0.67451
0.87451 0.79216 0.68235
0.88627 0.80392 0.6902
0.88235 0.8 0.68235
0.86275 0.80392 0.72941
0.86275 0.80392 0.73333
0.87451 0.81176 0.74902
0.84314 0.78039 0.71765
0.83137 0.76471 0.69804
0.85098 0.78039 0.7098
0.8549 0.78824 0.71373
0.82353 0.76471 0.69804
0.83137 0.77255 0.70588
0.83922 0.77647 0.71373
0.81961 0.75686 0.6902
0.83137 0.76471 0.6902
0.84706 0.77647 0.69804
0.82745 0.75686 0.66667
0.79608 0.72549 0.63137
0.83137 0.75294 0.6549
0.84314 0.76471 0.66275
0.86667 0.78824 0.67843
0.89804 0.81569 0.69804
0.89804 0.81176 0.69412
0.87451 0.78431 0.67059
0.84314 0.75294 0.64706
0.83529 0.7451 0.64706
0.85098 0.76471 0.67059
0.87059 0.78431 0.6902
0.87059 0.78431 0.6902
0.87059 0.78431 0.6902
0.87059 0.78431 0.6902
0.87059 0.78431 0.6902
0.87059 0.78431 0.6902
0.86275 0.77647 0.68235
0.87843 0.78824 0.69412
0.87451 0.79216 0.69804
0.85882 0.78039 0.68627
0.85882 0.77255 0.68235
0.86275 0.77647 0.68627
0.86275 0.77647 0.68235
0.8549 0.77255 0.67059
0.84706 0.76471 0.65882
0.83529 0.75294 0.65098
0.84706 0.78431 0.71373
0.87843 0.81961 0.7451
0.87059 0.80784 0.7451
0.84314 0.78039 0.71765
0.83922 0.77255 0.7098
0.83922 0.77255 0.69804
0.85098 0.78431 0.7098
0.82745 0.76863 0.69412
0.83137 0.77255 0.69804
0.83922 0.78039 0.70588
0.81569 0.75686 0.67451
0.83137 0.76471 0.68627
0.81961 0.75294 0.67451
0.81569 0.74902 0.6549
0.80392 0.72941 0.63529
0.83922 0.76078 0.66667
0.8549 0.77647 0.67451
0.85098 0.77255 0.66275
0.88235 0.8 0.68627
0.8902 0.80784 0.68627
0.87059 0.78824 0.67451
0.83922 0.75686 0.65882
0.85098 0.76471 0.67451
0.85882 0.77255 0.68235
0.87059 0.78431 0.69412
0.86667 0.78039 0.6902
0.86667 0.78039 0.68627
0.87059 0.78431 0.6902
0.87451 0.78824 0.69412
0.87059 0.78431 0.6902
0.86275 0.77647 0.68235
0.87451 0.78824 0.69412
0.86667 0.78431 0.6902
0.86667 0.79216 0.69804
0.85882 0.77255 0.68235
0.85882 0.77255 0.68235
0.85882 0.77647 0.67843
0.83529 0.75294 0.64706
0.83922 0.75686 0.64314
0.84706 0.76471 0.6549
0.83137 0.76863 0.69412
0.8549 0.80392 0.72941
0.87059 0.81961 0.7451
0.86275 0.80784 0.73725
0.83137 0.76471 0.70196
0.82745 0.76471 0.69804
0.85882 0.79608 0.72941
0.83529 0.77255 0.70588
0.83922 0.77647 0.69804
0.81961 0.76863 0.67843
0.83529 0.77647 0.67843
0.83922 0.77647 0.67843
0.81176 0.73725 0.64314
0.81176 0.72941 0.63922
0.82353 0.7451 0.64706
0.86667 0.78431 0.67843
0.87843 0.79608 0.68627
0.85882 0.77647 0.66275
0.87451 0.79216 0.67843
0.87059 0.78824 0.67451
0.86667 0.78431 0.67843
0.83922 0.76078 0.66275
0.84314 0.77255 0.67451
0.85882 0.78431 0.6902
0.86667 0.78431 0.70196
0.85882 0.77647 0.68627
0.85882 0.78039 0.68627
0.86667 0.78431 0.6902
0.87059 0.78824 0.68627
0.87451 0.78824 0.6902
0.86275 0.77647 0.68235
0.86275 0.77647 0.68235
0.86275 0.78039 0.68627
0.87843 0.8 0.70196
0.86275 0.77647 0.68627
0.86667 0.77647 0.68235
0.85098 0.76078 0.65882
0.84314 0.75294 0.64706
0.85882 0.76471 0.66275
0.87059 0.78039 0.67451
0.8549 0.78824 0.71373
0.8549 0.79216 0.72157
0.88235 0.82353 0.76078
0.87059 0.81176 0.74902
0.8549 0.79608 0.73333
0.84706 0.78824 0.72549
0.85882 0.8 0.74118
0.84314 0.78039 0.71373
0.85098 0.78039 0.69804
0.81961 0.76078 0.66275
0.83137 0.77255 0.66667
0.84706 0.77647 0.67451
0.83137 0.75294 0.65098
0.82745 0.7451 0.64706
0.85098 0.76863 0.65882
0.86275 0.78039 0.66667
0.86275 0.78039 0.66667
0.87059 0.78824 0.67451
0.88627 0.80392 0.6902
0.87059 0.78824 0.67843
0.84706 0.76471 0.65882
0.82745 0.74902 0.65098
0.84706 0.77647 0.67843
0.86667 0.79608 0.70588
0.88235 0.80392 0.72157
0.87451 0.79608 0.70196
0.86275 0.78431 0.6902
0.86667 0.78824 0.6902
0.87059 0.78431 0.68235
0.87059 0.78824 0.6902
0.85882 0.77255 0.68235
0.85882 0.77255 0.67843
0.86667 0.78431 0.68627
0.86667 0.78824 0.6902
0.8549 0.76863 0.67451
0.8549 0.76863 0.67059
0.86275 0.76863 0.66667
0.84706 0.75294 0.65098
0.85098 0.75686 0.6549
0.86275 0.76863 0.66667
0.84706 0.78431 0.7098
0.87843 0.81569 0.75294
0.88235 0.82353 0.76863
0.86667 0.81176 0.75686
0.86275 0.81176 0.74902
0.86667 0.81569 0.75294
0.86667 0.81569 0.75294
0.86275 0.80392 0.73333
0.83922 0.76471 0.67843
0.82745 0.75686 0.65098
0.84706 0.77255 0.66275
0.84314 0.76471 0.65882
0.82353 0.7451 0.64314
0.83922 0.75686 0.65098
0.83922 0.75686 0.64706
0.84314 0.76471 0.64314
0.87059 0.78824 0.67059
0.87843 0.79608 0.68235
0.88627 0.80392 0.6902
0.87059 0.78824 0.67451
0.83137 0.75294 0.64706
0.83137 0.75686 0.6549
0.8549 0.78824 0.68627
0.86667 0.79608 0.70588
0.87451 0.79608 0.71373
0.87451 0.79608 0.70196
0.85098 0.77647 0.68235
0.86667 0.78824 0.6902
0.87451 0.78824 0.68627
0.85098 0.76471 0.67451
0.85882 0.77255 0.68235
0.86275 0.77647 0.68627
0.86667 0.78824 0.6902
0.86275 0.78431 0.68627
0.8549 0.76863 0.67451
0.85882 0.76863 0.67059
0.85882 0.76471 0.66275
0.84706 0.75294 0.65098
0.86275 0.76863 0.66667
0.86275 0.76863 0.66667
0.84314 0.78824 0.7098
0.86667 0.81569 0.74118
0.86275 0.81176 0.74902
0.8549 0.80784 0.7451
0.86275 0.81961 0.75294
0.87059 0.82353 0.76471
0.87059 0.81569 0.75294
0.8549 0.79608 0.72549
0.83137 0.76078 0.67059
0.82745 0.74902 0.64314
0.83529 0.75686 0.64706
0.83529 0.75686 0.65098
0.83529 0.75686 0.65098
0.83922 0.75294 0.64706
0.84706 0.75686 0.64706
0.84706 0.76078 0.64314
0.86667 0.78431 0.66667
0.88235 0.8 0.6902
0.89412 0.81176 0.70196
0.86275 0.78039 0.67451
0.83529 0.75686 0.65882
0.83529 0.76078 0.66275
0.8549 0.78431 0.6902
0.86275 0.79216 0.69412
0.87059 0.79216 0.70196
0.86667 0.78824 0.6902
0.85882 0.78039 0.68235
0.86275 0.78039 0.68627
0.87059 0.78431 0.68627
0.86275 0.77647 0.68235
0.86275 0.77647 0.68627
0.85882 0.77647 0.68235
0.86667 0.78431 0.6902
0.86667 0.78824 0.6902
0.8549 0.77255 0.67843
0.86275 0.77647 0.67843
0.85882 0.76471 0.66667
0.86275 0.76863 0.66667
0.86275 0.76863 0.66667
0.87059 0.77647 0.67843
0.85098 0.8 0.72549
0.8549 0.80392 0.72941
0.86667 0.81569 0.74902
0.86667 0.81961 0.74902
0.86275 0.81961 0.75294
0.86275 0.81569 0.75686
0.8549 0.79216 0.72157
0.82745 0.76078 0.68235
0.81961 0.7451 0.6549
0.82745 0.7451 0.64314
0.81961 0.74118 0.63529
0.83529 0.75686 0.65098
0.83137 0.75294 0.64706
0.84706 0.75686 0.6549
0.85882 0.76471 0.65882
0.87451 0.78039 0.66667
0.87451 0.78824 0.67059
0.88627 0.80392 0.6902
0.87843 0.79608 0.69412
0.85882 0.77647 0.67843
0.84314 0.76863 0.67451
0.83922 0.76471 0.67059
0.8549 0.78431 0.6902
0.8549 0.78824 0.68627
0.86667 0.79216 0.69412
0.85882 0.78039 0.68235
0.86275 0.78431 0.68627
0.86667 0.77647 0.68235
0.87451 0.78039 0.68627
0.87059 0.78431 0.6902
0.87451 0.79216 0.69804
0.86667 0.78824 0.6902
0.86667 0.78824 0.6902
0.87059 0.79216 0.69412
0.85882 0.78431 0.68627
0.84706 0.76471 0.66667
0.8549 0.76078 0.66667
0.8549 0.76078 0.65882
0.85882 0.76471 0.66275
0.87059 0.77647 0.68235
0.85098 0.78824 0.72157
0.84706 0.8 0.72941
0.8549 0.81176 0.74118
0.86667 0.81961 0.75686
0.86275 0.81961 0.75294
0.86667 0.82353 0.75686
0.85882 0.80392 0.73725
0.82745 0.75686 0.67451
0.83137 0.75686 0.66275
0.83137 0.75686 0.65098
0.81569 0.74118 0.63137
0.81961 0.74118 0.63529
0.83529 0.75294 0.64706
0.83922 0.75686 0.65098
0.86275 0.76863 0.66667
0.86667 0.77255 0.66667
0.88235 0.78824 0.67451
0.8902 0.80392 0.68627
0.87451 0.79216 0.67843
0.86667 0.78431 0.67843
0.8549 0.77255 0.67451
0.84706 0.76863 0.67451
0.83922 0.76863 0.67451
0.83529 0.76471 0.67059
0.84314 0.77647 0.67451
0.86667 0.79608 0.69412
0.86275 0.78431 0.68627
0.8549 0.77647 0.67843
0.85098 0.76471 0.67059
0.88235 0.78824 0.69412
0.88627 0.8 0.70588
0.88627 0.8 0.70588
0.85882 0.78039 0.68235
0.86667 0.78824 0.6902
0.87451 0.79608 0.69804
0.87451 0.79608 0.69804
0.8549 0.77255 0.67451
0.86667 0.77255 0.67843
0.85882 0.76471 0.66667
0.86667 0.77255 0.67059
0.86275 0.76863 0.66667
0.85098 0.78824 0.72549
0.85882 0.80392 0.73725
0.87451 0.81961 0.75686
0.86667 0.81176 0.74902
0.86667 0.81569 0.75294
0.86275 0.81176 0.74118
0.82745 0.76471 0.6902
0.83922 0.75686 0.66667
0.83922 0.75686 0.6549
0.82745 0.74902 0.64314
0.82745 0.75294 0.63529
0.82745 0.7451 0.63529
0.83137 0.74902 0.63922
0.83922 0.75294 0.65098
0.85882 0.77255 0.66667
0.87451 0.78431 0.67843
0.88235 0.79608 0.67843
0.89804 0.81569 0.69804
0.87059 0.79216 0.67843
0.86667 0.78824 0.68235
0.85098 0.77255 0.67059
0.83922 0.76471 0.67059
0.83529 0.76471 0.66667
0.83137 0.76471 0.66275
0.84314 0.78039 0.67451
0.87059 0.79608 0.69804
0.87059 0.79216 0.69412
0.85098 0.76863 0.67451
0.85098 0.76078 0.67059
0.89412 0.80392 0.70588
0.89412 0.80784 0.71373
0.87843 0.79608 0.70196
0.86667 0.78824 0.6902
0.87059 0.79216 0.69412
0.89412 0.81569 0.71765
0.87451 0.79216 0.69804
0.86667 0.78039 0.68627
0.88235 0.79216 0.69804
0.86667 0.77255 0.67451
0.85882 0.76863 0.66667
0.86275 0.77255 0.67059
0.83922 0.78039 0.70588
0.8549 0.79608 0.72941
0.87451 0.81569 0.75294
0.86275 0.8 0.73725
0.86667 0.80392 0.73725
0.85098 0.78824 0.70588
0.83137 0.75686 0.66667
0.83922 0.75686 0.66275
0.82353 0.74118 0.64706
0.81569 0.73725 0.63137
0.83922 0.76471 0.64706
0.82745 0.74902 0.63137
0.83529 0.74902 0.63922
0.84314 0.74902 0.65098
0.83922 0.75686 0.64706
0.87059 0.78824 0.67451
0.8902 0.80784 0.69412
0.89804 0.81569 0.70196
0.86667 0.78431 0.67451
0.86275 0.78431 0.68627
0.84314 0.76471 0.67451
0.83137 0.76078 0.66667
0.84706 0.78039 0.67843
0.85098 0.78431 0.68235
0.86667 0.80392 0.69804
0.87451 0.80392 0.70196
0.86275 0.78431 0.68627
0.84706 0.76078 0.67059
0.8549 0.76863 0.67451
0.88235 0.79608 0.69412
0.8902 0.81176 0.7098
0.87059 0.79216 0.69412
0.85098 0.77255 0.67451
0.87059 0.78824 0.6902
0.8902 0.80392 0.7098
0.86275 0.77647 0.68235
0.87843 0.79216 0.69804
0.88627 0.8 0.70588
0.87843 0.79216 0.69804
0.87059 0.78824 0.6902
0.87451 0.79216 0.68627
0.83922 0.77647 0.70588
0.8549 0.80392 0.72941
0.85882 0.81176 0.73725
0.8549 0.79608 0.72549
0.85882 0.79216 0.72157
0.83137 0.76078 0.67451
0.83137 0.74902 0.65882
0.84706 0.76078 0.66667
0.84314 0.76471 0.66275
0.83529 0.75686 0.65098
0.83529 0.76078 0.64706
0.82745 0.74902 0.63922
0.84314 0.75686 0.65098
0.83529 0.74118 0.63529
0.84314 0.75294 0.64314
0.88627 0.79608 0.68627
0.89412 0.8 0.6902
0.88235 0.79608 0.68627
0.87451 0.79216 0.6902
0.87059 0.79216 0.69804
0.84314 0.76863 0.68235
0.84314 0.77255 0.68235
0.84706 0.77647 0.68235
0.85882 0.78824 0.6902
0.87843 0.81176 0.71373
0.88235 0.80784 0.7098
0.87059 0.78824 0.69412
0.85098 0.76471 0.67451
0.8549 0.76863 0.67451
0.87451 0.79216 0.6902
0.86667 0.78824 0.6902
0.86667 0.78824 0.6902
0.8549 0.77647 0.67843
0.87451 0.79216 0.69412
0.8902 0.80392 0.7098
0.87843 0.79216 0.69804
0.87451 0.78824 0.69412
0.88627 0.8 0.70588
0.89412 0.80784 0.71373
0.88627 0.8 0.70196
0.86667 0.78431 0.67843
0.83137 0.76471 0.6902
0.84706 0.79216 0.71765
0.83922 0.78039 0.70588
0.83137 0.76471 0.69412
0.83137 0.75686 0.67843
0.81569 0.74118 0.6549
0.83529 0.74902 0.6549
0.8549 0.76471 0.66667
0.84314 0.76471 0.66667
0.84314 0.76471 0.66275
0.83137 0.75686 0.64314
0.83529 0.75294 0.65098
0.85098 0.76471 0.65882
0.85098 0.76078 0.64706
0.8549 0.76471 0.65098
0.87843 0.78824 0.67451
0.87843 0.78431 0.67451
0.87451 0.78824 0.68235
0.88235 0.79608 0.70196
0.85882 0.78039 0.6902
0.83922 0.76078 0.67843
0.83922 0.76863 0.68235
0.84706 0.77647 0.68627
0.86275 0.79216 0.69804
0.86275 0.79216 0.70196
0.87843 0.80392 0.7098
0.86667 0.78431 0.69412
0.84314 0.75686 0.66667
0.86275 0.78039 0.68627
0.86667 0.78431 0.68627
0.85882 0.78039 0.67843
0.85882 0.78039 0.68235
0.85882 0.78039 0.68235
0.86667 0.78431 0.6902
0.87843 0.79216 0.69804
0.88235 0.79608 0.70196
0.87059 0.78431 0.6902
0.88235 0.79608 0.70196
0.89412 0.80784 0.71373
0.8902 0.80784 0.7098
0.86275 0.78039 0.67451
0.82353 0.75686 0.67059
0.83137 0.76471 0.68627
0.82745 0.76078 0.68235
0.81961 0.75294 0.66275
0.80392 0.73725 0.64706
0.81961 0.74902 0.65882
0.84706 0.76078 0.67059
0.85882 0.77255 0.67451
0.84314 0.76471 0.66667
0.84706 0.76863 0.66667
0.83529 0.75686 0.65098
0.82353 0.74118 0.63529
0.83922 0.75686 0.64706
0.87059 0.78824 0.67059
0.87059 0.78431 0.67059
0.86275 0.77647 0.6549
0.86275 0.77647 0.65882
0.8902 0.80392 0.70196
0.88235 0.79608 0.70588
0.85882 0.78039 0.69412
0.83137 0.76078 0.67451
0.83922 0.76863 0.67451
0.85882 0.78824 0.69412
0.87843 0.80784 0.71765
0.85882 0.78824 0.70196
0.87059 0.79216 0.70196
0.85882 0.78039 0.68627
0.83922 0.76078 0.66275
0.85098 0.77255 0.67843
0.86275 0.78431 0.6902
0.8549 0.77647 0.67843
0.86275 0.78431 0.68627
0.87059 0.79216 0.69804
0.87451 0.79216 0.69804
0.86275 0.77647 0.68235
0.87451 0.78824 0.69412
0.86667 0.78824 0.68627
0.87843 0.8 0.70196
0.89804 0.81569 0.72157
0.87843 0.8 0.70196
0.87059 0.79216 0.68627
0.83137 0.75686 0.67059
0.82745 0.75294 0.67059
0.82353 0.75294 0.67059
0.84314 0.77255 0.6902
0.83137 0.76078 0.67843
0.83529 0.76078 0.67451
0.85098 0.77647 0.68235
0.85098 0.76863 0.67451
0.85098 0.77255 0.67451
0.8549 0.77647 0.67451
0.84314 0.76471 0.65882
0.83137 0.74902 0.64314
0.83529 0.75294 0.64314
0.87059 0.78824 0.67451
0.87451 0.78431 0.67059
0.86667 0.77255 0.6549
0.88235 0.79216 0.67451
0.89412 0.80784 0.70588
0.87059 0.78824 0.69804
0.8549 0.77647 0.6902
0.84706 0.77647 0.68627
0.84706 0.77647 0.68235
0.86667 0.79608 0.70196
0.88235 0.81176 0.71765
0.86275 0.79216 0.70196
0.86275 0.78824 0.69412
0.85882 0.78039 0.68235
0.84314 0.76078 0.66275
0.83137 0.74902 0.6549
0.85882 0.77647 0.68235
0.8549 0.77647 0.67843
0.88235 0.80392 0.70588
0.87843 0.8 0.70588
0.87843 0.79216 0.70196
0.86275 0.77647 0.68627
0.88627 0.8 0.70588
0.87451 0.79608 0.69412
0.87843 0.80784 0.70588
0.84706 0.76863 0.67451
0.83137 0.75294 0.65882
0.83137 0.75294 0.67059
0.84706 0.76863 0.69412
0.84314 0.76863 0.6902
0.83922 0.76863 0.68235
0.82745 0.76078 0.66275
0.82353 0.75686 0.6549
0.84314 0.76471 0.66667
0.8549 0.77647 0.67451
0.84314 0.76471 0.65882
0.84314 0.76078 0.6549
0.84706 0.76471 0.6549
0.86275 0.78039 0.66667
0.86275 0.76863 0.65882
0.85882 0.76078 0.64314
0.87843 0.78039 0.66667
0.87451 0.78431 0.68235
0.85882 0.77647 0.68627
0.84706 0.76863 0.68235
0.84314 0.77255 0.68627
0.85098 0.78039 0.68627
0.8549 0.78431 0.6902
0.85098 0.78039 0.68627
0.8549 0.78824 0.6902
0.8549 0.78039 0.68235
0.86275 0.78431 0.68235
0.86667 0.78431 0.68235
0.83529 0.74902 0.64706
0.8549 0.77255 0.67059
0.87451 0.79608 0.69804
0.88627 0.80784 0.71373
0.8902 0.81176 0.71765
0.87843 0.79608 0.70196
0.87451 0.78824 0.69804
0.88627 0.8 0.70196
0.88627 0.80784 0.70588
0.85098 0.78431 0.68235
0.83529 0.76078 0.66275
0.83922 0.76078 0.67059
0.83922 0.76471 0.67843
0.83922 0.77255 0.68627
0.83529 0.76863 0.67451
0.82745 0.75294 0.65882
0.83922 0.76078 0.66667
0.85098 0.77255 0.67451
0.85882 0.78039 0.67843
0.85882 0.78039 0.67451
0.8549 0.77255 0.66667
0.83922 0.75686 0.63922
0.84314 0.76078 0.64314
0.83529 0.74902 0.63137
0.86275 0.77255 0.65882
0.87059 0.76863 0.66667
0.86667 0.77647 0.67451
0.84706 0.76863 0.67059
0.85882 0.78431 0.69804
0.84706 0.77647 0.69412
0.84706 0.77647 0.68235
0.85882 0.78431 0.6902
0.85882 0.78039 0.68235
0.85098 0.77255 0.67451
0.85882 0.77255 0.67843
0.87451 0.78431 0.68627
0.86275 0.77255 0.67059
0.85098 0.75686 0.6549
0.85882 0.76471 0.66275
0.87843 0.79608 0.6902
0.90588 0.82353 0.72549
0.89804 0.81176 0.72157
0.89412 0.80784 0.71765
0.87059 0.78824 0.6902
0.87451 0.79216 0.69412
0.84314 0.77647 0.67451
0.84314 0.77255 0.67451
0.84706 0.77647 0.68235
0.8549 0.79216 0.70196
0.85882 0.79608 0.70196
0.83922 0.77255 0.67843
0.83137 0.75686 0.66667
0.8549 0.77255 0.68235
0.87059 0.79216 0.69804
0.87451 0.79608 0.70196
0.87059 0.79216 0.69412
0.85098 0.76863 0.66275
0.83922 0.75686 0.63922
0.83137 0.74902 0.63529
0.84706 0.76078 0.65098
0.88235 0.79216 0.68627
0.87059 0.77647 0.67843
0.85882 0.77255 0.67451
0.85098 0.77255 0.67843
0.8549 0.78431 0.69412
0.86667 0.79608 0.70588
0.8549 0.78431 0.6902
0.85882 0.78431 0.68627
0.83922 0.76078 0.65882
0.83922 0.75686 0.65882
0.84314 0.75686 0.66275
0.85098 0.75686 0.66275
0.85098 0.75686 0.65882
0.85098 0.75686 0.6549
0.86667 0.77255 0.67059
0.8549 0.76863 0.66275
0.89412 0.81176 0.70588
0.9098 0.82745 0.72549
0.88627 0.8 0.69804
0.85882 0.77255 0.67059
0.84706 0.78039 0.67843
0.8549 0.78431 0.68627
0.86275 0.79608 0.70196
0.87059 0.80784 0.71765
0.85882 0.8 0.7098
0.84706 0.78039 0.69412
0.83529 0.76078 0.67451
0.85882 0.77647 0.69412
0.88627 0.80392 0.72157
0.88627 0.80784 0.71373
0.87451 0.79216 0.69804
0.85098 0.76471 0.66275
0.83529 0.75294 0.63529
0.83529 0.75294 0.63529
0.86667 0.77647 0.67059
0.89412 0.81176 0.7098
0.87059 0.79216 0.69412
0.84314 0.76471 0.66667
0.84314 0.76863 0.67451
0.8549 0.78431 0.6902
0.86275 0.79216 0.69804
0.83922 0.77647 0.67059
0.84706 0.76863 0.66275
0.83922 0.76471 0.6549
0.83529 0.75686 0.65882
0.83922 0.75294 0.65882
0.85098 0.75686 0.65882
0.86667 0.77255 0.67059
0.86275 0.76863 0.66667
0.88627 0.79216 0.6902
0.88235 0.8 0.69412
0.88235 0.8 0.6902
0.89804 0.81569 0.69804
0.87843 0.79216 0.67843
0.86667 0.79608 0.70588
0.87451 0.80392 0.7098
0.87059 0.80392 0.7098
0.86275 0.80392 0.70588
0.85098 0.78824 0.69412
0.84314 0.77255 0.68627
0.84314 0.77255 0.68627
0.85882 0.78431 0.69804
0.88235 0.80784 0.72157
0.8902 0.81176 0.71765
0.87059 0.79216 0.69412
0.84706 0.76471 0.65882
0.83922 0.75686 0.64706
0.82353 0.74118 0.63137
0.86275 0.78039 0.67451
0.9098 0.82745 0.72549
0.86667 0.78824 0.6902
0.82745 0.75294 0.65882
0.83529 0.76471 0.67059
0.8549 0.78431 0.6902
0.85882 0.78824 0.6902
0.84706 0.77255 0.67451
0.84706 0.77255 0.67059
0.84314 0.76471 0.66275
0.83922 0.75686 0.65882
0.83922 0.75294 0.65882
0.83922 0.75294 0.6549
0.8549 0.76471 0.67059
0.88235 0.79608 0.69412
0.89412 0.80784 0.69804
0.8902 0.80784 0.69412
0.88627 0.80392 0.6902
0.8902 0.80784 0.69412
0.87451 0.80392 0.71373
0.86667 0.79608 0.70588
0.8549 0.78431 0.6902
0.84314 0.77647 0.67843
0.83922 0.77255 0.67843
0.83922 0.76863 0.68235
0.85098 0.78039 0.69412
0.87059 0.80392 0.71765
0.88235 0.81176 0.72549
0.88627 0.81176 0.71765
0.86275 0.78431 0.68235
0.83529 0.75294 0.64706
0.83529 0.75294 0.64706
0.83922 0.75686 0.65098
0.87451 0.79608 0.6902
0.90196 0.82353 0.72157
0.85098 0.77255 0.67451
0.83529 0.76078 0.66275
0.8549 0.78039 0.68627
0.87059 0.79608 0.69804
0.87059 0.79216 0.69804
0.85098 0.77255 0.67451
0.84314 0.76471 0.66667
0.84706 0.76863 0.67059
0.84706 0.76078 0.66667
0.83922 0.75294 0.65882
0.85882 0.77255 0.67843
0.85098 0.76471 0.67059
0.87843 0.79608 0.69412
0.88627 0.80392 0.69412
0.88235 0.80392 0.68627
0.88627 0.80392 0.6902
0.83922 0.76863 0.68235
0.86275 0.79216 0.7098
0.87451 0.80392 0.72157
0.87059 0.8 0.71373
0.87059 0.79608 0.70196
0.85098 0.77255 0.67059
0.83529 0.75294 0.64706
0.84706 0.76471 0.65882
0.8549 0.77255 0.66667
0.87843 0.8 0.69412
0.88235 0.80392 0.69804
0.83529 0.75686 0.65882
0.83922 0.75686 0.66275
0.86275 0.78039 0.68627
0.87059 0.78824 0.69412
0.87059 0.78824 0.69412
0.8549 0.77647 0.67843
0.84314 0.76471 0.66667
0.85098 0.77255 0.67451
0.84314 0.76471 0.66667
0.84706 0.76863 0.67059
0.88235 0.80392 0.70588
0.86667 0.78039 0.68627
0.85098 0.76471 0.66275
0.87843 0.79608 0.68235
0.89412 0.81176 0.69804
0.89412 0.81176 0.69412
0.87843 0.80392 0.71373
0.86275 0.79216 0.70196
0.8549 0.77647 0.67843
0.84706 0.76863 0.66275
0.83529 0.75294 0.64314
0.85882 0.77647 0.67059
0.85882 0.77647 0.67451
0.85882 0.78039 0.67843
0.8549 0.77647 0.67451
0.82745 0.74902 0.65098
0.84314 0.76078 0.66667
0.8549 0.76863 0.67843
0.87843 0.79216 0.70196
0.87059 0.78824 0.69804
0.85098 0.77255 0.67451
0.83529 0.75686 0.65882
0.8549 0.77647 0.67843
0.83922 0.76078 0.66275
0.85098 0.77255 0.67451
0.85882 0.78039 0.67843
0.87451 0.78824 0.6902
0.87451 0.79216 0.68627
0.87843 0.79608 0.68627
0.88627 0.80392 0.69412
0.8902 0.80784 0.69804
