0.19216 0.2902 0.40784
0.2 0.29412 0.41176
0.18431 0.28235 0.4
0.19216 0.28627 0.40784
0.19216 0.2902 0.41176
0.18039 0.27843 0.39608
0.18431 0.27451 0.4
0.19216 0.28627 0.41176
0.19216 0.2902 0.41176
0.18039 0.27843 0.39608
0.18824 0.28627 0.40392
0.19608 0.28235 0.41176
0.18431 0.28235 0.40392
0.19608 0.29412 0.41569
0.19216 0.2902 0.40784
0.17255 0.27059 0.38824
0.19216 0.28627 0.40784
0.19216 0.2902 0.40784
0.18824 0.28627 0.40392
0.16863 0.26275 0.38039
0.18431 0.28235 0.40392
0.19608 0.29412 0.41176
0.18039 0.27843 0.4
