0.60392 0.56471 0.52549
0.60392 0.56471 0.52549
0.60392 0.56471 0.52549
0.60784 0.56863 0.52941
0.60784 0.56863 0.52941
0.6 0.56078 0.52157
0.60784 0.56863 0.52941
0.60392 0.56471 0.52549
0.60392 0.56471 0.52549
0.60392 0.56471 0.52549
0.59608 0.55686 0.51765
0.6 0.56078 0.52157
0.60784 0.56471 0.52549
0.60392 0.56471 0.52549
0.60784 0.56863 0.52941
0.60392 0.56471 0.52549
0.6 0.56078 0.52157
0.60392 0.56471 0.52549
0.60784 0.56863 0.52941
0.60784 0.56863 0.52941
0.60784 0.56863 0.52941
0.60392 0.56471 0.52549
0.6 0.56078 0.52157
0.60392 0.56471 0.52549
0.61176 0.56863 0.52941
0.6 0.56471 0.52549
0.59608 0.56471 0.52157
0.6 0.56863 0.52157
0.60392 0.56471 0.52157
0.60392 0.56471 0.51765
0.59608 0.56471 0.52157
0.59608 0.56471 0.51765
0.6 0.56078 0.52157
0.60392 0.56471 0.51765
0.59608 0.56471 0.51765
0.6 0.56863 0.52157
0.60392 0.56078 0.52157
