0.69804 0.68235 0.62745
0.68235 0.67451 0.61961
0.66275 0.66275 0.58824
0.6549 0.64706 0.56863
0.65882 0.64314 0.56863
0.43529 0.38039 0.30196
0.43137 0.36863 0.28627
0.41961 0.35686 0.28235
0.64706 0.59216 0.52549
0.49412 0.4549 0.39608
0.3451 0.32157 0.2549
0.3451 0.33725 0.25882
0.29804 0.30196 0.21961
0.27059 0.28235 0.19608
0.28235 0.30588 0.21176
0.2549 0.28235 0.19216
0.23529 0.25098 0.16863
0.31765 0.32549 0.24314
0.39608 0.34118 0.25882
0.37647 0.31373 0.23137
0.45882 0.4 0.32549
0.57647 0.52157 0.43529
0.2902 0.25098 0.18824
0.31765 0.30588 0.23922
0.32549 0.32157 0.25098
0.27451 0.27843 0.21176
0.27059 0.28235 0.20392
0.27843 0.29412 0.21176
0.24706 0.26275 0.17647
0.28235 0.29412 0.21176
0.54902 0.55686 0.47451
0.32549 0.2902 0.22353
0.52549 0.46275 0.34902
0.30196 0.26667 0.17255
0.26667 0.25098 0.17255
0.26275 0.2549 0.18431
0.24314 0.23529 0.17255
0.22353 0.21961 0.16078
0.21961 0.22745 0.16471
0.23922 0.24314 0.17255
0.54118 0.53725 0.46275
0.36078 0.33333 0.27843
0.63137 0.60784 0.55686
0.74902 0.70588 0.6
0.5451 0.49804 0.41961
0.40392 0.37647 0.29804
0.36078 0.33725 0.25882
0.34118 0.32549 0.25098
0.36078 0.3451 0.28235
0.41176 0.4 0.34118
0.55294 0.54902 0.48235
0.52549 0.49412 0.44706
0.56078 0.52549 0.48627
0.63137 0.6 0.55686
0.6549 0.62745 0.58039
0.66275 0.63922 0.58824
0.67059 0.64706 0.59608
0.67451 0.64314 0.59608
0.67059 0.63529 0.58039
0.66275 0.62353 0.56471
0.6549 0.61176 0.55294
0.63529 0.59608 0.53725
0.62353 0.58431 0.52549
0.60784 0.57255 0.51373
0.61176 0.58431 0.52157
0.61569 0.59216 0.52941
0.65098 0.62745 0.57255
0.66667 0.63922 0.59216
0.67843 0.65098 0.60392
0.68627 0.65882 0.60784
0.56863 0.52941 0.48235
0.57647 0.53725 0.4902
0.59216 0.55686 0.50588
0.60392 0.56863 0.51765
0.60392 0.56863 0.51765
0.60784 0.57255 0.52157
0.60784 0.56863 0.51373
0.60784 0.56471 0.50588
0.61176 0.56471 0.50196
0.61176 0.56471 0.5098
0.6 0.55294 0.49804
0.6 0.55294 0.50196
0.60392 0.55686 0.49804
0.60784 0.56863 0.50588
0.61961 0.58824 0.52157
0.61961 0.58431 0.53333
0.61569 0.58039 0.52941
0.63137 0.59608 0.54902
0.63137 0.59608 0.54902
0.60784 0.57647 0.52549
0.56078 0.53333 0.4902
0.63922 0.61569 0.56863
0.57647 0.53333 0.47843
0.58431 0.53725 0.47843
0.6 0.55294 0.49412
0.60784 0.56471 0.5098
0.61569 0.56863 0.51373
0.61569 0.56863 0.51373
0.61176 0.56471 0.50588
0.61569 0.56078 0.50196
0.62353 0.56471 0.50588
0.61569 0.56471 0.5098
0.60784 0.55294 0.50196
0.61176 0.55686 0.50196
0.60784 0.55686 0.49412
0.61569 0.56471 0.50196
0.61961 0.57647 0.5098
0.62353 0.57647 0.52157
0.61961 0.57255 0.51765
0.61176 0.56863 0.5098
0.58824 0.54902 0.49804
0.54902 0.51373 0.46275
0.52941 0.49412 0.45098
0.61569 0.56471 0.50196
0.61961 0.56863 0.50588
0.62745 0.57647 0.5098
0.62745 0.57647 0.50588
0.63137 0.58039 0.5098
0.63529 0.58431 0.51765
0.63137 0.58039 0.51373
0.63137 0.57255 0.50588
0.64314 0.58039 0.51373
0.64314 0.58431 0.51373
0.64314 0.58431 0.51373
0.64314 0.58431 0.51373
0.64706 0.59216 0.52157
0.66275 0.61176 0.54118
0.67059 0.61961 0.5451
0.67451 0.62353 0.54902
0.67059 0.61961 0.54902
0.66667 0.61176 0.54118
0.63922 0.59608 0.52549
0.59216 0.5451 0.47451
0.57647 0.52941 0.47059
0.69804 0.64706 0.57647
0.69804 0.64706 0.57255
0.70196 0.64706 0.57255
0.70196 0.64706 0.57647
0.70588 0.6549 0.58039
0.71373 0.66275 0.58824
0.72157 0.66667 0.59216
0.72549 0.66667 0.58824
0.72941 0.67059 0.58039
0.72941 0.67059 0.58039
0.72941 0.67059 0.58431
0.72941 0.67843 0.59608
0.72941 0.67843 0.6
0.72941 0.67843 0.6
0.73333 0.67843 0.6
0.72549 0.67451 0.59608
0.71765 0.66275 0.58431
0.69412 0.64706 0.56863
0.66667 0.61569 0.53725
0.60784 0.55686 0.49412
0.72157 0.66275 0.58431
0.72549 0.66667 0.58431
0.72549 0.67059 0.59216
0.71765 0.67059 0.58824
0.73333 0.67451 0.59216
0.73333 0.67451 0.59608
0.72941 0.67059 0.58824
0.73725 0.67843 0.59216
0.73333 0.67451 0.59216
0.72941 0.67843 0.59216
0.73333 0.68627 0.6
0.73333 0.68627 0.6
0.64706 0.59216 0.52549
0.73725 0.67843 0.59608
0.74118 0.67843 0.59608
0.74118 0.68235 0.6
0.74118 0.68235 0.59608
