0.60784 0.69412 0.78824
0.59608 0.6902 0.78431
0.61176 0.70196 0.79216
0.59216 0.69412 0.78824
0.6 0.69412 0.78824
0.61176 0.69412 0.78824
0.58824 0.6902 0.78824
0.59216 0.6902 0.78431
0.59608 0.6902 0.78431
0.61176 0.69412 0.78824
0.58824 0.6902 0.78824
0.58431 0.68627 0.78824
0.58824 0.68627 0.78431
0.59608 0.69412 0.78824
0.61569 0.69804 0.79216
0.59216 0.69412 0.79608
0.58824 0.69412 0.79216
0.58824 0.6902 0.78824
0.59216 0.69412 0.79216
0.58039 0.68627 0.78431
0.58431 0.68627 0.78039
0.6 0.6902 0.78431
0.61961 0.70196 0.79608
0.58824 0.6902 0.79216
0.58431 0.68627 0.78431
0.58824 0.6902 0.78824
0.58431 0.68627 0.78431
0.58824 0.6902 0.78824
0.58431 0.69412 0.78824
0.58431 0.69412 0.78824
0.58039 0.6902 0.78431
0.58039 0.6902 0.78431
0.58039 0.6902 0.78431
0.58431 0.69412 0.78824
0.59216 0.6902 0.78431
0.6 0.6902 0.78039
0.61569 0.69804 0.79216
0.58431 0.6902 0.79216
0.58431 0.68627 0.78824
0.58824 0.6902 0.79608
0.58824 0.6902 0.79216
0.58824 0.6902 0.78824
0.58824 0.69412 0.78824
0.58431 0.69412 0.78824
0.58431 0.69412 0.78824
0.58431 0.69412 0.78824
0.58039 0.6902 0.78431
0.58431 0.69412 0.78824
0.59216 0.6902 0.78431
0.60392 0.69412 0.78431
0.61176 0.69804 0.78824
0.58824 0.6902 0.79608
0.58431 0.68627 0.79216
0.58431 0.68627 0.79216
0.58824 0.69412 0.79216
0.58431 0.69412 0.79216
0.58431 0.69412 0.78824
0.57647 0.68627 0.78039
0.58431 0.69412 0.78824
0.58824 0.69804 0.79216
0.58431 0.69412 0.78824
0.58824 0.68627 0.78039
0.60392 0.69412 0.78431
0.61569 0.69804 0.79216
0.57647 0.69412 0.79608
0.57647 0.68627 0.79216
0.58039 0.68627 0.79216
0.58039 0.68627 0.79216
0.58039 0.6902 0.79608
0.58039 0.6902 0.79216
0.58039 0.68627 0.79216
0.58431 0.6902 0.79216
0.58039 0.6902 0.78431
0.58039 0.6902 0.78431
0.58431 0.69412 0.78824
0.59216 0.69412 0.79216
0.58824 0.68627 0.78039
0.6 0.69412 0.78431
0.61569 0.69804 0.79216
0.57255 0.6902 0.8
0.58039 0.69804 0.8
0.57647 0.69412 0.79608
0.57647 0.6902 0.79216
0.58039 0.69412 0.79608
0.57647 0.6902 0.79216
0.58039 0.69412 0.8
0.58824 0.6902 0.79608
0.58824 0.6902 0.79608
0.58431 0.68627 0.78431
0.58824 0.6902 0.78824
0.58824 0.69412 0.78824
0.59608 0.69804 0.79608
0.59216 0.6902 0.78431
0.60392 0.69804 0.78824
0.61569 0.69804 0.79216
0.57255 0.6902 0.8
0.57255 0.6902 0.8
0.57255 0.6902 0.79608
0.57255 0.6902 0.79608
0.57647 0.69412 0.79608
0.57647 0.69412 0.79608
0.57647 0.69412 0.79608
0.57255 0.6902 0.79216
0.57647 0.69412 0.79608
0.58431 0.69412 0.79608
0.58824 0.6902 0.79608
0.58431 0.6902 0.79216
0.58431 0.68627 0.78431
0.58824 0.6902 0.78824
0.58824 0.6902 0.78824
0.59608 0.69804 0.79608
0.59608 0.69804 0.79216
0.60784 0.70196 0.79216
0.61961 0.70588 0.79608
0.56863 0.6902 0.8
0.57255 0.69412 0.8
0.56471 0.68235 0.78824
0.57255 0.6902 0.79216
0.57255 0.6902 0.79216
0.57647 0.69412 0.79608
0.57647 0.69412 0.79608
0.57647 0.69412 0.79608
0.57255 0.6902 0.79216
0.57647 0.6902 0.79216
0.58039 0.6902 0.78431
0.58431 0.69412 0.78824
0.58431 0.69412 0.78824
0.58824 0.69804 0.79216
0.58824 0.69412 0.78824
0.58431 0.68627 0.78431
0.58824 0.69412 0.79216
0.59216 0.6902 0.78431
0.6 0.69804 0.78431
0.61569 0.70588 0.79216
0.56471 0.68627 0.79608
0.56863 0.6902 0.8
0.56863 0.6902 0.8
0.57647 0.69412 0.80392
0.57255 0.6902 0.79216
0.57255 0.6902 0.79216
0.57647 0.69412 0.79608
0.57255 0.6902 0.79216
0.57255 0.68627 0.78824
0.58039 0.69412 0.8
0.58431 0.69412 0.8
0.58039 0.69412 0.79608
0.58824 0.69412 0.79608
0.58431 0.6902 0.79216
0.58431 0.6902 0.78824
0.58431 0.69412 0.78824
0.59216 0.69804 0.79216
0.58824 0.6902 0.78824
0.59216 0.69412 0.79216
0.59216 0.69412 0.78824
0.6 0.69804 0.78431
0.61569 0.70588 0.79608
0.56078 0.68235 0.79216
0.56863 0.6902 0.79608
0.57255 0.6902 0.8
0.57647 0.6902 0.79216
0.57255 0.6902 0.79216
0.57647 0.69412 0.79608
0.57647 0.69412 0.79608
0.58039 0.69412 0.79608
0.58431 0.6902 0.79608
0.58431 0.6902 0.79608
0.58039 0.68627 0.79216
0.58039 0.68627 0.79216
0.58039 0.68627 0.79216
0.58824 0.69412 0.79608
0.58431 0.69412 0.78824
0.58824 0.69412 0.78824
0.58824 0.6902 0.78824
0.59216 0.69412 0.79216
0.59216 0.69412 0.78824
0.60392 0.69804 0.78824
0.61569 0.70588 0.79608
0.56863 0.68627 0.8
0.57255 0.6902 0.8
0.57255 0.6902 0.79608
0.57647 0.68627 0.79216
0.57647 0.68627 0.79216
0.57255 0.6902 0.79216
0.58824 0.69412 0.8
0.58824 0.6902 0.79608
0.58039 0.68627 0.79608
0.58039 0.68627 0.79216
0.58431 0.6902 0.79608
0.58431 0.6902 0.79608
0.58431 0.6902 0.79608
0.58824 0.69412 0.79608
0.58431 0.6902 0.79216
0.58431 0.6902 0.79608
0.59216 0.69804 0.79608
0.59608 0.69412 0.78824
0.6 0.69804 0.78431
0.61176 0.70196 0.79216
0.56863 0.68627 0.79608
0.57647 0.69412 0.80392
0.57255 0.6902 0.8
0.56863 0.68627 0.78824
0.57647 0.6902 0.79216
0.58431 0.6902 0.8
0.59216 0.69412 0.8
0.58824 0.6902 0.79608
0.58431 0.6902 0.79216
0.58431 0.6902 0.79608
0.58431 0.6902 0.79608
0.58431 0.6902 0.79216
0.58039 0.6902 0.79216
0.58431 0.6902 0.79608
0.58431 0.6902 0.79216
0.58039 0.6902 0.79216
0.58824 0.69412 0.79216
0.59216 0.6902 0.78431
0.6 0.69804 0.78431
0.60784 0.69804 0.78824
0.56863 0.68627 0.8
0.56863 0.68627 0.79608
0.56863 0.68627 0.79608
0.57647 0.69412 0.80392
0.56863 0.69412 0.79216
0.57255 0.6902 0.79216
0.58431 0.6902 0.79608
0.59216 0.6902 0.79216
0.59216 0.69412 0.79216
0.59216 0.69804 0.79216
0.58824 0.69804 0.79216
0.58039 0.6902 0.78431
0.58431 0.69412 0.78824
0.58431 0.69412 0.78824
0.58431 0.69412 0.78824
0.58431 0.69412 0.78824
0.58431 0.69412 0.78824
0.58431 0.69412 0.78824
0.59608 0.69804 0.78824
0.59608 0.69412 0.78431
0.57255 0.6902 0.80392
0.57255 0.6902 0.8
0.57255 0.6902 0.8
0.57647 0.69412 0.80392
0.57647 0.69412 0.79608
0.58039 0.6902 0.79608
0.58431 0.6902 0.79608
0.58824 0.69412 0.79216
0.58824 0.69804 0.79216
0.58824 0.69804 0.79216
0.58824 0.69804 0.79216
0.58824 0.69804 0.79216
0.58431 0.69412 0.78824
0.58824 0.69804 0.79216
0.58824 0.69412 0.79216
0.58824 0.69412 0.78824
0.58824 0.69412 0.78824
0.59216 0.69804 0.78824
0.59608 0.69412 0.78824
0.6 0.69412 0.78824
0.56471 0.68627 0.8
0.57255 0.6902 0.8
0.57255 0.6902 0.8
0.57255 0.6902 0.8
0.58039 0.6902 0.79608
0.58431 0.6902 0.79608
0.58431 0.6902 0.79608
0.58431 0.6902 0.79216
0.58824 0.69804 0.79216
0.58431 0.69412 0.78824
0.58824 0.69804 0.79216
0.58824 0.69804 0.79216
0.59216 0.70196 0.79608
0.58824 0.69804 0.79216
0.59216 0.69412 0.79216
0.59216 0.69412 0.78824
0.59216 0.69412 0.78431
0.56863 0.68627 0.79608
0.57255 0.6902 0.8
0.57647 0.69804 0.80784
0.58431 0.69412 0.8
0.58431 0.6902 0.79608
0.58824 0.69412 0.8
0.58824 0.69412 0.8
0.58431 0.6902 0.79608
0.58824 0.69412 0.8
0.58824 0.69412 0.79608
0.59216 0.69412 0.79216
0.59216 0.69412 0.79216
0.59216 0.69412 0.79216
0.59216 0.69412 0.79216
0.59216 0.69412 0.78824
0.56471 0.68627 0.8
0.56863 0.68627 0.79608
0.57255 0.6902 0.8
0.58039 0.6902 0.80392
0.58431 0.6902 0.79608
0.58824 0.69412 0.8
0.58824 0.69412 0.8
0.58824 0.69412 0.8
0.58824 0.69412 0.8
0.59216 0.69412 0.79608
0.59216 0.69804 0.79608
0.59216 0.69412 0.79216
0.58824 0.6902 0.78824
0.59216 0.69412 0.79216
0.59608 0.69804 0.79608
0.59608 0.69804 0.79216
0.58824 0.6902 0.78431
0.58824 0.6902 0.78431
0.56863 0.68627 0.8
0.56471 0.68627 0.8
0.56471 0.68627 0.79608
0.57255 0.6902 0.8
0.58431 0.6902 0.80392
0.58431 0.6902 0.8
0.58431 0.6902 0.79608
0.58824 0.69412 0.8
0.58824 0.69412 0.8
0.58824 0.6902 0.79608
0.58824 0.6902 0.78824
0.59608 0.69804 0.79608
0.59216 0.69412 0.79216
0.58824 0.6902 0.78824
0.59216 0.69412 0.79216
0.59216 0.69412 0.79216
0.59216 0.69412 0.79216
0.59216 0.69412 0.79216
0.59216 0.69412 0.79216
0.56863 0.6902 0.8
0.56078 0.68627 0.79608
0.56863 0.6902 0.8
0.57647 0.69412 0.80392
0.58431 0.69412 0.80784
0.58431 0.6902 0.8
0.58039 0.68627 0.79216
0.58431 0.6902 0.79608
0.58824 0.69412 0.8
0.59216 0.69412 0.8
0.58824 0.6902 0.78824
0.59216 0.69412 0.79216
0.59608 0.69804 0.79608
0.58824 0.6902 0.78824
0.59216 0.69412 0.79216
0.59608 0.69804 0.79608
0.59608 0.69804 0.79608
0.59216 0.69412 0.79216
0.56863 0.6902 0.8
0.56863 0.6902 0.8
0.56471 0.68627 0.79608
0.56471 0.68627 0.79608
0.57647 0.69412 0.8
0.57647 0.68627 0.79608
0.58824 0.69412 0.8
0.58824 0.69412 0.8
0.58824 0.69412 0.79608
0.59216 0.69412 0.8
0.59608 0.69804 0.8
0.59216 0.69412 0.79216
0.59608 0.69804 0.79608
0.59608 0.69804 0.8
0.59608 0.69804 0.8
0.6 0.70196 0.8
0.59216 0.69412 0.79216
0.59216 0.69412 0.79216
0.56471 0.68627 0.79608
0.56471 0.6902 0.8
0.56863 0.6902 0.8
0.57255 0.6902 0.79608
0.58039 0.68627 0.79216
0.58431 0.6902 0.80392
0.58431 0.6902 0.8
0.58824 0.69804 0.79608
0.58431 0.6902 0.78824
0.59216 0.69412 0.79216
0.59216 0.69412 0.79216
0.59608 0.69804 0.8
0.59216 0.69412 0.8
0.59216 0.69412 0.8
0.59216 0.69412 0.8
0.59216 0.69412 0.79216
0.58824 0.6902 0.78824
0.56863 0.6902 0.8
0.57255 0.69412 0.80392
0.57647 0.69412 0.8
0.58824 0.69412 0.8
0.58431 0.6902 0.80392
0.59608 0.70196 0.81176
0.59216 0.69804 0.8
0.58824 0.69412 0.79216
0.59216 0.69412 0.79216
0.59608 0.69804 0.79608
0.59216 0.69412 0.79216
0.59216 0.69412 0.8
0.59216 0.69412 0.8
0.59608 0.69804 0.80392
0.59216 0.69412 0.79216
0.56863 0.68627 0.79608
0.57647 0.69412 0.8
0.58431 0.6902 0.79608
0.58431 0.6902 0.8
0.58431 0.6902 0.8
0.58431 0.69412 0.79216
0.58824 0.69412 0.78824
0.59216 0.69412 0.79216
0.59216 0.69412 0.79216
0.59608 0.69804 0.8
0.59216 0.69412 0.8
0.59216 0.69412 0.8
0.59216 0.69412 0.8
0.57647 0.69412 0.8
0.57255 0.69412 0.79608
0.57647 0.6902 0.79608
0.58431 0.6902 0.79608
0.58824 0.69412 0.80784
0.59216 0.69804 0.80784
0.58431 0.6902 0.79216
0.58824 0.69804 0.79216
0.59216 0.70196 0.79608
0.59216 0.70196 0.79608
0.58824 0.69804 0.79608
0.58824 0.6902 0.8
0.58824 0.6902 0.79608
0.59216 0.69804 0.8
0.57647 0.69412 0.8
0.57647 0.69412 0.79608
0.58039 0.6902 0.79608
0.58431 0.68627 0.79216
0.58824 0.69412 0.80392
0.59608 0.70196 0.81176
0.58824 0.69412 0.79608
0.59216 0.70196 0.79608
0.59216 0.70196 0.79608
0.58824 0.69804 0.79608
0.59216 0.69804 0.80392
0.58824 0.69412 0.8
0.58824 0.69412 0.79608
0.57647 0.69412 0.79608
0.57647 0.6902 0.79216
0.58039 0.68627 0.79216
0.58824 0.69412 0.80784
0.59216 0.69804 0.80784
0.58824 0.69804 0.8
0.58824 0.69804 0.79216
0.58824 0.69804 0.79216
0.59216 0.69804 0.80392
0.59216 0.69804 0.80392
0.59216 0.69804 0.8
0.57647 0.6902 0.79608
0.58431 0.68627 0.79216
0.58824 0.69412 0.80392
0.58824 0.69412 0.8
