0.55294 0.53333 0.53725
0.55294 0.53333 0.53725
0.55686 0.52941 0.53725
0.55686 0.52941 0.54118
0.55686 0.53333 0.54118
0.55686 0.53725 0.5451
0.54902 0.52941 0.54118
0.56078 0.53333 0.5451
0.56078 0.52941 0.5451
0.56471 0.53333 0.5451
0.56471 0.53725 0.54902
0.55686 0.53333 0.54118
0.55294 0.52549 0.5451
0.54902 0.52157 0.5451
0.53725 0.51765 0.54118
0.5451 0.52549 0.54902
0.54118 0.52157 0.54118
0.5451 0.52549 0.5451
0.5451 0.52549 0.54118
0.53725 0.51765 0.53333
0.54118 0.52157 0.53333
0.54118 0.52157 0.53333
0.53333 0.51765 0.53333
0.53333 0.51765 0.53333
0.52941 0.5098 0.52549
0.52549 0.5098 0.52941
0.51373 0.50588 0.52157
0.5098 0.50196 0.52157
0.50196 0.48627 0.5098
0.50196 0.48627 0.51765
0.50196 0.48627 0.52549
0.50588 0.4902 0.52549
0.5098 0.48235 0.51765
0.5098 0.48627 0.52549
0.49804 0.48235 0.51373
0.49412 0.48627 0.5098
0.63137 0.60392 0.57647
0.63137 0.6 0.57647
0.63137 0.59608 0.57255
0.63137 0.59608 0.57255
0.63137 0.59608 0.57255
0.62745 0.6 0.57255
0.62745 0.59216 0.57255
0.62745 0.59216 0.56863
0.62745 0.58824 0.56863
0.62745 0.59216 0.56863
0.62745 0.59216 0.56863
0.62745 0.58824 0.57255
0.62745 0.58824 0.57647
0.61961 0.58824 0.57647
0.62353 0.59216 0.58039
0.61961 0.58824 0.57647
0.62353 0.58824 0.57647
0.61569 0.58431 0.57255
0.61569 0.58431 0.57255
0.61961 0.58824 0.56863
0.61961 0.58824 0.56863
0.61961 0.58824 0.57255
0.61569 0.58039 0.56863
0.61176 0.58039 0.56471
0.61176 0.58039 0.56471
0.60392 0.58039 0.56471
0.59608 0.57647 0.56078
0.59216 0.57255 0.55294
0.58824 0.56863 0.55686
0.58824 0.56471 0.56863
0.59216 0.56471 0.56863
0.58039 0.55686 0.55686
0.58039 0.55686 0.55294
0.56863 0.5451 0.54902
0.56863 0.54902 0.55294
0.62353 0.59608 0.56863
0.62353 0.59608 0.56471
0.62745 0.59216 0.56471
0.62353 0.58824 0.56078
0.63137 0.6 0.57255
0.62353 0.59608 0.57255
0.62353 0.58824 0.56863
0.62745 0.59216 0.57255
0.62745 0.59216 0.57255
0.62353 0.58824 0.56863
0.62353 0.58824 0.56863
0.62745 0.58824 0.56863
0.62745 0.58431 0.57255
0.61176 0.57647 0.56863
0.61569 0.57647 0.56863
0.61176 0.57255 0.56471
0.61569 0.57647 0.56863
0.61176 0.57647 0.56863
0.61176 0.58039 0.56471
0.61176 0.58431 0.55686
0.60784 0.58039 0.55686
0.61176 0.58039 0.56863
0.60784 0.57647 0.56471
0.60392 0.57255 0.56078
0.6 0.56863 0.55686
0.59608 0.57255 0.56078
0.59608 0.57647 0.56471
0.59216 0.57255 0.56078
0.58431 0.56471 0.55294
0.58431 0.56471 0.55686
0.58824 0.56078 0.55686
0.58824 0.55294 0.55294
0.58431 0.55294 0.55294
0.57647 0.5451 0.5451
0.56863 0.5451 0.5451
0.62745 0.59608 0.56471
0.62745 0.59216 0.56471
0.62745 0.59216 0.56471
0.62745 0.59216 0.56471
0.62353 0.59216 0.56471
0.62353 0.58824 0.56471
0.62745 0.59216 0.56863
0.62745 0.59216 0.56863
0.62353 0.58824 0.56471
0.62745 0.59216 0.57255
0.62745 0.58824 0.56863
0.62353 0.58431 0.56471
0.61569 0.58039 0.56471
0.61569 0.58039 0.56863
0.61176 0.57255 0.56078
0.61569 0.57647 0.56471
0.61176 0.58039 0.56471
0.61176 0.58431 0.56078
0.60784 0.58039 0.55294
0.60784 0.58039 0.55686
0.60784 0.58039 0.56078
0.60784 0.58039 0.56471
0.60784 0.57647 0.56471
0.59608 0.57255 0.55686
0.59216 0.57255 0.56078
0.58824 0.56863 0.55686
0.58824 0.56863 0.55294
0.58824 0.56863 0.55294
0.58824 0.56863 0.55294
0.59216 0.56471 0.55294
0.58824 0.55294 0.5451
0.58039 0.5451 0.53725
0.58039 0.5451 0.5451
0.57255 0.54118 0.5451
0.63137 0.6 0.56471
0.62353 0.58824 0.56078
0.62353 0.58824 0.56078
0.62353 0.58824 0.56078
0.62353 0.58824 0.56078
0.62745 0.59216 0.56471
0.62745 0.59216 0.56471
0.62353 0.58824 0.56078
0.61961 0.58431 0.56078
0.62353 0.58824 0.56863
0.61569 0.58039 0.56078
0.61569 0.58039 0.56078
0.62353 0.58824 0.56863
0.61961 0.58431 0.56471
0.61961 0.58431 0.56471
0.61961 0.58431 0.56078
0.61569 0.58431 0.56078
0.61569 0.58431 0.56078
0.61176 0.58039 0.55686
0.61176 0.57647 0.55686
0.60784 0.58039 0.55294
0.60392 0.57647 0.55686
0.60392 0.57255 0.56078
0.59608 0.56863 0.55686
0.59608 0.56863 0.55686
0.59216 0.56471 0.55686
0.58824 0.56078 0.54902
0.59216 0.56471 0.55294
0.58824 0.56078 0.54902
0.59216 0.55686 0.5451
0.58824 0.54902 0.54118
0.59216 0.55294 0.54902
0.58431 0.54902 0.54902
0.57647 0.54118 0.5451
0.62745 0.59608 0.56078
0.62745 0.59216 0.56471
0.62353 0.58824 0.56078
0.62745 0.59216 0.56471
0.62745 0.59216 0.56471
0.62745 0.59216 0.56471
0.62353 0.58824 0.56078
0.62353 0.59216 0.56078
0.62353 0.59608 0.56863
0.62353 0.59216 0.56863
0.61961 0.58431 0.56078
0.61961 0.58431 0.55686
0.62353 0.58824 0.56078
0.61961 0.58431 0.56471
0.61176 0.57647 0.55686
0.62353 0.58824 0.56863
0.61961 0.58431 0.56471
0.61569 0.57647 0.55686
0.61176 0.57647 0.55686
0.61176 0.57647 0.55686
0.60392 0.57255 0.54902
0.60392 0.56471 0.55294
0.60392 0.56471 0.55686
0.59608 0.56471 0.55294
0.59608 0.56471 0.55686
0.59216 0.56078 0.55294
0.59216 0.56078 0.54902
0.59216 0.56078 0.54902
0.59216 0.55686 0.5451
0.58824 0.55294 0.5451
0.58824 0.54902 0.54118
0.58824 0.54902 0.5451
0.58431 0.5451 0.5451
0.58039 0.5451 0.54902
0.62353 0.59608 0.56078
0.62353 0.58824 0.56471
0.62745 0.59216 0.56471
0.63137 0.59608 0.56863
0.63137 0.59608 0.56863
0.62745 0.59216 0.56471
0.62353 0.58824 0.56078
0.61569 0.58824 0.55686
0.61961 0.59216 0.56471
0.62745 0.6 0.57647
0.62353 0.58824 0.56078
0.62745 0.59216 0.56078
0.61569 0.58039 0.55294
0.61569 0.58039 0.55686
0.61569 0.58039 0.56078
0.61961 0.58431 0.56471
0.61961 0.58039 0.56471
0.61569 0.57647 0.55686
0.61569 0.57255 0.55686
0.61176 0.57647 0.55686
0.60784 0.56863 0.55294
0.60784 0.56863 0.55686
0.60392 0.56471 0.55686
0.60392 0.56471 0.55686
0.6 0.56078 0.55686
0.59608 0.55686 0.55294
0.59608 0.55686 0.54902
0.59216 0.55686 0.54902
0.58824 0.55294 0.5451
0.58824 0.55294 0.5451
0.59216 0.55294 0.5451
0.58824 0.54902 0.5451
0.58039 0.54118 0.54118
0.58039 0.5451 0.54902
0.62745 0.59608 0.56863
0.63137 0.59608 0.56863
0.63137 0.59608 0.56863
0.62745 0.59216 0.56471
0.63529 0.6 0.57255
0.63529 0.6 0.57255
0.62745 0.59608 0.56863
0.62353 0.59608 0.56078
0.61961 0.59216 0.56078
0.61961 0.59216 0.56863
0.62745 0.59216 0.56471
0.62745 0.59216 0.56471
0.62745 0.59216 0.56471
0.61961 0.58431 0.55294
0.61961 0.58039 0.55294
0.61961 0.58039 0.56078
0.61961 0.57647 0.56078
0.61569 0.57255 0.55686
0.61176 0.57647 0.55686
0.60784 0.57255 0.55686
0.61176 0.56863 0.56471
0.60784 0.56863 0.56078
0.60392 0.56471 0.55686
0.60392 0.56471 0.55686
0.6 0.56078 0.55294
0.60392 0.56471 0.55686
0.6 0.56078 0.54902
0.6 0.56078 0.55294
0.59216 0.55294 0.5451
0.59216 0.55294 0.5451
0.58824 0.54902 0.54118
0.58431 0.5451 0.53725
0.58039 0.5451 0.53725
0.57255 0.54118 0.53333
0.63922 0.6 0.57255
0.64314 0.6 0.57647
0.63529 0.59608 0.57255
0.63137 0.59216 0.56863
0.63529 0.59608 0.57255
0.63137 0.58824 0.56471
0.62745 0.59608 0.56471
0.62353 0.59608 0.56471
0.62353 0.59216 0.56078
0.62745 0.59216 0.56863
0.61961 0.58824 0.56471
0.62745 0.59216 0.56863
0.62745 0.59216 0.56471
0.62353 0.58824 0.56078
0.62353 0.58824 0.55686
0.62745 0.59216 0.56078
0.62353 0.58039 0.56078
0.61961 0.57647 0.56471
0.61961 0.57647 0.56078
0.61176 0.57255 0.55686
0.60784 0.57255 0.55686
0.60784 0.57255 0.55686
0.60392 0.56863 0.55294
0.60784 0.56863 0.55686
0.60392 0.56471 0.55686
0.60784 0.56863 0.56078
0.60784 0.56863 0.56078
0.60392 0.56078 0.55686
0.60392 0.56078 0.55686
0.59608 0.55294 0.54902
0.59608 0.55686 0.55294
0.59216 0.55294 0.5451
0.58039 0.54118 0.53725
0.58039 0.5451 0.54118
0.57255 0.54118 0.53333
0.64314 0.6 0.57647
0.64314 0.6 0.57647
0.63922 0.59608 0.57647
0.64314 0.6 0.57647
0.64314 0.59608 0.57255
0.63529 0.59216 0.56863
0.62745 0.59216 0.56471
0.61961 0.59608 0.56471
0.62745 0.59608 0.56471
0.62745 0.59216 0.56471
0.61961 0.58431 0.56471
0.61961 0.58431 0.56078
0.62745 0.59216 0.56471
0.62745 0.59216 0.56471
0.62745 0.59216 0.56078
0.62353 0.58824 0.56078
0.62745 0.58431 0.56471
0.62745 0.58431 0.56863
0.61961 0.57647 0.56078
0.61569 0.58039 0.56078
0.61176 0.57647 0.55686
0.60392 0.56863 0.54902
0.60392 0.56863 0.54902
0.60784 0.57255 0.55294
0.60392 0.56863 0.55686
0.59608 0.55686 0.54902
0.6 0.56078 0.55294
0.59608 0.56078 0.55294
0.59216 0.55686 0.55294
0.58431 0.55294 0.5451
0.58824 0.55294 0.5451
0.59216 0.55294 0.54902
0.58824 0.54902 0.5451
0.58039 0.5451 0.54118
0.57255 0.54118 0.53333
0.63529 0.6 0.57647
0.63529 0.6 0.58039
0.63529 0.6 0.57647
0.63922 0.59608 0.57255
0.64314 0.60392 0.57255
0.63922 0.59608 0.57255
0.62745 0.59216 0.56471
0.62745 0.59216 0.56471
0.63137 0.59608 0.56863
0.62745 0.59216 0.56471
0.63137 0.59608 0.56863
0.62353 0.58824 0.56471
0.62745 0.59216 0.56471
0.62353 0.58824 0.56078
0.61569 0.58039 0.55294
0.61961 0.58431 0.55686
0.62353 0.58824 0.56078
0.61961 0.58039 0.55686
0.61961 0.57647 0.56078
0.61961 0.57647 0.56078
0.61569 0.57255 0.55294
0.61176 0.57647 0.55294
0.60784 0.57255 0.55686
0.60392 0.56471 0.55686
0.6 0.56863 0.55686
0.59216 0.56078 0.54902
0.59216 0.55686 0.54902
0.59608 0.56471 0.55686
0.58824 0.56078 0.55294
0.57647 0.55686 0.5451
0.57647 0.55294 0.5451
0.57647 0.55686 0.5451
0.58039 0.54902 0.54118
0.57255 0.54118 0.53333
0.57647 0.5451 0.53725
0.63529 0.6 0.58039
0.63529 0.6 0.58039
0.63529 0.6 0.58039
0.63529 0.59608 0.56863
0.63922 0.59608 0.56471
0.63922 0.59608 0.57255
0.63529 0.59608 0.57255
0.63137 0.59608 0.56863
0.63137 0.59608 0.56863
0.63137 0.59608 0.56863
0.63529 0.6 0.57255
0.63137 0.59608 0.56863
0.63529 0.6 0.57255
0.62745 0.59216 0.56471
0.61961 0.58431 0.55686
0.62353 0.58824 0.56078
0.61961 0.58431 0.55686
0.61961 0.58039 0.56078
0.62353 0.58039 0.56471
0.61569 0.57255 0.55686
0.61569 0.57647 0.55686
0.61176 0.58039 0.55294
0.61176 0.57647 0.56078
0.60784 0.56863 0.56078
0.6 0.56863 0.55686
0.59608 0.56471 0.55294
0.58824 0.55686 0.5451
0.58824 0.55686 0.54902
0.58824 0.56078 0.55294
0.58039 0.56078 0.54902
0.58039 0.56078 0.54902
0.57647 0.55294 0.54118
0.57647 0.54902 0.54118
0.57647 0.5451 0.53333
0.57647 0.5451 0.53333
0.64314 0.60784 0.58039
0.63922 0.60392 0.58039
0.63529 0.6 0.58039
0.63529 0.6 0.58039
0.63529 0.59608 0.56863
0.63922 0.59608 0.56471
0.63922 0.59608 0.57255
0.63529 0.59608 0.56863
0.63137 0.59608 0.56863
0.63137 0.59608 0.56863
0.63529 0.6 0.57255
0.62745 0.59216 0.56471
0.63137 0.59608 0.56863
0.61961 0.58431 0.55686
0.62353 0.58824 0.56078
0.62745 0.59216 0.56471
0.62353 0.58824 0.56078
0.62353 0.58824 0.56078
0.62353 0.58431 0.56471
0.62353 0.58039 0.56471
0.61961 0.57647 0.56078
0.61569 0.57647 0.55686
0.61176 0.57647 0.54902
0.60784 0.57255 0.55686
0.61176 0.57255 0.56471
0.6 0.56863 0.55686
0.59608 0.56471 0.55294
0.59608 0.56471 0.55294
0.59216 0.55686 0.54902
0.58824 0.56078 0.55294
0.57647 0.55686 0.5451
0.57647 0.55686 0.5451
0.57255 0.55294 0.54118
0.58431 0.55294 0.5451
0.58039 0.54902 0.54118
0.57647 0.5451 0.53333
0.63529 0.59608 0.56863
0.63922 0.6 0.58039
0.63529 0.6 0.57647
0.63529 0.6 0.57647
0.64314 0.60392 0.57255
0.63922 0.6 0.56471
0.63529 0.59216 0.56863
0.63922 0.59608 0.57255
0.63529 0.59608 0.57255
0.63529 0.6 0.56471
0.63529 0.6 0.56471
0.62745 0.59216 0.56078
0.62745 0.59216 0.56471
0.62353 0.58824 0.56078
0.63137 0.59608 0.56863
0.62745 0.59216 0.56078
0.62353 0.58824 0.55686
0.62745 0.59216 0.55686
0.62745 0.58824 0.56078
0.62353 0.58039 0.56078
0.62353 0.58039 0.56078
0.61569 0.57647 0.55294
0.60784 0.57255 0.55294
0.61176 0.57255 0.55686
0.61176 0.57255 0.56471
0.60392 0.56863 0.55686
0.60392 0.56863 0.55294
0.60392 0.57255 0.54902
0.59216 0.55686 0.5451
0.59216 0.55686 0.54902
0.58431 0.56078 0.5451
0.58039 0.56078 0.54902
0.57255 0.55294 0.54118
0.57647 0.5451 0.53725
0.57255 0.54902 0.53725
0.56863 0.54902 0.53725
0.65098 0.61176 0.57647
0.64706 0.60392 0.57255
0.63529 0.6 0.57255
0.63529 0.6 0.57255
0.63922 0.60392 0.57647
0.64314 0.60392 0.56863
0.63922 0.6 0.56863
0.63529 0.59216 0.56471
0.63137 0.59216 0.56471
0.63529 0.59216 0.56471
0.63922 0.60392 0.56863
0.63529 0.6 0.56471
0.62745 0.59216 0.55686
0.63137 0.59608 0.56863
0.62745 0.59216 0.56471
0.62353 0.58824 0.56078
0.62353 0.58824 0.56078
0.62745 0.58824 0.56078
0.62353 0.58824 0.56078
0.62353 0.58431 0.56078
0.62353 0.58039 0.55686
0.62353 0.58039 0.55686
0.61961 0.58039 0.55686
0.61176 0.57647 0.55686
0.61176 0.57255 0.56078
0.60784 0.56863 0.56078
0.61176 0.57255 0.56078
0.60784 0.57255 0.55686
0.61176 0.57647 0.54902
0.60392 0.56471 0.55294
0.59216 0.55686 0.54902
0.58431 0.56078 0.5451
0.57647 0.55686 0.5451
0.57647 0.55294 0.5451
0.57255 0.54118 0.53333
0.56863 0.54118 0.52941
0.56471 0.5451 0.53333
0.56078 0.54118 0.52941
0.6549 0.61569 0.57647
0.65098 0.61176 0.57255
0.63922 0.60392 0.57255
0.63137 0.6 0.57255
0.63137 0.59608 0.57255
0.63922 0.6 0.56471
0.64314 0.60392 0.56863
0.64314 0.60392 0.56863
0.63137 0.59216 0.55686
0.63529 0.59608 0.56078
0.63529 0.6 0.57255
0.63529 0.6 0.57255
0.63529 0.6 0.57255
0.63137 0.59608 0.56863
0.63137 0.59608 0.56863
0.62745 0.59608 0.56471
0.62745 0.58824 0.56471
0.63137 0.58824 0.56863
0.62745 0.58431 0.56471
0.62353 0.58039 0.55686
0.62353 0.58039 0.55686
0.61961 0.57647 0.55294
0.62353 0.58039 0.55686
0.61569 0.58039 0.56078
0.61569 0.57647 0.56471
0.61176 0.56863 0.56471
0.60784 0.56863 0.56078
0.60784 0.57255 0.55686
0.61176 0.57647 0.55294
0.60784 0.56863 0.55686
0.59216 0.55686 0.54902
0.58824 0.56471 0.54902
0.57647 0.55686 0.5451
0.57647 0.55686 0.5451
0.58039 0.54902 0.54118
0.56863 0.54118 0.52941
0.56471 0.5451 0.53333
0.55686 0.53725 0.52549
0.66275 0.62353 0.58431
0.65098 0.61176 0.58039
0.64706 0.60784 0.57647
0.64706 0.60784 0.58039
0.64314 0.60392 0.57647
0.63529 0.6 0.56863
0.64314 0.6 0.56863
0.63922 0.60392 0.56471
0.63922 0.60392 0.56471
0.63922 0.60392 0.56863
0.63137 0.59608 0.56471
0.62745 0.59216 0.56471
0.62745 0.59216 0.56471
0.63137 0.59608 0.56863
0.63137 0.59608 0.56863
0.63137 0.59608 0.56863
0.62745 0.59216 0.56471
0.62745 0.59216 0.56863
0.62745 0.58824 0.56471
0.62353 0.58431 0.56471
0.62745 0.58824 0.56471
0.62353 0.58039 0.56471
0.62745 0.58431 0.56471
0.61961 0.58039 0.56078
0.61569 0.58039 0.56078
0.61176 0.57647 0.56078
0.61176 0.57255 0.55686
0.60784 0.57255 0.55686
0.60784 0.57255 0.55294
0.61176 0.57647 0.55686
0.59608 0.56471 0.5451
0.59216 0.56078 0.5451
0.59216 0.56078 0.54902
0.58431 0.55686 0.5451
0.58431 0.55294 0.5451
0.58431 0.55294 0.5451
0.57255 0.54902 0.53725
0.56471 0.54902 0.53333
0.56078 0.53725 0.53333
0.56078 0.53725 0.53333
0.66275 0.62353 0.58431
0.6549 0.61569 0.58039
0.64706 0.60784 0.57255
0.65098 0.60784 0.57255
0.64706 0.60784 0.57255
0.64314 0.60392 0.56863
0.64314 0.60392 0.56863
0.63529 0.6 0.56078
0.63137 0.6 0.55686
0.63529 0.6 0.56471
0.63137 0.59608 0.56863
0.63137 0.59608 0.56863
0.63529 0.6 0.57255
0.63529 0.6 0.57255
0.62745 0.59216 0.56471
0.63529 0.6 0.57255
0.62745 0.59216 0.56471
0.62353 0.58824 0.56078
0.62353 0.58824 0.56078
0.62745 0.59216 0.56471
0.62353 0.58431 0.55686
0.62353 0.58039 0.55686
0.62353 0.58039 0.55686
0.61961 0.57647 0.55686
0.61569 0.58039 0.55686
0.61176 0.57647 0.55686
0.61176 0.57647 0.55294
0.60392 0.57647 0.55294
0.6 0.57255 0.54902
0.6 0.57255 0.54902
0.59608 0.56863 0.5451
0.59216 0.56078 0.54118
0.58824 0.55686 0.5451
0.59216 0.55686 0.5451
0.58431 0.55294 0.54118
0.58431 0.54902 0.54118
0.57255 0.5451 0.53725
0.56863 0.54902 0.53725
0.56078 0.53725 0.53725
0.55686 0.53333 0.53333
0.6549 0.61569 0.57647
0.65098 0.61176 0.56863
0.64314 0.60392 0.56078
0.64314 0.60392 0.56471
0.63922 0.6 0.56471
0.63922 0.6 0.56471
0.63529 0.59608 0.56078
0.62745 0.59608 0.55686
0.63137 0.59608 0.56471
0.63529 0.6 0.57255
0.63529 0.6 0.57255
0.63137 0.59608 0.56863
0.63137 0.59608 0.56863
0.62745 0.59216 0.56471
0.63137 0.59608 0.56863
0.62745 0.59216 0.56471
0.63137 0.59608 0.56863
0.62745 0.59216 0.56471
0.62353 0.58824 0.56078
0.62745 0.58824 0.56078
0.63529 0.59216 0.56471
0.62353 0.58039 0.55294
0.61569 0.57647 0.54902
0.61176 0.57647 0.54902
0.61176 0.57647 0.54902
0.61176 0.57647 0.55294
0.60784 0.57647 0.55686
0.6 0.57255 0.54902
0.59608 0.56863 0.5451
0.59608 0.56863 0.5451
0.59216 0.56471 0.54118
0.58824 0.55686 0.5451
0.58431 0.55294 0.54118
0.58431 0.55294 0.54118
0.58431 0.54902 0.5451
0.57647 0.55294 0.54118
0.56863 0.54902 0.53725
0.56863 0.5451 0.5451
0.56078 0.53725 0.54118
0.6549 0.61569 0.57647
0.65098 0.61176 0.57255
0.6549 0.61176 0.57647
0.65098 0.60784 0.57255
0.64314 0.60392 0.56863
0.63922 0.60392 0.56471
0.63529 0.60392 0.56471
0.63137 0.59608 0.56471
0.63529 0.6 0.57255
0.63529 0.6 0.57255
0.63137 0.59608 0.56863
0.63922 0.60392 0.57255
0.63529 0.6 0.56863
0.63529 0.6 0.57255
0.63529 0.6 0.56863
0.63137 0.6 0.56863
0.62353 0.59216 0.56078
0.61961 0.58431 0.55686
0.62745 0.58824 0.56078
0.63137 0.58824 0.55686
0.62353 0.58431 0.54902
0.61961 0.58039 0.5451
0.61176 0.57647 0.5451
0.61176 0.57647 0.5451
0.60392 0.56863 0.54118
0.6 0.56471 0.54118
0.60392 0.56863 0.5451
0.58824 0.55294 0.53333
0.58824 0.56078 0.53725
0.58039 0.55294 0.52941
0.57647 0.5451 0.53333
0.57647 0.5451 0.53333
0.57255 0.54118 0.52941
0.56863 0.53725 0.52549
0.55686 0.52941 0.51765
0.54902 0.52941 0.51765
0.54902 0.52549 0.52157
0.54118 0.51765 0.51373
0.65098 0.61176 0.57255
0.6549 0.61176 0.57255
0.6549 0.60784 0.56863
0.64706 0.60784 0.57255
0.63922 0.60392 0.56863
0.63529 0.60392 0.56471
0.63529 0.6 0.56863
0.63529 0.6 0.57255
0.63529 0.6 0.57255
0.63529 0.6 0.56471
0.63922 0.60392 0.56471
0.63137 0.6 0.56078
0.63529 0.6 0.57255
0.63529 0.59608 0.56471
0.62745 0.59216 0.56471
0.62745 0.58824 0.56471
0.62353 0.58431 0.56078
0.60784 0.56471 0.54118
0.58039 0.54118 0.51373
0.56471 0.52549 0.4902
0.5451 0.50588 0.46667
0.53333 0.49412 0.4549
0.52157 0.48235 0.45098
0.50588 0.47059 0.44314
0.5098 0.47451 0.44706
0.5098 0.47451 0.45098
0.49804 0.46667 0.44706
0.49412 0.46667 0.44314
0.49412 0.46667 0.44314
0.48627 0.4549 0.44314
0.48235 0.45098 0.43922
0.47059 0.43922 0.42745
0.47059 0.43922 0.42745
0.6549 0.60392 0.56863
0.65098 0.60392 0.56863
0.64314 0.60392 0.56863
0.63529 0.60392 0.56471
0.63529 0.6 0.56078
0.63529 0.6 0.56863
0.63137 0.59608 0.56863
0.62745 0.59216 0.56471
0.63529 0.6 0.56863
0.64314 0.61176 0.56863
0.63922 0.6 0.56471
0.63922 0.59608 0.57255
0.63529 0.59608 0.56863
0.61961 0.58431 0.54902
0.59216 0.54902 0.51765
0.56471 0.51765 0.4902
0.54902 0.49804 0.46667
0.53725 0.4902 0.45098
0.52941 0.48235 0.44706
0.52549 0.47843 0.44314
0.51373 0.47451 0.43529
0.5098 0.47451 0.44314
0.50588 0.47059 0.44706
0.49804 0.46275 0.43529
0.4902 0.4549 0.43137
0.4902 0.4549 0.43529
0.47843 0.45098 0.42745
0.47843 0.45098 0.43137
0.47843 0.44706 0.43529
0.47059 0.43922 0.42745
0.46275 0.43137 0.41961
0.6549 0.60392 0.56863
0.63922 0.6 0.56471
0.63529 0.6 0.56471
0.63922 0.60392 0.56471
0.63529 0.6 0.56471
0.63529 0.6 0.57255
0.63529 0.6 0.57255
0.63922 0.6 0.56863
0.63922 0.60392 0.56471
0.63529 0.59608 0.56078
0.63529 0.59216 0.56471
0.62353 0.58039 0.54902
0.58431 0.5451 0.49804
0.56471 0.52157 0.47059
0.56078 0.5098 0.46275
0.55294 0.50196 0.4549
0.5451 0.49804 0.4549
0.53725 0.48627 0.45098
0.53725 0.4902 0.4549
0.52157 0.48235 0.44706
0.5098 0.47451 0.44314
0.50588 0.47451 0.44314
0.50196 0.46667 0.43529
0.4902 0.4549 0.43137
0.49412 0.45882 0.43922
0.4902 0.45882 0.43529
0.47451 0.44314 0.42745
0.47843 0.44706 0.43529
0.46667 0.43529 0.42353
0.46667 0.43529 0.42353
0.65882 0.60784 0.57647
0.64314 0.60392 0.56863
0.63922 0.6 0.56471
0.64706 0.60784 0.57255
0.64314 0.60392 0.56863
0.64706 0.60784 0.57255
0.64706 0.60784 0.57255
0.64706 0.60392 0.56863
0.65098 0.6 0.57255
0.64706 0.6 0.56471
0.62353 0.57255 0.53725
0.58824 0.53333 0.4902
0.58039 0.52549 0.47843
0.57255 0.51765 0.47059
0.56471 0.51765 0.46275
0.55294 0.50588 0.46275
0.55294 0.50196 0.46667
0.53725 0.49804 0.46275
0.52941 0.4902 0.4549
0.52157 0.47843 0.4549
0.5098 0.47451 0.44706
0.51765 0.48627 0.4549
0.51373 0.48627 0.45098
0.50196 0.47059 0.44314
0.49412 0.4549 0.43922
0.4902 0.4549 0.43529
0.48235 0.44706 0.43137
0.47843 0.44706 0.43529
0.47059 0.43922 0.42745
0.6549 0.61176 0.57647
0.64706 0.60784 0.57255
0.64706 0.60784 0.57255
0.64706 0.60784 0.57255
0.64314 0.60392 0.56863
0.63922 0.6 0.56471
0.64314 0.59608 0.56471
0.64314 0.59216 0.56078
0.64314 0.58824 0.55294
0.59608 0.5451 0.50196
0.58824 0.52941 0.47843
0.58431 0.52941 0.47451
0.58039 0.52549 0.47451
0.56471 0.51765 0.46275
0.56078 0.51373 0.46667
0.55686 0.50588 0.47451
0.54902 0.5098 0.47059
0.53725 0.49804 0.46667
0.52941 0.48627 0.46275
0.52157 0.48627 0.45882
0.52157 0.49412 0.46275
0.51765 0.4902 0.45882
0.5098 0.47843 0.45882
0.5098 0.47059 0.45882
0.50196 0.46275 0.44706
0.50196 0.46667 0.44706
0.4902 0.45882 0.44706
0.48627 0.4549 0.44314
0.65098 0.60784 0.57255
0.64706 0.61176 0.57255
0.64314 0.60392 0.56863
0.64314 0.60392 0.56863
0.63922 0.6 0.56471
0.63922 0.60392 0.56863
0.65098 0.60784 0.57255
0.64706 0.59608 0.56471
0.62353 0.56863 0.52549
0.60784 0.5451 0.49804
0.6 0.53725 0.48627
0.59608 0.53725 0.4902
0.59216 0.53725 0.49412
0.58431 0.53725 0.4902
0.58431 0.53333 0.49412
0.58824 0.53725 0.50196
0.56471 0.52157 0.48627
0.5451 0.50196 0.47059
0.53333 0.49412 0.47059
0.52157 0.48627 0.45882
0.51765 0.48627 0.45882
0.51765 0.48627 0.46667
0.5098 0.47843 0.46275
0.51765 0.47843 0.47059
0.50588 0.47059 0.4549
0.48627 0.4549 0.43529
0.47843 0.44706 0.43529
0.64706 0.60784 0.57255
0.65098 0.61176 0.57647
0.64314 0.60392 0.56863
0.65098 0.60392 0.56863
0.65098 0.6 0.56863
0.64314 0.60392 0.56471
0.65098 0.60392 0.56471
0.64706 0.59608 0.55294
0.61961 0.56078 0.5098
0.61176 0.55294 0.4902
0.61569 0.55294 0.50588
0.61961 0.56078 0.52157
0.61176 0.56078 0.51765
0.59216 0.5451 0.50588
0.56078 0.51765 0.48235
0.55294 0.50588 0.47451
0.52941 0.47843 0.4549
0.51765 0.47451 0.4549
0.51765 0.48235 0.45882
0.50588 0.47451 0.4549
0.5098 0.47059 0.46275
0.5098 0.47059 0.46275
0.49412 0.46275 0.45098
0.49804 0.46667 0.46667
0.48627 0.45882 0.4549
0.46275 0.43137 0.42353
0.64706 0.60784 0.57255
0.64706 0.60784 0.57255
0.64706 0.6 0.56471
0.65098 0.6 0.56863
0.65098 0.60392 0.56863
0.65098 0.59608 0.55686
0.63922 0.58431 0.53725
0.61961 0.56471 0.5098
0.62353 0.57255 0.50588
0.62353 0.56863 0.51765
0.59608 0.54118 0.50196
0.53725 0.48627 0.45098
0.53333 0.4902 0.4549
0.53725 0.49804 0.46667
0.53333 0.4902 0.46667
0.53725 0.49412 0.47843
0.53725 0.49412 0.47843
0.53725 0.49804 0.48235
0.54118 0.50196 0.49412
0.54118 0.49804 0.49804
0.54118 0.49804 0.49412
0.52549 0.49412 0.48627
0.51373 0.48627 0.4902
0.49804 0.47843 0.47843
0.48235 0.45882 0.45882
0.65098 0.61176 0.57647
0.64706 0.60784 0.57255
0.64706 0.6 0.56863
0.65098 0.6 0.56863
0.6549 0.60392 0.56863
0.65098 0.59608 0.55686
0.63922 0.57647 0.53725
0.63922 0.58431 0.52941
0.62745 0.58039 0.51373
0.55294 0.50196 0.4549
0.54118 0.4902 0.4549
0.55294 0.5098 0.47451
0.55294 0.51765 0.48627
0.5451 0.5098 0.48235
0.5451 0.50588 0.48627
0.54902 0.5098 0.49412
0.54118 0.50588 0.49412
0.53333 0.5098 0.49412
0.52549 0.49804 0.48627
0.53333 0.50588 0.50196
0.54118 0.50196 0.50196
0.52941 0.49804 0.4902
0.52549 0.49804 0.50588
0.51765 0.49804 0.50196
0.63922 0.59608 0.56471
0.63922 0.58824 0.55686
0.64706 0.59216 0.55294
0.65098 0.58824 0.5451
0.6549 0.58824 0.53333
0.57647 0.51765 0.45882
0.54902 0.49804 0.44314
0.56471 0.51765 0.47059
0.56471 0.52157 0.48627
0.55686 0.51765 0.4902
0.53333 0.49804 0.47843
0.51765 0.4902 0.47059
0.50196 0.47843 0.46275
0.51373 0.49412 0.47451
0.53725 0.51765 0.49804
0.53333 0.51373 0.50196
0.52549 0.50588 0.50196
0.51765 0.49412 0.49804
0.52157 0.50196 0.50588
0.52157 0.50588 0.5098
0.59608 0.52941 0.47451
0.56863 0.5098 0.45098
0.56863 0.51765 0.46667
0.57647 0.52549 0.48235
0.57255 0.52549 0.49412
0.44314 0.40392 0.37647
0.32941 0.29412 0.27059
0.29412 0.26667 0.23922
0.27451 0.2549 0.22353
0.29412 0.27451 0.24314
0.34902 0.32941 0.3098
0.41961 0.4 0.38431
0.49804 0.47843 0.47451
0.51373 0.49804 0.50196
0.51765 0.50196 0.50588
0.58039 0.51765 0.47059
0.56471 0.51373 0.46667
0.58039 0.52941 0.49412
0.42745 0.38431 0.34902
0.21569 0.18039 0.1451
0.18431 0.14902 0.11373
0.19608 0.16078 0.12549
0.16471 0.13333 0.098039
0.16078 0.13725 0.10588
0.20784 0.18824 0.16863
0.22745 0.20784 0.19608
0.27451 0.25098 0.25098
0.51765 0.46667 0.43529
0.23529 0.18431 0.15294
0.18431 0.13725 0.10196
0.18039 0.14118 0.10588
0.17255 0.13725 0.098039
0.17255 0.14118 0.10196
0.16863 0.13725 0.10196
0.16471 0.1451 0.12157
0.17255 0.15686 0.13725
0.21961 0.20784 0.19608
0.24706 0.22745 0.22353
0.44706 0.40392 0.36471
0.2 0.15686 0.11765
0.18824 0.14902 0.1098
0.18824 0.14902 0.1098
0.17647 0.14118 0.10588
0.17255 0.14118 0.10196
0.17255 0.1451 0.10588
0.16078 0.13725 0.10588
0.15294 0.14118 0.11373
0.16078 0.15294 0.12941
0.20784 0.18824 0.17647
0.27843 0.2549 0.25882
0.2 0.16078 0.12157
0.19608 0.15294 0.11373
0.19216 0.15294 0.11765
0.17647 0.1451 0.1098
0.16863 0.1451 0.10588
0.17255 0.14902 0.1098
0.16863 0.14118 0.1098
0.16471 0.1451 0.11373
0.16078 0.14118 0.11765
0.16863 0.14902 0.12549
0.23922 0.21961 0.21569
0.3451 0.30196 0.26275
0.18824 0.14118 0.10588
0.18824 0.1451 0.1098
0.18431 0.15294 0.11373
0.18039 0.15686 0.11373
0.17255 0.15294 0.10588
0.17647 0.15294 0.10588
0.17647 0.14902 0.11373
0.17255 0.1451 0.11765
0.16863 0.14118 0.11373
0.26275 0.23922 0.23137
0.27843 0.23922 0.2
0.18824 0.15686 0.11373
0.17255 0.1451 0.098039
0.18039 0.15686 0.1098
0.18431 0.15294 0.11765
0.18431 0.15294 0.12941
0.17647 0.14118 0.12549
0.20784 0.17255 0.15294
0.38824 0.34902 0.3098
0.27843 0.23922 0.2
0.23137 0.18824 0.15294
0.21176 0.17255 0.13333
0.27059 0.22745 0.2
