0.81176 0.8 0.76078
0.83137 0.8 0.75294
0.83137 0.80784 0.76471
0.83529 0.80784 0.76471
0.82353 0.79608 0.75686
0.82353 0.80392 0.76471
0.83137 0.80392 0.76078
0.83529 0.80392 0.76078
0.83529 0.8 0.74902
0.83529 0.8 0.75686
0.81961 0.80392 0.76863
0.83137 0.8 0.75686
0.83529 0.8 0.75686
0.82745 0.78824 0.73333
0.82745 0.8 0.75294
0.81961 0.8 0.75294
0.82353 0.79216 0.74902
0.82745 0.79608 0.75294
0.80392 0.75686 0.69412
0.82353 0.79216 0.74902
0.81961 0.78824 0.74118
0.83137 0.79216 0.7451
0.76471 0.70588 0.63529
0.72157 0.6549 0.57255
