0.87843 0.77647 0.67059
0.87843 0.77647 0.67059
0.88627 0.77255 0.67059
0.87059 0.76863 0.66275
0.87843 0.77647 0.67059
0.87451 0.77255 0.66667
0.87059 0.76863 0.66275
0.88235 0.77255 0.66667
0.8902 0.77255 0.67059
0.87451 0.76863 0.66275
0.86667 0.76471 0.65882
0.87843 0.77647 0.67059
0.87451 0.77255 0.66667
0.87843 0.77647 0.67059
0.87451 0.77255 0.66667
0.87843 0.76863 0.66275
0.88235 0.76471 0.66275
0.87451 0.76863 0.66275
0.86275 0.75686 0.65098
0.87059 0.76471 0.65882
0.87843 0.77255 0.66667
0.88627 0.78431 0.67843
0.88235 0.78039 0.67451
0.87843 0.77647 0.67059
0.87451 0.77255 0.66667
0.88627 0.78039 0.67451
0.88235 0.76471 0.66275
0.88235 0.77647 0.67059
0.87451 0.76863 0.66275
0.87451 0.76863 0.66275
0.87451 0.76863 0.66275
0.87843 0.77255 0.66667
0.87843 0.77647 0.67059
0.87451 0.77255 0.66667
0.88235 0.77647 0.67059
0.89412 0.78431 0.67843
0.88627 0.76863 0.66667
0.8902 0.78431 0.67843
0.87059 0.76471 0.65882
0.87843 0.77255 0.66667
0.88235 0.77647 0.67059
0.87451 0.77255 0.66275
0.87451 0.77255 0.66667
0.88235 0.78039 0.67451
0.88627 0.78039 0.67451
0.8902 0.77255 0.67059
0.88235 0.77647 0.67059
0.88235 0.77255 0.66667
0.88627 0.77647 0.67451
0.88627 0.78039 0.67451
0.87843 0.77647 0.66667
0.88627 0.77647 0.66667
0.89412 0.78431 0.67843
0.89412 0.78039 0.67451
