0.7098 0.64706 0.58431
0.70588 0.65098 0.58039
0.71373 0.6549 0.58824
0.71765 0.65882 0.58824
0.71765 0.65882 0.58824
0.71765 0.65882 0.58431
0.71373 0.65882 0.58431
0.7098 0.65882 0.58431
0.71765 0.65882 0.58431
0.70588 0.64706 0.57647
0.72157 0.66275 0.58039
0.71765 0.65882 0.57647
0.71765 0.66275 0.58039
0.71373 0.66667 0.58039
0.71765 0.66275 0.58039
0.71765 0.65882 0.58039
0.72157 0.66275 0.58431
0.72157 0.66667 0.58431
0.71765 0.66667 0.58431
0.71765 0.65882 0.58039
0.7098 0.65098 0.57647
0.70196 0.64314 0.58039
0.72941 0.67059 0.6
0.72941 0.67059 0.59608
0.72157 0.66275 0.58824
0.71373 0.6549 0.58039
0.69412 0.64314 0.57647
0.66275 0.61569 0.55294
0.72941 0.67059 0.59608
0.72157 0.66275 0.58824
0.7098 0.6549 0.58039
0.6902 0.63922 0.56863
0.71765 0.65882 0.58431
0.7098 0.65098 0.57647
