0.8549 0.80392 0.76078
0.86275 0.78824 0.72549
0.87451 0.83137 0.79608
0.84314 0.75686 0.69412
0.8902 0.82745 0.76471
0.87451 0.81176 0.74902
0.87059 0.80392 0.7451
0.87451 0.81569 0.74902
0.89412 0.83137 0.76471
0.88235 0.83137 0.76471
0.87843 0.81569 0.75294
0.83922 0.77255 0.69804
0.88627 0.83922 0.77255
0.89412 0.82353 0.76471
0.87059 0.81569 0.74902
0.87451 0.81176 0.74902
0.87451 0.81176 0.74118
0.89804 0.83529 0.77255
0.87843 0.81961 0.75686
0.86667 0.80392 0.74118
0.86667 0.80392 0.74118
0.87059 0.80392 0.74118
