0.82745 0.76471 0.69804
0.79608 0.72157 0.6549
0.81176 0.78431 0.72157
0.84314 0.77255 0.69804
0.79216 0.72941 0.64314
0.7451 0.68235 0.6
0.74118 0.67451 0.6
0.72941 0.66667 0.59608
0.85882 0.78431 0.70196
0.78824 0.72157 0.61569
0.6549 0.59216 0.48627
0.72549 0.66275 0.56471
0.73333 0.67059 0.57647
0.82353 0.75686 0.65098
0.71373 0.64706 0.54118
0.68627 0.62353 0.52157
0.72549 0.66275 0.56078
0.8 0.73333 0.63529
0.63922 0.57647 0.47059
0.69804 0.63922 0.52549
0.75686 0.70196 0.58824
0.51765 0.46667 0.3451
0.58039 0.52157 0.42353
0.29412 0.25882 0.15294
0.50588 0.48235 0.39216
0.61569 0.55686 0.46667
0.62353 0.59608 0.5098
0.57647 0.56471 0.4902
0.74118 0.69804 0.61961
0.80392 0.78039 0.7098
0.42745 0.37647 0.3098
0.83137 0.80392 0.75294
0.82353 0.78039 0.71765
0.61961 0.54902 0.5098
