0.8549 0.78431 0.69412
0.85882 0.78824 0.69412
0.8549 0.79216 0.69412
0.86667 0.79608 0.70196
0.85882 0.78824 0.69804
0.85882 0.78824 0.70196
0.84314 0.77255 0.67843
0.84314 0.77255 0.68235
0.83922 0.76863 0.68235
0.85098 0.78431 0.68627
0.84314 0.77255 0.68235
0.86275 0.79216 0.70588
0.83922 0.76078 0.67451
0.84706 0.76863 0.68235
0.84314 0.76863 0.67451
0.86667 0.79608 0.7098
0.86275 0.78039 0.69804
0.85882 0.78039 0.6902
0.85882 0.78039 0.68235
0.87451 0.79608 0.70196
0.87451 0.79608 0.70196
0.86275 0.78431 0.68627
0.86667 0.78431 0.68235
0.86275 0.78039 0.68235
0.85882 0.78039 0.68235
0.86667 0.78824 0.68235
0.8549 0.77647 0.67843
