0.96078 0.91765 0.83137
0.96078 0.91373 0.81961
0.95686 0.91373 0.82745
0.96471 0.91765 0.82353
0.96471 0.91765 0.83922
0.96471 0.91373 0.82353
0.96078 0.91765 0.83137
0.96078 0.91373 0.81961
0.96863 0.91373 0.82353
0.95686 0.90588 0.84314
0.96078 0.9098 0.81961
0.95686 0.91373 0.82353
0.96078 0.91373 0.81961
0.96078 0.90588 0.81569
0.94902 0.89804 0.85098
0.96863 0.9098 0.83137
0.96471 0.91373 0.82745
0.96863 0.91373 0.82353
0.96078 0.90588 0.81176
0.89412 0.8549 0.81569
0.98431 0.92941 0.85098
0.97255 0.91765 0.83137
0.96471 0.90588 0.81569
0.96863 0.9098 0.81961
0.79216 0.76471 0.72941
0.98431 0.9451 0.85882
0.98039 0.92941 0.83137
0.98039 0.92157 0.83137
0.98039 0.91765 0.82745
0.67451 0.6549 0.63137
