0.23137 0.34118 0.48235
0.23137 0.34118 0.48235
0.22745 0.34118 0.48627
0.22353 0.33333 0.47843
0.23137 0.34118 0.48627
0.22353 0.33333 0.47843
0.23137 0.34118 0.48235
0.23529 0.3451 0.49412
0.23137 0.34118 0.48627
0.23137 0.34118 0.48627
0.22353 0.33725 0.47843
0.22353 0.33725 0.47451
0.23529 0.34902 0.49412
0.23529 0.3451 0.4902
0.21961 0.32941 0.47451
0.22353 0.33725 0.47843
0.21961 0.34118 0.47843
0.23922 0.34902 0.49412
0.23922 0.34902 0.49412
0.22745 0.33725 0.48235
0.22353 0.33725 0.48235
0.22745 0.33725 0.47843
0.21961 0.33333 0.47451
