0.72549 0.66667 0.58431
0.72157 0.66275 0.58039
0.72157 0.66275 0.58824
0.72941 0.67059 0.59608
0.72549 0.66667 0.59216
0.72549 0.66667 0.58431
0.72549 0.66667 0.58431
0.73333 0.67451 0.59216
0.72941 0.67059 0.59608
0.72941 0.67059 0.59608
0.72549 0.66667 0.59216
0.72941 0.67059 0.59216
0.72941 0.67059 0.59608
0.73333 0.67451 0.6
0.74118 0.68235 0.60392
0.72549 0.66667 0.59216
0.72941 0.67059 0.59608
0.72941 0.67059 0.59608
0.72941 0.67059 0.59608
0.73333 0.67451 0.6
0.73725 0.67843 0.60392
0.7451 0.68235 0.60392
0.72549 0.66667 0.59216
0.72549 0.66667 0.59216
0.72941 0.67059 0.59608
0.73333 0.67451 0.6
0.73725 0.67843 0.60392
0.7451 0.68235 0.60392
0.72549 0.66667 0.59216
0.72941 0.67059 0.59608
0.72941 0.67059 0.59608
0.72941 0.67059 0.59608
0.74118 0.68235 0.60784
0.7451 0.68235 0.60392
0.72157 0.66275 0.58824
0.73333 0.67451 0.6
0.72941 0.67059 0.59608
0.73725 0.67843 0.60392
0.74902 0.68235 0.60784
0.72941 0.67059 0.58824
0.72941 0.67059 0.58824
0.73725 0.67843 0.6
0.73725 0.67843 0.60392
0.73725 0.67843 0.60392
0.74118 0.68235 0.60784
0.74902 0.68627 0.61176
0.72941 0.67059 0.59216
0.72941 0.67059 0.59216
0.73333 0.67451 0.6
0.73333 0.67451 0.6
0.73725 0.67843 0.60392
0.7451 0.68627 0.61176
0.7451 0.68627 0.60784
0.74902 0.68235 0.60784
0.72941 0.67059 0.59608
0.7451 0.68627 0.61176
0.74118 0.68235 0.60784
0.7451 0.68627 0.61176
0.74902 0.6902 0.61569
0.75294 0.68627 0.60784
