0.15686 0.25098 0.38431
0.15294 0.24314 0.37647
0.16471 0.2549 0.38824
0.15686 0.24706 0.37647
0.15294 0.24314 0.36863
0.16078 0.24706 0.37255
0.16471 0.25098 0.37647
0.16078 0.24706 0.37255
0.15294 0.23922 0.36863
0.16471 0.2549 0.38039
0.16078 0.25098 0.37647
0.15686 0.24314 0.37255
0.16863 0.24706 0.38431
0.17255 0.25098 0.38824
0.15294 0.24314 0.37647
0.15294 0.24314 0.37647
0.15294 0.24314 0.37647
0.15294 0.24314 0.36863
0.16078 0.24706 0.37255
0.16863 0.24706 0.37647
0.17255 0.25098 0.38039
0.16863 0.24706 0.37647
0.16471 0.24314 0.37255
0.16471 0.24314 0.37255
0.16471 0.24314 0.37255
0.16471 0.24314 0.37255
0.16863 0.24706 0.38039
0.16863 0.24706 0.38431
0.15686 0.24314 0.37255
0.14902 0.23922 0.36863
0.15294 0.24314 0.37255
0.14118 0.23137 0.36078
0.16078 0.24706 0.37647
0.17255 0.25098 0.38039
0.17255 0.25098 0.38039
0.16471 0.24314 0.37255
0.16471 0.24314 0.37255
0.16471 0.24314 0.37255
0.16471 0.24314 0.37255
0.16471 0.23922 0.36863
0.17255 0.25098 0.38039
0.16863 0.2549 0.38824
0.16471 0.2549 0.38039
0.15686 0.24706 0.37255
0.15686 0.24314 0.36863
0.15686 0.24314 0.37255
0.15686 0.24314 0.37255
0.16471 0.24314 0.37255
0.16471 0.24314 0.37255
0.15686 0.23529 0.36471
0.16471 0.24314 0.37255
0.17255 0.25098 0.38039
0.16471 0.24314 0.37255
0.16863 0.24706 0.37647
0.17255 0.25098 0.38039
0.17255 0.25882 0.39216
0.15294 0.24314 0.37647
0.17255 0.2549 0.38039
0.16863 0.24706 0.37647
0.16078 0.23922 0.37647
0.15686 0.23529 0.37255
0.15686 0.23529 0.37255
0.16078 0.23922 0.37647
0.16471 0.24314 0.37647
0.15294 0.23137 0.36078
0.16471 0.24314 0.37255
0.15686 0.23529 0.36471
0.16078 0.23922 0.37647
0.17647 0.2549 0.39216
0.17255 0.25098 0.38824
0.17255 0.25098 0.38824
0.15686 0.23529 0.37255
0.16078 0.24314 0.36863
0.15686 0.23922 0.36863
0.16078 0.24314 0.38039
0.16863 0.25098 0.38431
0.15686 0.23922 0.37647
0.15686 0.24314 0.37647
0.16078 0.24314 0.37647
0.15686 0.23529 0.36471
0.17255 0.25098 0.38039
0.16471 0.24314 0.37647
0.16471 0.24314 0.38039
0.17255 0.25098 0.38824
0.16863 0.24706 0.38431
0.16863 0.25098 0.38431
0.15294 0.23529 0.37255
0.15294 0.24314 0.36863
0.15294 0.24314 0.37255
0.1451 0.23529 0.36863
0.15686 0.24706 0.38039
0.16078 0.25098 0.38431
0.16078 0.25098 0.38431
0.16471 0.25098 0.38039
0.16471 0.24314 0.37255
0.18039 0.25882 0.38824
0.16471 0.24314 0.37255
0.17647 0.2549 0.39216
0.18431 0.26275 0.4
0.15294 0.23529 0.37255
0.16863 0.26275 0.39216
0.15294 0.24314 0.37647
0.15686 0.24706 0.37255
0.16471 0.2549 0.38039
0.1451 0.23529 0.36078
0.14902 0.23922 0.36863
0.15686 0.24706 0.37255
0.17255 0.25098 0.38039
0.17647 0.2549 0.38431
0.16863 0.24706 0.37647
0.17255 0.25098 0.38039
0.15294 0.23137 0.36471
0.16863 0.25882 0.39216
0.18039 0.26667 0.40392
0.16471 0.25098 0.38431
0.14902 0.24706 0.36863
0.15294 0.24706 0.37255
0.15294 0.24314 0.37255
0.15686 0.24706 0.37255
0.15686 0.24706 0.37255
0.15686 0.25098 0.37255
0.16471 0.25098 0.37647
0.16863 0.24706 0.37647
0.16863 0.24706 0.37647
0.17255 0.2549 0.38431
0.15686 0.23922 0.36863
0.15686 0.24314 0.37255
0.16471 0.2549 0.38824
0.16471 0.2549 0.38824
0.16078 0.2549 0.38431
0.1451 0.24314 0.36471
0.14902 0.24314 0.37255
0.16078 0.25098 0.38431
0.14902 0.23922 0.37255
0.15294 0.24314 0.37647
0.16471 0.2549 0.38039
0.17647 0.26667 0.39216
0.16863 0.24706 0.37647
0.16863 0.25098 0.37647
0.16863 0.25882 0.38431
0.16078 0.25098 0.37647
0.16078 0.25098 0.38039
0.16078 0.2549 0.38824
0.16471 0.2549 0.39216
0.15686 0.25098 0.38431
0.14118 0.23922 0.36863
0.14902 0.25098 0.38431
0.15294 0.24706 0.37647
0.15294 0.23922 0.37647
0.15686 0.23922 0.37647
0.16078 0.24314 0.38039
0.15294 0.23922 0.37255
0.15686 0.24706 0.37647
0.16078 0.25098 0.38039
0.16863 0.26275 0.38431
0.15686 0.25098 0.37255
0.16471 0.25098 0.38431
0.16078 0.26275 0.39608
0.15686 0.25882 0.38431
0.16078 0.25882 0.39216
0.12941 0.23137 0.37647
0.090196 0.2 0.3451
0.15686 0.24314 0.38039
0.16078 0.23922 0.37647
0.16471 0.24314 0.38824
0.16863 0.25098 0.39216
0.15686 0.25098 0.38039
0.15294 0.24706 0.37255
0.16471 0.25882 0.37647
0.15686 0.2549 0.37647
0.16078 0.25098 0.38824
0.16078 0.25098 0.38824
0.14902 0.25098 0.38824
0.10588 0.21961 0.37255
0.05098 0.16863 0.32941
0.16078 0.23922 0.38431
0.16471 0.24314 0.39216
0.16863 0.25098 0.39216
0.15686 0.25098 0.38039
0.16078 0.25882 0.38039
0.17255 0.26275 0.38824
0.16078 0.2549 0.38039
0.16471 0.27843 0.42353
0.14118 0.24706 0.39608
0.16078 0.23922 0.38431
0.16471 0.24314 0.38431
0.18039 0.26275 0.39608
0.15294 0.25098 0.37647
0.16078 0.25098 0.37647
0.17255 0.27451 0.41176
0.2 0.34902 0.50196
0.30588 0.47451 0.63529
0.16471 0.24314 0.38824
0.16078 0.24314 0.38039
0.17647 0.26667 0.39216
0.15686 0.2549 0.37647
0.17255 0.2902 0.42353
0.30588 0.5098 0.66667
0.30588 0.56863 0.75294
0.23137 0.44314 0.61961
0.15294 0.24314 0.38039
0.16078 0.2549 0.37647
0.16471 0.2549 0.38039
0.19608 0.33333 0.47451
0.3098 0.56471 0.74118
0.29412 0.56078 0.76078
0.16078 0.24314 0.37255
0.16078 0.2549 0.37647
0.22745 0.37255 0.51765
0.3098 0.57647 0.75294
0.26667 0.51373 0.69412
0.22745 0.41176 0.56863
0.31373 0.59608 0.77647
0.21176 0.40392 0.56863
0.24706 0.44706 0.61176
0.30588 0.58039 0.75686
0.27059 0.48627 0.65882
0.26275 0.50196 0.68627
0.28627 0.48627 0.6549
0.16863 0.35686 0.52157
