0.12549 0.21961 0.36078
0.11373 0.20784 0.34902
0.12941 0.22353 0.36471
0.13333 0.22353 0.36863
0.12941 0.22353 0.36471
0.12941 0.22353 0.36078
0.13333 0.22745 0.36471
0.13725 0.22353 0.36471
0.1451 0.22353 0.37255
0.12941 0.22353 0.35686
0.13333 0.22353 0.36078
0.13725 0.22353 0.36471
0.13725 0.23137 0.36863
0.12941 0.22745 0.36078
0.14118 0.23529 0.37255
0.13333 0.22745 0.36863
0.13333 0.22745 0.37647
0.13725 0.23529 0.38431
0.12549 0.23137 0.37647
0.12941 0.22353 0.36471
0.12549 0.22745 0.36863
