0.24706 0.63922 0.8549
0.2549 0.63922 0.8549
0.24706 0.63137 0.84706
0.24706 0.63529 0.85098
0.2549 0.63922 0.8549
0.26275 0.64314 0.85882
0.25882 0.63922 0.8549
0.25098 0.63529 0.84706
0.2549 0.63529 0.85098
0.24706 0.63137 0.84706
0.26275 0.64314 0.85882
0.26275 0.64706 0.86275
0.26275 0.64314 0.85882
0.25882 0.63922 0.8549
0.25882 0.63922 0.8549
0.25098 0.63529 0.85098
0.24706 0.63529 0.85098
0.28235 0.65098 0.87451
0.27451 0.64314 0.86667
0.26667 0.63922 0.85882
0.2549 0.63529 0.84706
0.25098 0.63529 0.84706
0.24314 0.62745 0.84314
0.24314 0.63137 0.84706
0.24314 0.63137 0.84706
0.3098 0.63922 0.86275
0.2902 0.65882 0.87843
0.26275 0.64706 0.85882
0.25882 0.64314 0.8549
0.25098 0.63137 0.84706
0.24706 0.63137 0.85098
0.25098 0.63137 0.84706
0.15294 0.3451 0.50588
0.26667 0.54118 0.73333
0.30588 0.64706 0.85882
0.27451 0.6549 0.87843
0.25882 0.64706 0.86275
0.25882 0.63922 0.85098
0.19216 0.37255 0.54118
0.26667 0.54118 0.73725
0.29412 0.64706 0.86275
0.27843 0.65098 0.86275
0.16863 0.35686 0.53725
0.2549 0.51765 0.72157
0.14902 0.2902 0.44314
0.16078 0.34902 0.51373
