0.92157 0.84314 0.7451
0.90196 0.83137 0.73333
0.8902 0.82353 0.72157
0.9098 0.84314 0.74118
0.91373 0.84706 0.74118
0.89804 0.82745 0.73333
0.90196 0.83529 0.73333
0.90196 0.83529 0.73333
0.9098 0.84314 0.73333
0.90588 0.83922 0.72549
0.92941 0.85098 0.7451
0.90588 0.84314 0.7451
0.92157 0.85098 0.74902
0.91373 0.84706 0.74118
0.90588 0.83922 0.72941
0.90196 0.83529 0.71765
0.93725 0.8549 0.74902
0.91765 0.8549 0.75686
0.91373 0.84314 0.74118
0.91373 0.84706 0.7451
0.89804 0.83137 0.72157
0.90196 0.83529 0.72157
0.92941 0.8549 0.74902
0.90196 0.84314 0.77647
0.91765 0.85098 0.74902
0.92549 0.86275 0.76078
0.90588 0.83922 0.73725
0.9098 0.84314 0.74118
0.8 0.76078 0.72157
0.92549 0.85882 0.76078
0.92941 0.86275 0.76078
0.91765 0.85098 0.74902
0.91765 0.85098 0.74902
0.61569 0.60784 0.59216
0.37255 0.40784 0.45098
0.2 0.25882 0.33725
