0.094118 0.094118 0.13333
0.11373 0.11373 0.15294
0.090196 0.090196 0.12941
0.094118 0.094118 0.12549
0.098039 0.10196 0.13725
0.078431 0.07451 0.11765
0.090196 0.090196 0.12941
0.098039 0.098039 0.13725
0.094118 0.098039 0.12549
0.11373 0.11373 0.1451
0.10588 0.098039 0.13725
0.094118 0.098039 0.13333
0.090196 0.090196 0.12941
0.078431 0.078431 0.11765
0.078431 0.078431 0.1098
0.086275 0.086275 0.11765
0.11373 0.10196 0.13725
0.10196 0.1098 0.13725
0.094118 0.10588 0.13725
0.094118 0.10196 0.13333
0.086275 0.082353 0.12157
0.078431 0.07451 0.10588
0.1098 0.10196 0.13333
0.11765 0.13725 0.18824
0.098039 0.10588 0.14118
0.10588 0.11373 0.14902
0.094118 0.094118 0.12549
0.090196 0.086275 0.11765
0.082353 0.078431 0.1098
0.094118 0.086275 0.12157
0.12941 0.14118 0.21176
0.12941 0.12549 0.16863
0.094118 0.090196 0.11765
0.086275 0.082353 0.1098
0.16471 0.19608 0.25098
0.17255 0.21176 0.27843
0.1451 0.2 0.28235
