0.7451 0.68235 0.61961
0.72941 0.66667 0.60392
0.7451 0.68235 0.62353
0.73333 0.67451 0.60784
0.71765 0.65882 0.59216
0.73725 0.67451 0.61569
0.73725 0.67843 0.61176
0.72549 0.66275 0.59608
0.73333 0.67059 0.61176
0.7451 0.68235 0.61569
0.72549 0.66275 0.59608
0.72941 0.66667 0.60392
0.74902 0.68235 0.61569
0.72549 0.65882 0.59216
0.71373 0.65098 0.58824
0.75686 0.68627 0.61961
0.72549 0.65882 0.58824
0.67843 0.61569 0.55294
0.74902 0.68235 0.61569
0.72549 0.66275 0.59216
0.72941 0.66667 0.58824
