1 0.97255 0.87451
0.98431 0.95686 0.8549
0.99608 0.97647 0.87451
1 0.98039 0.88235
1 0.97647 0.87451
0.99216 0.96471 0.86275
1 0.97647 0.87451
1 0.97647 0.87451
0.99608 0.96863 0.86275
0.99608 0.96078 0.87059
0.99608 0.97255 0.87059
0.99216 0.96863 0.86667
0.99608 0.96863 0.86275
0.99216 0.95686 0.86667
1 0.97255 0.88235
1 0.97647 0.87451
0.99608 0.97255 0.87059
0.99608 0.96863 0.86667
0.99608 0.96471 0.87451
1 0.96863 0.87843
1 0.97255 0.87451
0.99608 0.96863 0.87059
0.99608 0.96471 0.86275
0.98824 0.95686 0.86667
1 0.97255 0.88235
1 0.96863 0.87843
1 0.97255 0.87059
1 0.97255 0.87059
0.99608 0.95686 0.85882
0.99216 0.97647 0.87843
1 0.97255 0.88235
0.99608 0.97255 0.87843
1 0.97255 0.87059
1 0.96078 0.85882
0.98824 0.96471 0.87059
0.99608 0.98039 0.88235
0.99608 0.97255 0.87843
0.99608 0.97255 0.87451
1 0.97255 0.86667
0.99608 0.97647 0.88235
0.99608 0.97255 0.87843
