0.50196 0.6 0.72157
0.49804 0.6 0.72549
0.50196 0.60392 0.72157
0.51373 0.60784 0.72941
0.50196 0.60392 0.72941
0.50196 0.60392 0.72157
0.5098 0.60392 0.72549
0.50588 0.60392 0.72941
0.50196 0.60392 0.72549
0.51373 0.60784 0.72941
0.50196 0.60392 0.72549
0.50588 0.60784 0.72549
0.50588 0.60784 0.73333
0.50196 0.60392 0.72549
0.50588 0.6 0.72157
0.50588 0.60392 0.72941
0.50588 0.60784 0.72549
0.5098 0.60392 0.72549
0.5098 0.60392 0.72941
0.51373 0.60392 0.72549
0.5098 0.60392 0.72549
0.50588 0.60392 0.72549
