0.19216 0.16863 0.19216
0.18824 0.15294 0.16863
0.17647 0.13725 0.15294
0.20784 0.16863 0.16471
0.20392 0.17255 0.18824
0.19608 0.16863 0.18431
0.22353 0.19216 0.2
0.20784 0.17255 0.17647
0.18824 0.15686 0.16078
0.23529 0.19216 0.18824
0.2 0.17255 0.18039
0.23137 0.18824 0.20392
0.23137 0.19608 0.21176
0.21569 0.18039 0.18824
0.18431 0.14902 0.16078
0.28627 0.24706 0.24314
0.17255 0.18039 0.2
0.21176 0.18431 0.18824
0.21569 0.18431 0.2
0.23137 0.19608 0.20392
0.18824 0.15686 0.17255
0.32157 0.27843 0.27059
0.23137 0.22353 0.2549
0.22353 0.19216 0.19216
0.18039 0.16471 0.16863
0.41961 0.36078 0.34902
0.22745 0.21176 0.21961
0.20392 0.17255 0.17255
0.5098 0.43922 0.40392
0.20392 0.17255 0.18431
0.59216 0.5098 0.47059
0.17647 0.17255 0.17647
0.63529 0.56471 0.5098
0.2 0.21569 0.22353
0.71765 0.6549 0.59608
0.27843 0.29412 0.29412
0.78039 0.71373 0.64706
0.84314 0.76078 0.67059
