0.56471 0.63922 0.73725
0.56078 0.63529 0.73333
0.56078 0.63922 0.73725
0.56471 0.64314 0.74118
0.56078 0.63922 0.73725
0.56078 0.63922 0.73725
0.56078 0.63922 0.73725
0.56471 0.64314 0.73725
0.56078 0.63922 0.73725
0.56078 0.63922 0.73725
0.56078 0.63922 0.73725
0.56863 0.63922 0.73725
0.56471 0.63922 0.74118
0.56078 0.63922 0.73725
0.56078 0.63922 0.73725
0.57255 0.63922 0.73725
0.56471 0.63922 0.73725
0.56471 0.64314 0.74118
0.56078 0.63922 0.73725
0.56863 0.63529 0.73725
0.56471 0.63922 0.73725
0.57647 0.64314 0.7451
0.56863 0.64314 0.74118
