0.98039 0.93333 0.87059
0.98039 0.93333 0.87451
0.98039 0.93333 0.87059
0.97647 0.93333 0.86275
0.98039 0.93333 0.86667
0.98039 0.92941 0.86275
0.97255 0.92157 0.85098
0.97647 0.92941 0.86275
0.98039 0.93333 0.87059
0.98431 0.93725 0.87451
0.97647 0.93333 0.86667
0.98039 0.93333 0.86667
0.97255 0.92157 0.8549
0.96863 0.91765 0.84314
0.98039 0.93333 0.86275
0.98824 0.94118 0.87451
0.98431 0.93725 0.87451
0.98824 0.9451 0.87451
0.98039 0.93725 0.86667
0.96471 0.91373 0.84706
0.96471 0.92941 0.8549
0.98824 0.94118 0.87451
0.98824 0.94118 0.87843
0.99216 0.9451 0.87843
0.98824 0.94118 0.87451
0.96863 0.92549 0.8549
0.98039 0.93725 0.87059
0.98824 0.94118 0.87843
0.98824 0.94118 0.87843
0.98431 0.94118 0.87843
0.98431 0.94118 0.87059
0.97647 0.92941 0.86667
0.98431 0.93725 0.87451
0.98824 0.94118 0.87843
0.98824 0.94118 0.87843
0.98039 0.93725 0.86667
0.96863 0.90588 0.84706
0.97255 0.92941 0.86275
0.98039 0.93333 0.87059
0.98824 0.9451 0.87843
0.98824 0.9451 0.87843
0.92157 0.87451 0.83922
0.96863 0.91373 0.8549
0.97255 0.92941 0.85882
0.98431 0.94118 0.87059
0.57647 0.56863 0.58039
0.97255 0.92157 0.86667
0.96078 0.9098 0.83922
0.79216 0.76471 0.74118
0.96078 0.9098 0.83137
0.97255 0.91765 0.84314
0.37255 0.39216 0.41176
0.92941 0.88235 0.83529
0.97255 0.9098 0.83137
0.50588 0.50196 0.51765
0.96863 0.92549 0.85098
0.62353 0.60392 0.59216
