0.56863 0.52941 0.50588
0.56471 0.52941 0.50588
0.56863 0.52941 0.51373
0.57647 0.54118 0.51765
0.58039 0.5451 0.51373
0.58431 0.54902 0.51765
0.58039 0.55294 0.5098
0.56471 0.52549 0.50588
0.57647 0.53725 0.51373
0.57647 0.54118 0.51373
0.58039 0.5451 0.51765
0.58039 0.5451 0.5098
0.56471 0.52549 0.49412
0.56471 0.52941 0.50588
0.56863 0.53333 0.51373
0.57647 0.53333 0.51373
0.58039 0.54118 0.5098
0.56863 0.52941 0.49412
0.56471 0.52941 0.50196
0.57255 0.53333 0.51765
0.57647 0.53333 0.5098
0.58431 0.54118 0.50588
0.55686 0.51765 0.48627
0.56863 0.53333 0.50588
0.57647 0.53725 0.5098
0.58039 0.53725 0.51373
0.58039 0.54118 0.50196
0.56078 0.51765 0.48627
0.56471 0.52941 0.50196
0.57255 0.53725 0.5098
0.57647 0.53725 0.5098
0.57647 0.53725 0.50196
0.58039 0.54118 0.51373
0.58431 0.5451 0.5098
