0.58824 0.5451 0.5098
0.58431 0.54902 0.51373
0.58431 0.5451 0.50588
0.56863 0.53333 0.49804
0.58039 0.5451 0.5098
0.58039 0.53725 0.49804
0.56078 0.52157 0.4902
0.56471 0.53725 0.51373
0.57255 0.53725 0.5098
0.58039 0.54118 0.50588
0.58431 0.5451 0.50196
0.56471 0.52549 0.4902
0.56078 0.53333 0.50588
0.57255 0.53725 0.50588
0.57647 0.53725 0.50196
0.58431 0.5451 0.50196
0.55686 0.51765 0.47843
0.55686 0.52941 0.49804
0.56471 0.52941 0.49412
0.57647 0.53725 0.50196
0.58431 0.5451 0.50196
0.55294 0.51373 0.47451
0.55686 0.52549 0.4902
0.56863 0.52549 0.4902
0.57255 0.53725 0.50588
0.57647 0.53725 0.49412
0.55686 0.51765 0.48235
0.56471 0.52941 0.49412
0.57647 0.52941 0.49804
0.56471 0.52941 0.50196
0.57647 0.53333 0.4902
0.55686 0.51373 0.47843
0.56078 0.52941 0.4902
0.58039 0.53333 0.50196
0.56863 0.52941 0.50588
0.58824 0.54902 0.50196
0.57255 0.53333 0.49804
0.57255 0.53333 0.50196
0.59216 0.54902 0.50196
0.58039 0.54902 0.50196
0.58039 0.55294 0.49804
