0.035294 0.19608 0.36863
0.019608 0.18824 0.35686
0.035294 0.2 0.36863
0.027451 0.19608 0.36471
0.023529 0.19216 0.36078
0.019608 0.18824 0.35686
0.015686 0.18824 0.35294
0.015686 0.18824 0.35686
0.035294 0.2 0.37255
0.027451 0.19216 0.36078
0.027451 0.19216 0.36471
0.015686 0.18824 0.35686
0.019608 0.18824 0.35686
0.023529 0.18824 0.35686
0.035294 0.19608 0.36863
0.031373 0.19216 0.36471
0.031373 0.19216 0.36471
0.019608 0.18824 0.35686
0.027451 0.19216 0.36863
0.027451 0.18824 0.36471
0.027451 0.18824 0.36471
0.027451 0.18824 0.36078
0.023529 0.19216 0.36078
0.019608 0.18824 0.35686
0.019608 0.18824 0.35686
0.015686 0.18824 0.35686
0.019608 0.18824 0.35686
