0.05098 0.15294 0.18824
0.047059 0.14902 0.19608
0.043137 0.15294 0.2
0.039216 0.15294 0.2
0.043137 0.15686 0.2
0.047059 0.1451 0.18824
0.047059 0.15294 0.19216
0.047059 0.15294 0.19608
0.043137 0.15294 0.2
0.043137 0.15686 0.19608
0.039216 0.15686 0.20392
0.047059 0.15686 0.19608
0.047059 0.15294 0.19216
0.043137 0.15294 0.19608
0.043137 0.15686 0.2
0.039216 0.15686 0.20392
0.035294 0.15686 0.20784
0.043137 0.15294 0.19608
0.039216 0.15686 0.2
0.043137 0.16078 0.2
0.039216 0.15686 0.2
0.035294 0.16078 0.2
