0.17255 0.51373 0.72549
0.21176 0.5451 0.76078
0.19608 0.52941 0.7451
0.18824 0.52549 0.74118
0.17255 0.51373 0.72549
0.16863 0.5098 0.72157
0.21569 0.53333 0.7451
0.20784 0.54902 0.75686
0.20392 0.5451 0.75686
0.2 0.5451 0.75686
0.18431 0.52549 0.73725
0.18431 0.52549 0.73725
0.16863 0.5098 0.72157
0.16471 0.50588 0.71765
0.21569 0.54118 0.75686
0.20784 0.54902 0.76078
0.20392 0.54118 0.75686
0.20392 0.54118 0.75294
0.19216 0.52941 0.74118
0.18431 0.52549 0.73725
0.16863 0.50588 0.72549
0.20784 0.54118 0.75686
0.2 0.53333 0.74902
0.19608 0.53333 0.7451
0.18824 0.52941 0.7451
0.17647 0.51373 0.73725
0.21176 0.54118 0.76078
0.20392 0.53725 0.75294
0.2 0.53725 0.74902
0.19216 0.53333 0.74902
0.18824 0.52549 0.74902
0.21961 0.54118 0.76471
0.21569 0.5451 0.76471
0.20392 0.53725 0.76078
0.18824 0.53333 0.74902
0.19216 0.53333 0.75294
