0.17255 0.27059 0.39216
0.17647 0.27451 0.39608
0.18039 0.27059 0.39216
0.17647 0.26667 0.38824
0.17647 0.27059 0.38824
0.17255 0.27059 0.38824
0.17647 0.27059 0.38824
0.18431 0.27451 0.39608
0.18039 0.27059 0.39216
0.17647 0.27059 0.38824
0.18039 0.27843 0.39608
0.18431 0.27451 0.39608
0.17255 0.26275 0.38431
0.18039 0.27451 0.39216
0.18039 0.27843 0.39608
0.16863 0.25882 0.38431
0.17647 0.26667 0.39216
0.18039 0.27059 0.39216
0.18039 0.27059 0.39216
0.16471 0.2549 0.37647
0.16863 0.25882 0.38431
0.17255 0.26275 0.38824
0.17647 0.26667 0.39216
0.17647 0.26667 0.38824
0.15294 0.24314 0.36471
0.17647 0.26667 0.39216
