0.15294 0.23922 0.32941
0.14902 0.23529 0.32157
0.1451 0.22745 0.32157
0.14118 0.22745 0.31765
0.15294 0.23922 0.32549
0.15686 0.24314 0.33725
0.14902 0.23137 0.32549
0.15686 0.24314 0.32941
0.16471 0.24706 0.3451
0.1451 0.23137 0.32157
0.15686 0.24314 0.33333
0.15686 0.23529 0.33333
0.16078 0.24314 0.34118
0.1451 0.23137 0.32549
0.16078 0.24706 0.33333
0.15686 0.23922 0.33725
0.1451 0.23137 0.32549
0.1451 0.23922 0.33333
0.14118 0.23529 0.32549
0.15294 0.25098 0.33333
0.16078 0.24314 0.33725
0.15686 0.24314 0.33725
0.15686 0.24314 0.34118
0.14118 0.23529 0.32549
0.15294 0.24706 0.33333
0.16471 0.2549 0.34902
0.16471 0.25098 0.3451
0.15294 0.23922 0.33333
0.16078 0.24706 0.33333
0.15686 0.24314 0.34118
0.16078 0.24706 0.33725
0.15294 0.24706 0.32157
0.15294 0.23922 0.33333
0.15686 0.24314 0.32941
0.16078 0.24314 0.32157
0.16078 0.24314 0.33333
0.17255 0.23922 0.32549
