0.50196 0.4902 0.51373
0.49804 0.48627 0.5098
0.51765 0.50196 0.52549
0.50588 0.49412 0.51765
0.49412 0.48235 0.50588
0.48235 0.47451 0.50196
0.48627 0.47451 0.50588
0.51373 0.49804 0.52157
0.50196 0.49412 0.51373
0.49412 0.48627 0.5098
0.4902 0.47843 0.5098
0.51765 0.50196 0.52549
0.50196 0.49412 0.51373
0.49804 0.48627 0.51373
0.4902 0.47843 0.5098
0.51765 0.50196 0.51765
0.51373 0.50196 0.52157
0.50588 0.49412 0.51765
0.50588 0.4902 0.51765
0.48627 0.47451 0.5098
0.50588 0.49804 0.51765
0.50588 0.4902 0.51373
0.49412 0.47843 0.50196
0.50588 0.49804 0.51765
0.50588 0.4902 0.51373
0.49412 0.47843 0.50588
0.4902 0.47843 0.51373
0.4902 0.48627 0.49804
0.48627 0.48235 0.49804
0.47843 0.46667 0.48627
