0.87059 0.80392 0.73333
0.85882 0.79216 0.72549
0.86667 0.8 0.72941
0.86275 0.8 0.73725
0.84314 0.78039 0.71765
0.8549 0.79216 0.72157
0.8549 0.79216 0.72549
0.8549 0.79608 0.72549
0.8549 0.79608 0.72157
0.85882 0.79608 0.73333
0.84706 0.78431 0.72157
0.84706 0.78039 0.70588
0.85882 0.79608 0.72549
0.86275 0.80392 0.72941
0.86275 0.80392 0.73333
0.84314 0.78039 0.71765
0.8549 0.78431 0.70196
0.84706 0.78039 0.70588
0.84706 0.78431 0.71373
0.84314 0.78039 0.71765
0.8549 0.78431 0.70588
0.84706 0.77647 0.69804
0.83137 0.76863 0.69412
0.8549 0.80392 0.72941
0.86275 0.79608 0.71765
0.86667 0.79608 0.71765
0.8549 0.78824 0.71373
0.8549 0.79216 0.72157
