0.89412 0.78039 0.66667
0.90196 0.78431 0.67451
0.90588 0.78824 0.67843
0.89804 0.78039 0.67059
0.89804 0.78039 0.67059
0.89804 0.77647 0.66667
0.89804 0.78431 0.67451
0.88627 0.76471 0.6549
0.89804 0.78039 0.67059
0.89804 0.78039 0.67059
0.8902 0.77255 0.66275
0.89412 0.77647 0.66667
0.89804 0.77647 0.66667
0.90588 0.78824 0.67843
0.90588 0.78431 0.67451
0.9098 0.78824 0.67843
0.88235 0.76471 0.6549
0.89412 0.77647 0.66667
0.89804 0.77647 0.67059
0.90196 0.78039 0.67059
0.89412 0.77647 0.66667
0.90196 0.78431 0.67059
0.90196 0.78431 0.67059
