0.30196 0.41176 0.56863
0.2902 0.4 0.56078
0.31373 0.41569 0.57255
0.29412 0.41176 0.57255
0.27843 0.4 0.56471
0.28235 0.39608 0.5451
0.30196 0.40784 0.55686
0.29804 0.41176 0.57647
0.27843 0.4 0.56078
0.27843 0.40392 0.56078
0.25882 0.38824 0.53725
0.30196 0.40784 0.55686
0.29804 0.41176 0.56863
0.27843 0.39608 0.55294
0.27843 0.40392 0.55686
0.26667 0.39216 0.5451
0.3098 0.41569 0.56078
0.29804 0.41176 0.56471
0.28627 0.40784 0.56078
0.28235 0.40784 0.56078
0.26667 0.38431 0.54118
0.3098 0.41569 0.56471
0.30196 0.41961 0.56863
0.29412 0.40784 0.56078
0.28235 0.4 0.55294
0.27451 0.38824 0.54118
0.3098 0.41176 0.56863
0.30196 0.41176 0.56863
0.29412 0.40392 0.56078
