0.16863 0.21961 0.27059
0.16078 0.22745 0.29804
0.15686 0.22353 0.29412
0.19608 0.22353 0.27843
0.16471 0.23137 0.3098
0.15294 0.22353 0.29804
0.15686 0.21961 0.30588
0.17647 0.21961 0.31373
0.23137 0.23922 0.30588
0.17255 0.23922 0.31765
0.16078 0.22745 0.30196
0.15686 0.22353 0.30196
0.17255 0.23137 0.32157
0.16863 0.20392 0.28627
0.16471 0.23137 0.30588
0.15294 0.21961 0.29412
0.15686 0.21961 0.29412
0.16471 0.21961 0.30196
0.16471 0.21176 0.2902
0.14902 0.21569 0.2902
0.14902 0.21961 0.29804
0.16471 0.23137 0.3098
0.15686 0.22353 0.30196
