0.52941 0.66667 0.81176
0.53333 0.66667 0.81176
0.52549 0.66667 0.81176
0.53333 0.66667 0.81176
0.52549 0.66275 0.81176
0.52549 0.66275 0.81176
0.52549 0.66275 0.81176
0.52549 0.66275 0.81176
0.52549 0.66275 0.81176
0.52941 0.66667 0.81569
0.53725 0.67059 0.81961
0.53725 0.67059 0.81569
0.53333 0.67059 0.81569
0.54118 0.67059 0.81961
0.5451 0.67059 0.81961
0.52941 0.66275 0.82353
0.52549 0.66275 0.81569
0.52549 0.66275 0.81569
0.52549 0.66275 0.81176
0.52549 0.66275 0.81176
0.52157 0.65882 0.80784
0.52549 0.66275 0.81176
0.52157 0.67059 0.81569
0.52549 0.67059 0.81569
0.52941 0.67059 0.81569
0.53725 0.67059 0.81569
0.53725 0.66667 0.81176
0.5451 0.67059 0.81961
0.52157 0.65882 0.81569
0.52157 0.65882 0.81569
0.52157 0.65882 0.81569
0.52549 0.66275 0.81961
0.51765 0.6549 0.80784
0.52549 0.66275 0.81176
0.52549 0.66275 0.81176
0.52157 0.66275 0.81176
0.52157 0.66275 0.81176
0.52549 0.66275 0.81176
0.53725 0.67059 0.81961
0.53725 0.67059 0.81569
0.53725 0.66667 0.81176
0.54902 0.67451 0.82353
0.52157 0.65882 0.81569
0.51765 0.6549 0.81176
0.51373 0.65098 0.80784
0.51765 0.6549 0.81176
0.52157 0.65882 0.81569
0.52157 0.65882 0.81569
0.52549 0.66275 0.81569
0.52941 0.66667 0.81569
0.52549 0.66275 0.81176
0.52941 0.66667 0.81569
0.52941 0.66275 0.81176
0.53333 0.66667 0.81569
0.53725 0.67059 0.81961
0.53333 0.67059 0.81176
0.53725 0.66667 0.81569
0.5451 0.67059 0.81961
0.52549 0.66275 0.81961
0.52549 0.65882 0.81961
0.51765 0.65098 0.80784
0.52157 0.6549 0.81569
0.52157 0.6549 0.81569
0.51765 0.65882 0.81569
0.51765 0.65882 0.81176
0.52549 0.66275 0.81569
0.52941 0.66275 0.81961
0.53725 0.66667 0.82353
0.53333 0.66667 0.81569
0.53725 0.66667 0.81569
0.53725 0.66667 0.81569
0.54118 0.67059 0.81961
0.5451 0.67059 0.81961
0.5451 0.67059 0.81961
0.51765 0.6549 0.80784
0.52549 0.65882 0.81176
0.52941 0.65882 0.81176
0.52941 0.65882 0.81569
0.52941 0.66275 0.81961
0.52157 0.66275 0.81961
0.51765 0.66275 0.81569
0.52549 0.66275 0.81961
0.53725 0.66275 0.82745
0.53725 0.66667 0.82353
0.53333 0.66667 0.81569
0.53725 0.66275 0.81176
0.5451 0.67059 0.81961
0.54902 0.67451 0.82353
0.54118 0.66667 0.81569
0.54118 0.66667 0.81569
0.51765 0.6549 0.80392
0.52157 0.65882 0.80784
0.52549 0.6549 0.80784
0.52157 0.6549 0.81176
0.52549 0.65882 0.81961
0.51765 0.65882 0.81569
0.52157 0.66275 0.81961
0.52157 0.65882 0.81569
0.52941 0.65882 0.81961
0.53333 0.66275 0.81961
0.53333 0.66667 0.81569
0.53333 0.66275 0.81176
0.54118 0.66667 0.81569
0.5451 0.67059 0.81961
0.5451 0.67059 0.81961
0.54902 0.67451 0.81961
0.51765 0.65882 0.81569
0.51765 0.65098 0.81176
0.52549 0.6549 0.81569
0.52549 0.6549 0.81569
0.52549 0.6549 0.81569
0.52157 0.66275 0.81961
0.51765 0.66275 0.81176
0.52549 0.66275 0.81569
0.53333 0.66275 0.81961
0.53725 0.66667 0.82353
0.53333 0.67059 0.81961
0.53333 0.66275 0.81176
0.53725 0.66275 0.81569
0.54118 0.67059 0.81569
0.54902 0.67843 0.82353
0.54902 0.67451 0.82353
0.51765 0.65882 0.81569
0.52157 0.6549 0.81176
0.52549 0.6549 0.81569
0.52549 0.6549 0.81961
0.52549 0.65882 0.82353
0.52157 0.65882 0.81176
0.52549 0.66667 0.81176
0.52941 0.67059 0.81569
0.53333 0.66667 0.81569
0.52941 0.66667 0.81569
0.53333 0.66667 0.81569
0.54118 0.67059 0.82353
0.54118 0.67059 0.81961
0.54118 0.67451 0.81961
0.54118 0.67451 0.81961
0.5451 0.67843 0.82353
0.54902 0.67451 0.82353
0.54902 0.67451 0.81961
0.52157 0.6549 0.81569
0.52549 0.6549 0.81569
0.53333 0.65882 0.81961
0.52941 0.65882 0.82745
0.53333 0.66275 0.82745
0.52157 0.65882 0.81569
0.52941 0.66275 0.81176
0.53333 0.66667 0.81569
0.52549 0.66275 0.81176
0.52941 0.66667 0.81569
0.53725 0.67059 0.81961
0.5451 0.67451 0.82745
0.5451 0.67451 0.82353
0.54118 0.67451 0.81961
0.54118 0.67451 0.81961
0.54118 0.67451 0.81961
0.54902 0.67451 0.82353
0.54902 0.67843 0.82353
0.53333 0.65882 0.82353
0.52941 0.65882 0.81961
0.53725 0.65882 0.81961
0.53333 0.65882 0.82353
0.52941 0.65882 0.81961
0.52549 0.66275 0.81569
0.53333 0.66667 0.81569
0.53333 0.66667 0.81569
0.52549 0.66275 0.81176
0.52941 0.67059 0.81961
0.53725 0.66667 0.81569
0.54118 0.67451 0.82353
0.5451 0.67059 0.82353
0.5451 0.67843 0.82353
0.54118 0.67451 0.81961
0.54118 0.67451 0.81961
0.54902 0.67843 0.82353
0.53333 0.65882 0.81961
0.53333 0.65882 0.81961
0.53333 0.65882 0.81569
0.53725 0.66275 0.82353
0.53333 0.65882 0.81569
0.53333 0.65882 0.81176
0.54118 0.66667 0.82745
0.53725 0.66667 0.82353
0.53333 0.67059 0.81569
0.53333 0.67059 0.81569
0.53725 0.67059 0.81569
0.54118 0.67451 0.81961
0.5451 0.67843 0.82353
0.5451 0.67843 0.82353
0.54118 0.67451 0.81961
0.53725 0.67059 0.81569
0.52941 0.65882 0.81961
0.52941 0.65882 0.81961
0.52941 0.6549 0.81569
0.53333 0.65882 0.81961
0.53333 0.66275 0.81961
0.52941 0.66275 0.81176
0.54118 0.66667 0.82353
0.54118 0.66667 0.82353
0.53725 0.67059 0.81569
0.53725 0.67059 0.81569
0.53725 0.67059 0.81569
0.53333 0.66667 0.81176
0.53725 0.67059 0.81569
0.5451 0.67451 0.82353
0.5451 0.67451 0.82353
0.55294 0.68235 0.82745
0.52549 0.6549 0.81569
0.52157 0.65098 0.81176
0.52157 0.65098 0.81176
0.52549 0.6549 0.81569
0.52941 0.66275 0.81961
0.53333 0.66667 0.81569
0.54118 0.66275 0.82353
0.5451 0.66275 0.82353
0.53725 0.66667 0.81569
0.53333 0.66667 0.81176
0.53725 0.67059 0.81569
0.53725 0.67059 0.81569
0.53725 0.66667 0.81569
0.5451 0.67059 0.81961
0.5451 0.67059 0.81961
0.55294 0.67843 0.82745
0.52157 0.65882 0.81569
0.52157 0.65882 0.81569
0.52157 0.65882 0.81569
0.52157 0.66275 0.82353
0.52941 0.66275 0.82353
0.53333 0.66275 0.81961
0.53333 0.66275 0.81569
0.5451 0.66667 0.81961
0.54118 0.66667 0.81961
0.54118 0.66667 0.81961
0.54118 0.67059 0.81961
0.54118 0.67059 0.81569
0.54118 0.67451 0.81569
0.54118 0.67451 0.81961
0.54902 0.67451 0.82353
0.55686 0.67843 0.82745
0.55686 0.67451 0.81961
0.52549 0.66275 0.81961
0.52157 0.65882 0.81569
0.52157 0.65882 0.81569
0.52549 0.66275 0.82745
0.53333 0.66275 0.82745
0.53333 0.66275 0.81961
0.53725 0.66275 0.81569
0.54118 0.66667 0.81961
0.54118 0.66667 0.81961
0.5451 0.67059 0.82353
0.5451 0.67059 0.82353
0.5451 0.67451 0.81961
0.5451 0.67843 0.81569
0.54118 0.67451 0.81961
0.54902 0.67451 0.82353
0.55294 0.67451 0.82353
0.52549 0.66275 0.81961
0.52157 0.65882 0.81569
0.52157 0.65882 0.81569
0.52941 0.66275 0.82745
0.52941 0.65882 0.82353
0.53725 0.65882 0.81961
0.5451 0.66667 0.82353
0.53725 0.66275 0.81569
0.53725 0.66275 0.81569
0.5451 0.67059 0.82353
0.54902 0.67451 0.82745
0.5451 0.67843 0.82353
0.5451 0.67843 0.81569
0.5451 0.67843 0.82353
0.55294 0.68235 0.82745
0.54902 0.67451 0.82353
0.52549 0.6549 0.81569
0.52941 0.65882 0.81961
0.52941 0.66275 0.82353
0.52941 0.65882 0.81569
0.53725 0.66667 0.81961
0.53333 0.66275 0.81569
0.53725 0.66275 0.81569
0.5451 0.67059 0.82353
0.5451 0.67059 0.82353
0.5451 0.67059 0.81961
0.5451 0.67059 0.81961
0.5451 0.67451 0.82353
0.5451 0.67059 0.81961
0.54902 0.67843 0.82745
0.55294 0.67843 0.82745
0.54902 0.67451 0.82353
0.53333 0.66275 0.81961
0.53333 0.66275 0.81961
0.53333 0.66275 0.82353
0.53725 0.66667 0.81961
0.54118 0.67451 0.82353
0.53333 0.67059 0.81569
0.53333 0.66275 0.81176
0.54118 0.67451 0.82353
0.53725 0.67059 0.81961
0.54118 0.67059 0.81961
0.5451 0.67059 0.81961
0.5451 0.67059 0.81961
0.54902 0.67451 0.82353
0.5451 0.67059 0.81961
0.55294 0.67451 0.82353
0.54902 0.67451 0.82353
0.53333 0.66667 0.81569
0.53333 0.66667 0.81569
0.53333 0.66667 0.81569
0.53333 0.66667 0.81569
0.54118 0.67843 0.82353
0.53725 0.67059 0.81961
0.53725 0.67059 0.81961
0.53725 0.67451 0.82353
0.53333 0.67059 0.81961
0.53333 0.66275 0.81176
0.54118 0.66667 0.81569
0.54902 0.67451 0.82353
0.5451 0.67059 0.81961
0.54902 0.67451 0.82353
0.54902 0.67059 0.82353
0.55294 0.67843 0.82745
0.52941 0.66275 0.81569
0.53333 0.66667 0.81961
0.53333 0.66667 0.81569
0.53725 0.66667 0.81961
0.53725 0.66667 0.81961
0.54118 0.67059 0.82353
0.53333 0.66667 0.81569
0.52941 0.66275 0.81176
0.52941 0.66667 0.81569
0.53333 0.66667 0.81569
0.53725 0.67451 0.82353
0.5451 0.67451 0.82353
0.53333 0.66275 0.82745
0.52941 0.66275 0.81961
0.53333 0.66667 0.81569
0.53725 0.66275 0.81569
0.54118 0.66667 0.81961
0.5451 0.67059 0.82353
0.5451 0.67451 0.82353
0.52941 0.66275 0.81176
0.53333 0.66667 0.81569
0.53725 0.67451 0.82353
0.53333 0.65882 0.81961
0.54118 0.66667 0.82353
0.54118 0.66667 0.81961
0.53725 0.66275 0.81569
0.54118 0.66667 0.81961
0.5451 0.67059 0.82353
0.5451 0.67451 0.82353
0.53333 0.66667 0.81569
0.53725 0.67059 0.81961
0.54118 0.67059 0.82353
0.5451 0.67059 0.82353
0.53333 0.65882 0.81961
0.53725 0.66275 0.82353
0.54118 0.66667 0.81961
0.53333 0.65882 0.81569
0.54118 0.66667 0.81961
0.54118 0.66667 0.81961
0.53725 0.66275 0.82353
0.53725 0.66275 0.82353
0.53725 0.66275 0.82353
0.53725 0.66275 0.82353
0.54118 0.66667 0.82353
0.53725 0.66275 0.81176
0.53333 0.66275 0.82353
0.53333 0.66275 0.82353
0.52941 0.65882 0.81961
0.53333 0.65882 0.81961
0.52941 0.65882 0.81961
0.52941 0.65882 0.81961
0.52941 0.65882 0.81961
