0.12157 0.40392 0.60392
0.1098 0.38824 0.59216
0.12157 0.39608 0.6
0.12157 0.41176 0.61176
0.12157 0.40392 0.60392
0.11765 0.4 0.6
0.11765 0.39608 0.6
0.11765 0.41569 0.61176
0.12549 0.41176 0.61176
0.11373 0.4 0.6
0.11765 0.40392 0.60392
0.11373 0.39608 0.6
0.12941 0.41961 0.62745
0.12941 0.41961 0.62745
0.11765 0.40784 0.61569
0.11765 0.40392 0.60784
0.11765 0.40392 0.6
0.11373 0.39608 0.59608
0.12157 0.41961 0.62353
0.11373 0.40784 0.61569
0.11373 0.40392 0.60784
0.11765 0.41961 0.62353
0.1098 0.40784 0.60784
0.13333 0.42353 0.62745
