0.4549 0.5451 0.74118
0.44314 0.53725 0.73333
0.44314 0.53725 0.73333
0.44706 0.54118 0.73725
0.45882 0.54902 0.7451
0.45882 0.5451 0.74118
0.4549 0.5451 0.74118
0.45098 0.53725 0.73333
0.44706 0.53725 0.73333
0.44706 0.53333 0.72941
0.45098 0.54118 0.73725
0.44706 0.53725 0.73333
0.44706 0.53725 0.73333
0.43529 0.52941 0.72549
0.44706 0.53333 0.72941
0.46275 0.54902 0.7451
0.4549 0.5451 0.74118
0.44706 0.53725 0.73333
0.45098 0.54118 0.73725
0.4549 0.5451 0.74118
0.44706 0.53725 0.73333
0.44314 0.53333 0.72941
0.44706 0.53725 0.73333
0.44706 0.53725 0.73333
0.43922 0.52941 0.72549
0.44706 0.53725 0.73333
0.45098 0.54118 0.73725
0.4549 0.5451 0.74118
0.45098 0.5451 0.74118
0.43922 0.53333 0.72941
0.45098 0.54118 0.73333
0.45098 0.5451 0.73725
