0.66667 0.63529 0.59608
0.56471 0.54118 0.50196
0.47843 0.45882 0.41961
0.40784 0.38431 0.35686
0.43922 0.41176 0.39216
0.52941 0.48235 0.42353
0.44706 0.4 0.33725
0.50588 0.4549 0.38824
0.45882 0.40784 0.33333
0.44706 0.40392 0.32157
0.42745 0.38431 0.29804
0.59608 0.56471 0.51373
0.40784 0.37255 0.33333
0.28627 0.25098 0.22353
0.21961 0.18824 0.16078
0.2 0.17255 0.1451
0.19608 0.17647 0.15294
0.15686 0.13725 0.12157
0.26667 0.24706 0.23529
0.63922 0.56863 0.47843
0.34118 0.27451 0.19216
0.37647 0.31373 0.25882
0.4549 0.38824 0.32549
0.41569 0.35686 0.28235
0.36863 0.32157 0.23922
0.36863 0.31765 0.23529
0.52549 0.48627 0.43137
0.32941 0.2902 0.23529
0.26667 0.23529 0.18824
0.25882 0.22745 0.19216
0.26275 0.22745 0.20392
0.26275 0.22745 0.20392
0.2549 0.21961 0.2
0.21569 0.18824 0.17255
0.23922 0.21961 0.2
0.42745 0.40784 0.39608
0.59216 0.51765 0.41961
0.35686 0.28627 0.18824
0.32157 0.26667 0.19608
0.3098 0.26275 0.19216
0.27843 0.24314 0.17255
0.27843 0.23529 0.17255
0.26667 0.22353 0.16078
0.24706 0.20784 0.1451
0.59216 0.53725 0.46667
0.4549 0.4 0.32941
0.32941 0.27451 0.20392
0.27451 0.23529 0.17647
0.2549 0.21961 0.17255
0.2549 0.21961 0.18039
0.24706 0.20784 0.17255
0.25098 0.21569 0.18039
0.3098 0.27451 0.24706
0.43922 0.41176 0.38039
0.54118 0.52157 0.4902
0.55686 0.53333 0.50196
0.62745 0.6 0.56078
0.69412 0.62745 0.55686
0.54118 0.47059 0.38824
0.39216 0.32941 0.2549
0.32157 0.26667 0.2
0.29412 0.24706 0.18824
0.27843 0.23922 0.18431
0.28627 0.2549 0.2
0.56078 0.49804 0.42353
0.57255 0.50588 0.43529
0.59216 0.52941 0.46275
0.54118 0.48627 0.42353
0.4549 0.40392 0.3451
0.40392 0.35294 0.29804
0.40392 0.35686 0.30588
0.42745 0.38431 0.34118
0.46275 0.42353 0.38431
0.50588 0.46667 0.43137
0.55686 0.52157 0.48627
0.55686 0.52941 0.48627
0.55294 0.52549 0.48627
0.55294 0.52157 0.48627
0.55294 0.51765 0.48627
0.57255 0.53333 0.49412
0.6 0.55294 0.50196
0.6 0.54902 0.49412
0.56471 0.51765 0.45882
0.53333 0.48627 0.43137
0.51765 0.47843 0.42745
0.57647 0.5098 0.41176
0.58431 0.51373 0.41961
0.56078 0.49412 0.41569
0.5451 0.48235 0.41176
0.5451 0.4902 0.41961
0.54902 0.49804 0.43137
0.54902 0.49804 0.43529
0.5451 0.49804 0.44314
0.5451 0.50196 0.44706
0.54118 0.49804 0.44706
0.55686 0.51373 0.46667
0.55686 0.51765 0.47843
0.56471 0.52549 0.48627
0.56471 0.52941 0.4902
0.56863 0.52941 0.4902
0.57255 0.52549 0.48627
0.56863 0.52549 0.47843
0.56078 0.52157 0.47451
0.55686 0.51765 0.46667
0.56471 0.52549 0.47451
0.56471 0.52549 0.47451
0.56863 0.52941 0.48235
0.58431 0.52157 0.42353
0.55686 0.49412 0.40784
0.54902 0.4902 0.40784
0.54118 0.48627 0.41176
0.52941 0.48235 0.41176
0.52941 0.48235 0.41569
0.53333 0.48627 0.42745
0.5451 0.49804 0.43529
0.54902 0.50588 0.44314
0.55686 0.5098 0.4549
0.55686 0.5098 0.45882
0.56078 0.51373 0.46667
0.56078 0.51373 0.46667
0.55686 0.50588 0.45882
0.56471 0.5098 0.46275
0.57255 0.52549 0.47451
0.56078 0.51765 0.47059
0.57255 0.52157 0.47451
0.57255 0.52157 0.47451
0.57255 0.52157 0.47451
0.57647 0.52941 0.48235
0.6549 0.59216 0.49804
0.60784 0.54902 0.46275
0.57647 0.52157 0.44314
0.55294 0.50588 0.43137
0.55686 0.50588 0.43529
0.54902 0.50196 0.43529
0.54902 0.50196 0.43529
0.55294 0.5098 0.43922
0.55686 0.51373 0.44314
0.56078 0.5098 0.44314
0.56863 0.51765 0.4549
0.57647 0.52549 0.45882
0.57255 0.52157 0.4549
0.56863 0.51765 0.45098
0.58824 0.53333 0.46667
0.59608 0.53725 0.47451
0.58824 0.53725 0.47843
0.6 0.54902 0.4902
0.6 0.5451 0.48627
0.60392 0.55294 0.4902
0.68627 0.62353 0.54902
0.66667 0.61176 0.53333
0.65882 0.60392 0.52941
0.6549 0.6 0.52941
0.65098 0.6 0.53333
0.64314 0.59216 0.52549
0.64706 0.6 0.53333
0.6549 0.60392 0.53333
0.6549 0.60392 0.53333
0.65882 0.60784 0.53725
0.66667 0.61569 0.54902
0.66667 0.61569 0.5451
0.67843 0.61961 0.54902
0.6902 0.63137 0.56078
0.6902 0.63529 0.56471
0.6902 0.62353 0.54902
0.67843 0.61961 0.53725
0.67451 0.61569 0.53333
0.67059 0.61176 0.53725
0.67059 0.60784 0.54118
0.66275 0.60392 0.54118
0.67059 0.61176 0.54902
0.67059 0.61569 0.54902
0.67451 0.62353 0.54902
0.67451 0.62353 0.54902
0.67843 0.62745 0.55294
0.68627 0.63529 0.56078
0.69412 0.63529 0.56078
0.6902 0.62745 0.55294
0.67843 0.61961 0.54118
0.67843 0.61961 0.5451
0.67843 0.61569 0.5451
0.67451 0.61569 0.5451
0.67843 0.61569 0.5451
0.68235 0.62353 0.54902
0.68627 0.63137 0.55686
0.6902 0.63137 0.55686
0.68627 0.63137 0.55686
0.68235 0.62353 0.54902
0.68627 0.62745 0.55294
0.68627 0.62745 0.55294
0.68627 0.62745 0.55294
0.68627 0.62745 0.55294
0.68627 0.62353 0.55294
0.6902 0.63137 0.55686
0.6902 0.62745 0.55294
0.68627 0.62353 0.54902
0.6902 0.62745 0.55294
0.68627 0.62745 0.55294
0.68627 0.62745 0.55686
