0.26275 0.56078 0.74118
0.30588 0.58039 0.7451
0.26275 0.55686 0.74118
0.31765 0.58824 0.74902
0.26667 0.56078 0.74118
0.30588 0.59216 0.74902
0.26667 0.55686 0.73725
0.30588 0.58824 0.75294
0.28235 0.56471 0.74902
0.30588 0.58039 0.75686
0.27843 0.56471 0.74902
0.30588 0.58431 0.76471
0.25882 0.57647 0.76471
0.30196 0.59216 0.76471
0.24706 0.57647 0.77647
0.2902 0.58431 0.76078
0.24706 0.58039 0.78824
0.29804 0.58824 0.76863
0.12549 0.41961 0.62745
0.24314 0.57647 0.78039
0.30196 0.59216 0.76863
0.16471 0.4549 0.66275
0.26275 0.58824 0.79608
0.29804 0.59216 0.76078
0.16078 0.45098 0.6549
0.26275 0.59216 0.8
0.29804 0.58824 0.75294
0.15686 0.44314 0.64314
0.26667 0.58431 0.78824
0.3098 0.58039 0.74118
0.17255 0.45882 0.65882
0.2902 0.58431 0.78824
0.3451 0.58824 0.73725
0.18824 0.47451 0.67843
0.31373 0.59608 0.79216
0.36471 0.58824 0.72549
0.20784 0.48235 0.68627
0.3098 0.59216 0.78824
0.36863 0.58039 0.71765
0.10588 0.36863 0.56863
0.090196 0.35686 0.56078
0.094118 0.37255 0.56863
0.22353 0.5098 0.70588
0.3098 0.59608 0.78431
0.36863 0.58824 0.71765
0.11373 0.37647 0.58039
0.11765 0.38431 0.58824
0.10588 0.38039 0.58039
0.11765 0.4 0.59608
0.24706 0.53333 0.72941
0.30588 0.6 0.78039
0.36863 0.59216 0.71765
0.11373 0.38824 0.58824
0.11373 0.38431 0.58824
0.1098 0.38431 0.58824
0.1098 0.38431 0.58824
0.1098 0.38431 0.58824
0.11765 0.40392 0.59608
0.26667 0.55686 0.74118
0.30196 0.59608 0.76471
0.37255 0.58431 0.71373
0.11765 0.39216 0.6
0.12157 0.39608 0.6
0.11765 0.38824 0.59216
0.11765 0.39216 0.59608
0.1098 0.39216 0.59608
0.12157 0.41176 0.60784
0.27059 0.56471 0.75294
0.30588 0.6 0.76863
0.37647 0.57647 0.69804
0.11765 0.39216 0.6
0.12549 0.4 0.60392
0.12157 0.39216 0.59608
0.12549 0.40392 0.60784
0.11373 0.4 0.6
0.1451 0.44314 0.64706
0.27059 0.56863 0.77255
0.30588 0.60392 0.77255
0.39608 0.59608 0.70196
0.14902 0.41569 0.62745
0.13333 0.40392 0.61176
0.11765 0.39216 0.6
0.11373 0.38824 0.6
0.11373 0.39608 0.6
0.11373 0.39608 0.6
0.11373 0.39608 0.60392
0.12157 0.40392 0.61176
0.1098 0.4 0.60392
0.15686 0.4549 0.6549
0.28627 0.58039 0.78039
0.3098 0.6 0.77255
0.4 0.59608 0.69412
0.15294 0.42353 0.63922
0.13725 0.41176 0.61961
0.12549 0.40392 0.60784
0.11765 0.40392 0.60392
0.11373 0.40392 0.6
0.11373 0.4 0.6
0.11765 0.40784 0.61569
0.12549 0.41176 0.61961
0.12157 0.41569 0.61961
0.16863 0.47059 0.66275
0.29804 0.59608 0.78824
0.3098 0.6 0.77647
0.38431 0.58824 0.68235
0.1451 0.42745 0.63529
0.13333 0.42353 0.62353
0.11765 0.41176 0.60784
0.11373 0.41569 0.60784
0.11765 0.41961 0.61176
0.1098 0.40784 0.60392
0.12157 0.41961 0.62353
0.12941 0.42353 0.63137
0.12549 0.42353 0.62745
0.18431 0.49412 0.68235
0.29412 0.6 0.79216
0.3098 0.60392 0.78431
0.38431 0.59216 0.67843
0.14118 0.43529 0.63922
0.13333 0.42745 0.62353
0.13725 0.43529 0.63137
0.13333 0.43922 0.63137
0.13333 0.43529 0.63137
0.12157 0.41961 0.61961
0.12941 0.42745 0.63137
0.12549 0.42353 0.62353
0.12941 0.43529 0.63529
0.20392 0.51765 0.7098
0.29804 0.60392 0.79216
0.29804 0.60784 0.78431
0.39608 0.59608 0.67843
0.14902 0.43529 0.63922
0.1451 0.43137 0.63137
0.1451 0.43922 0.63529
0.14118 0.44314 0.63529
0.14118 0.44314 0.64314
0.14118 0.43922 0.64706
0.14902 0.44706 0.65098
0.14902 0.44706 0.64706
0.14902 0.4549 0.65098
0.21961 0.52941 0.72157
0.30196 0.61176 0.79216
0.2902 0.60392 0.77647
0.40392 0.58824 0.66667
0.14902 0.43137 0.63137
0.14902 0.44314 0.63922
0.13333 0.43922 0.63137
0.1451 0.44706 0.64706
0.15686 0.4549 0.65882
0.16078 0.45882 0.66275
0.16471 0.46275 0.66275
0.15294 0.46275 0.6549
0.22745 0.53725 0.72941
0.30196 0.61176 0.79216
0.29412 0.60784 0.78039
0.41569 0.58824 0.67451
0.15686 0.44314 0.64706
0.15686 0.45098 0.65098
0.1451 0.44314 0.63922
0.14118 0.44314 0.64314
0.15686 0.4549 0.65882
0.16078 0.46275 0.66667
0.17647 0.47843 0.67843
0.18039 0.4902 0.68627
0.24706 0.55686 0.7451
0.30588 0.61569 0.79216
0.2902 0.60392 0.78039
0.41176 0.58039 0.66667
0.14118 0.44314 0.65098
0.14902 0.45098 0.65882
0.15686 0.4549 0.66275
0.15686 0.45882 0.66667
0.16471 0.46667 0.67059
0.15294 0.4549 0.65882
0.17255 0.47843 0.68235
0.19608 0.51373 0.71373
0.26667 0.58431 0.76863
0.31373 0.61961 0.78431
0.29804 0.60784 0.76863
0.40784 0.56471 0.65098
0.15294 0.4549 0.66667
0.15294 0.4549 0.66667
0.15294 0.45882 0.67059
0.15686 0.46667 0.67843
0.16863 0.47843 0.6902
0.17255 0.48627 0.6902
0.2 0.51765 0.71765
0.27451 0.59608 0.78039
0.31373 0.61569 0.77647
0.32157 0.61176 0.76078
0.41961 0.55686 0.63137
0.17647 0.4902 0.69804
0.3098 0.60784 0.77255
0.33333 0.61176 0.76471
0.44314 0.56471 0.63922
0.43922 0.54902 0.61961
