0.27451 0.35294 0.46667
0.27843 0.35294 0.48235
0.27451 0.35294 0.47451
0.26667 0.3451 0.47451
0.27059 0.34902 0.48627
0.26667 0.34902 0.47451
0.26667 0.34902 0.47843
0.26275 0.3451 0.47843
0.27843 0.35686 0.49412
0.27059 0.35294 0.48235
0.25098 0.33725 0.47843
0.24706 0.33725 0.47451
0.26275 0.34902 0.48627
0.26275 0.3451 0.48235
0.25882 0.34118 0.47451
0.24706 0.33333 0.48235
0.25098 0.33725 0.48235
0.26667 0.35686 0.49804
0.25882 0.34902 0.48235
0.26667 0.35686 0.48235
0.25098 0.33725 0.48235
0.27059 0.35686 0.50196
0.28235 0.36863 0.5098
0.26275 0.35294 0.48627
0.2549 0.34118 0.48235
0.26275 0.34902 0.49412
0.27843 0.36471 0.5098
0.2549 0.3451 0.47843
0.25098 0.34118 0.47451
0.25882 0.35294 0.48627
