0.69412 0.63529 0.57255
0.69804 0.63529 0.57255
0.69804 0.63529 0.57255
0.69804 0.63529 0.56863
0.69804 0.63529 0.57255
0.70196 0.63922 0.57647
0.69804 0.63529 0.56863
0.69412 0.63529 0.57255
0.70196 0.63922 0.57647
0.70196 0.63922 0.57647
0.69412 0.63137 0.56863
0.69804 0.63137 0.56863
0.69804 0.63529 0.57255
0.70196 0.63922 0.57647
0.6902 0.62745 0.56471
0.69804 0.63137 0.56863
0.69804 0.63137 0.56863
0.70196 0.63922 0.57647
0.69412 0.63137 0.56863
0.69804 0.63137 0.56863
0.69804 0.63529 0.57255
0.69804 0.63529 0.57255
