0.11765 0.19216 0.21961
0.12157 0.2 0.23137
0.11373 0.19216 0.21176
0.12157 0.2 0.23529
0.11373 0.19608 0.23137
0.1098 0.2 0.23137
0.17647 0.23529 0.25882
0.1098 0.19608 0.21569
0.090196 0.18039 0.20784
0.10196 0.18039 0.21569
0.1098 0.19608 0.21961
0.1098 0.2 0.22353
0.10196 0.19216 0.21569
0.10588 0.18824 0.21961
0.13725 0.18039 0.21176
0.12157 0.18824 0.21569
0.1098 0.2 0.21961
0.094118 0.19216 0.21569
0.1098 0.19216 0.22745
0.11373 0.20392 0.22745
0.11373 0.20392 0.22745
0.098039 0.18824 0.21176
0.094118 0.18431 0.21176
