0.17255 0.27451 0.38039
0.17255 0.27451 0.38039
0.17647 0.27843 0.38824
0.18824 0.28627 0.39608
0.16863 0.27059 0.37647
0.17255 0.27059 0.37647
0.16471 0.25882 0.36863
0.16471 0.25882 0.36863
0.17255 0.27451 0.38431
0.17255 0.27059 0.37647
0.16471 0.25882 0.36863
0.18039 0.27451 0.38431
0.17647 0.27059 0.38039
0.17255 0.27059 0.38039
0.17255 0.26667 0.37647
0.16078 0.2549 0.36471
0.18039 0.27451 0.38431
0.17647 0.27059 0.38039
0.16078 0.2549 0.36471
0.16863 0.26275 0.36863
0.17255 0.26667 0.37647
0.18039 0.27451 0.38431
0.16078 0.25098 0.36471
0.17255 0.26667 0.37647
0.17647 0.27059 0.38039
0.17647 0.27059 0.38039
0.17255 0.26667 0.37255
0.16863 0.26275 0.36863
0.16863 0.26275 0.37255
0.18039 0.27451 0.38431
0.16863 0.26275 0.37255
0.16863 0.26275 0.37255
0.16471 0.25882 0.36863
0.16471 0.25882 0.36863
0.16863 0.26275 0.37255
0.18039 0.27451 0.38431
0.17647 0.27059 0.38039
0.17647 0.27059 0.38039
0.16471 0.26275 0.36471
0.16078 0.25882 0.36863
0.19216 0.28627 0.39608
0.17255 0.26667 0.37647
0.17647 0.27059 0.38039
0.18824 0.27843 0.38431
0.17255 0.26667 0.38039
0.18039 0.26275 0.37647
0.17255 0.26275 0.38039
