0.62745 0.72157 0.81176
0.63137 0.71765 0.80784
0.64706 0.72157 0.81176
0.61569 0.7098 0.80392
0.61961 0.71373 0.80784
0.61961 0.71373 0.81569
0.61569 0.7098 0.81176
0.61569 0.7098 0.81176
0.62353 0.71765 0.81176
0.62353 0.71765 0.80784
0.63137 0.71765 0.80784
0.63922 0.71765 0.80392
0.61961 0.7098 0.81176
0.62745 0.71373 0.81569
0.61961 0.71373 0.80784
0.62353 0.71765 0.81176
0.62353 0.71765 0.81176
0.61961 0.71373 0.81176
0.61569 0.7098 0.80392
0.61961 0.71373 0.80784
0.62353 0.71765 0.81176
0.63137 0.72157 0.81569
0.63529 0.71765 0.80784
0.63922 0.71765 0.80784
0.61176 0.71373 0.81176
0.61569 0.71373 0.81569
0.61961 0.7098 0.81176
0.62745 0.7098 0.81569
0.61961 0.71373 0.80784
0.61961 0.71373 0.80784
0.61961 0.71373 0.80784
0.61569 0.7098 0.80392
0.61569 0.7098 0.80392
0.62353 0.71765 0.81176
0.62745 0.72157 0.81569
0.63529 0.72157 0.81569
0.63922 0.71765 0.81176
0.63922 0.72157 0.80784
0.61176 0.71373 0.81569
0.61569 0.71373 0.81569
0.61961 0.72157 0.81961
0.61961 0.71765 0.81569
0.62745 0.71373 0.81961
0.62353 0.7098 0.81176
0.61961 0.71373 0.80784
0.61961 0.71373 0.80784
0.61961 0.71373 0.80784
0.61569 0.7098 0.80392
0.61961 0.71373 0.80784
0.62353 0.71765 0.81176
0.62353 0.71765 0.81176
0.63137 0.71765 0.81176
0.63529 0.71373 0.80784
0.64314 0.72157 0.81176
0.65098 0.72549 0.80784
0.61569 0.71765 0.81961
0.61569 0.71373 0.81569
0.61961 0.71373 0.81569
0.61961 0.71373 0.81569
0.62353 0.71373 0.81569
0.62353 0.71765 0.81569
0.61961 0.71373 0.81176
0.61569 0.7098 0.81176
0.61961 0.71765 0.81569
0.61961 0.71373 0.81569
0.62353 0.7098 0.81176
0.62353 0.71373 0.80784
0.63137 0.71373 0.80784
0.63137 0.71373 0.80392
0.64314 0.72157 0.80784
0.6549 0.72549 0.80392
0.61569 0.71765 0.81961
0.61569 0.71373 0.81176
0.61961 0.71373 0.81569
0.61569 0.7098 0.81176
0.61961 0.71373 0.81569
0.62353 0.71765 0.81961
0.61961 0.71373 0.81569
0.61961 0.71765 0.81961
0.61961 0.71765 0.81961
0.61961 0.71373 0.81569
0.62745 0.7098 0.81569
0.63137 0.71765 0.81569
0.63529 0.72157 0.81176
0.63922 0.71765 0.80784
0.64706 0.72157 0.80784
0.6549 0.72157 0.80392
0.66667 0.72941 0.81176
0.61176 0.71373 0.81961
0.61569 0.71373 0.81176
0.61961 0.71373 0.81569
0.61569 0.7098 0.81176
0.61569 0.70588 0.81176
0.61961 0.71373 0.81569
0.61961 0.71373 0.81569
0.61961 0.71765 0.81569
0.61961 0.71765 0.81569
0.61961 0.71373 0.81569
0.62745 0.71373 0.81961
0.63137 0.71373 0.81176
0.63137 0.71373 0.80784
0.63922 0.71765 0.80784
0.64706 0.72157 0.80784
0.65098 0.71765 0.80784
0.66667 0.72549 0.81176
0.61569 0.71765 0.82745
0.61176 0.71765 0.81961
0.61569 0.71373 0.81569
0.61176 0.7098 0.81176
0.61176 0.7098 0.81176
0.61961 0.71765 0.81569
0.61569 0.71373 0.81569
0.61569 0.71373 0.81176
0.61176 0.7098 0.80784
0.61569 0.71765 0.81176
0.61176 0.70588 0.80392
0.62745 0.71373 0.81176
0.63137 0.71765 0.81176
0.63137 0.71765 0.81176
0.63529 0.71765 0.81176
0.63922 0.71765 0.80784
0.64706 0.71373 0.80784
0.66275 0.72549 0.81569
0.66667 0.72941 0.80784
0.61176 0.71373 0.81961
0.61569 0.71765 0.82353
0.61961 0.72157 0.82745
0.61569 0.71765 0.81961
0.61961 0.72157 0.81961
0.61569 0.71765 0.81569
0.61176 0.71765 0.81176
0.61569 0.71765 0.81569
0.61569 0.71765 0.81176
0.61569 0.72157 0.80784
0.61569 0.71373 0.80392
0.61569 0.7098 0.80392
0.63137 0.71765 0.81176
0.63137 0.71765 0.81176
0.63529 0.72157 0.81569
0.63922 0.72549 0.81961
0.63529 0.71373 0.81176
0.64314 0.71373 0.80784
0.65882 0.72549 0.81176
0.67059 0.73333 0.81176
0.61569 0.71765 0.81961
0.61176 0.7098 0.81569
0.61569 0.71765 0.82353
0.61961 0.72157 0.82353
0.61569 0.71765 0.81176
0.61569 0.71765 0.81569
0.61176 0.71373 0.81176
0.61569 0.71765 0.81569
0.61569 0.71765 0.81176
0.61961 0.72157 0.81176
0.61569 0.71765 0.80784
0.62353 0.71765 0.81176
0.62745 0.71373 0.80784
0.63137 0.71765 0.81176
0.63529 0.72157 0.81569
0.63529 0.72157 0.81569
0.63137 0.71373 0.80784
0.64706 0.72549 0.81569
0.6549 0.72941 0.81176
0.65882 0.72549 0.80392
0.66667 0.73333 0.80392
0.67059 0.72941 0.80392
0.61176 0.71373 0.81961
0.60784 0.71373 0.81569
0.60784 0.71373 0.81176
0.61176 0.71373 0.81176
0.61176 0.71765 0.81569
0.61569 0.71765 0.81569
0.61569 0.72157 0.81569
0.61176 0.71373 0.80784
0.61569 0.71765 0.81176
0.61961 0.71765 0.80784
0.61961 0.71765 0.80784
0.63137 0.72157 0.81176
0.63529 0.72157 0.81569
0.63922 0.72549 0.81961
0.63529 0.72157 0.81569
0.63529 0.72157 0.81176
0.63922 0.72157 0.81176
0.64706 0.72549 0.80784
0.66275 0.72941 0.80784
0.67059 0.73725 0.80784
0.67059 0.73333 0.80784
0.61176 0.72157 0.81569
0.60784 0.72157 0.81176
0.61176 0.72157 0.81569
0.61569 0.71765 0.81569
0.61569 0.72157 0.81569
0.61569 0.72549 0.81961
0.61176 0.71373 0.81176
0.61569 0.7098 0.81176
0.62353 0.72157 0.80784
0.61961 0.71765 0.80392
0.62353 0.72157 0.80784
0.63137 0.71765 0.80784
0.63922 0.72549 0.81569
0.63137 0.71765 0.80784
0.62745 0.72157 0.80784
0.63529 0.71765 0.80784
0.64314 0.72157 0.80392
0.65882 0.72941 0.80784
0.66667 0.73333 0.81176
0.67451 0.73333 0.80784
0.61176 0.72157 0.81961
0.61569 0.72549 0.81961
0.61176 0.72157 0.81569
0.61569 0.71765 0.81569
0.61569 0.71765 0.81569
0.61569 0.72157 0.81569
0.61176 0.71373 0.81176
0.61961 0.7098 0.81176
0.62353 0.71765 0.81176
0.62353 0.71765 0.80784
0.62745 0.72157 0.81176
0.62745 0.72157 0.81176
0.63137 0.72549 0.81176
0.62353 0.71765 0.80784
0.62745 0.72157 0.80784
0.63529 0.72157 0.80784
0.64706 0.72549 0.80784
0.66275 0.73333 0.81176
0.67059 0.73725 0.81569
0.67059 0.73333 0.80784
0.67059 0.73333 0.79608
0.61569 0.72549 0.81961
0.61961 0.72941 0.82353
0.61961 0.72549 0.82353
0.61569 0.72157 0.81961
0.61569 0.71765 0.81569
0.61569 0.71765 0.81569
0.61176 0.71373 0.81176
0.61961 0.71373 0.81569
0.61961 0.71765 0.81176
0.61961 0.71373 0.80784
0.61961 0.71373 0.80784
0.62353 0.72157 0.80784
0.62745 0.72549 0.81176
0.62353 0.72157 0.80784
0.62745 0.72157 0.81176
0.63529 0.71765 0.80392
0.6549 0.72941 0.81176
0.66275 0.72941 0.81176
0.67059 0.73725 0.81569
0.67059 0.73333 0.80392
0.62353 0.72549 0.82353
0.61961 0.72157 0.82353
0.62353 0.71765 0.82745
0.62745 0.72157 0.83137
0.61569 0.71373 0.81961
0.61961 0.71373 0.81569
0.61961 0.72157 0.81961
0.61569 0.72157 0.81569
0.61569 0.72549 0.81961
0.61961 0.72157 0.81569
0.61569 0.71765 0.80392
0.62745 0.72549 0.81176
0.62745 0.72549 0.81176
0.62745 0.72549 0.81176
0.63137 0.72157 0.81176
0.63922 0.72157 0.80784
0.65098 0.72941 0.81176
0.66667 0.72941 0.80784
0.67451 0.73333 0.80784
0.62353 0.72157 0.82353
0.62745 0.72157 0.83137
0.61961 0.71373 0.82353
0.62353 0.71765 0.81961
0.61961 0.72157 0.81961
0.61569 0.72157 0.81569
0.61961 0.72549 0.81961
0.61569 0.71765 0.81176
0.62353 0.72157 0.81176
0.62745 0.72157 0.80784
0.63137 0.72549 0.81176
0.63529 0.72549 0.81569
0.63529 0.72157 0.81176
0.64314 0.72549 0.81569
0.65098 0.72549 0.80784
0.65882 0.72549 0.80392
0.62745 0.72157 0.82353
0.62353 0.72549 0.82353
0.61569 0.72157 0.81569
0.61569 0.71765 0.81569
0.62353 0.71765 0.81569
0.62745 0.71765 0.80784
0.63137 0.71765 0.80784
0.63922 0.72549 0.81569
0.63529 0.72157 0.81176
0.63922 0.72549 0.81569
0.63922 0.72157 0.81176
0.64706 0.72157 0.80392
0.62353 0.71373 0.81569
0.61961 0.71765 0.81961
0.61961 0.72157 0.81961
0.61569 0.71765 0.81569
0.61569 0.71765 0.81961
0.61961 0.71765 0.81569
0.61961 0.72157 0.80784
0.62745 0.72157 0.81176
0.62745 0.72157 0.81569
0.63529 0.72157 0.81569
0.63922 0.72549 0.81569
0.64314 0.72549 0.81176
0.65098 0.72549 0.80784
0.62353 0.72157 0.81961
0.61569 0.71765 0.81176
0.62353 0.72549 0.81961
0.61961 0.72157 0.81961
0.62353 0.72549 0.81961
0.61961 0.72157 0.81569
0.61176 0.71765 0.80784
0.62353 0.72157 0.81569
0.62353 0.71765 0.81176
0.63137 0.71765 0.81176
0.63529 0.72157 0.81569
0.64314 0.72549 0.81569
0.62353 0.72941 0.82353
0.62353 0.72549 0.82353
0.61961 0.72157 0.81176
0.61961 0.72157 0.81176
0.61961 0.72157 0.81176
0.61961 0.72157 0.80784
0.61569 0.71765 0.81176
0.61569 0.71765 0.81569
0.61961 0.71765 0.81176
0.62745 0.72157 0.81569
0.63922 0.72549 0.81961
0.63922 0.72549 0.81961
0.63922 0.72157 0.81176
0.61961 0.72157 0.81569
0.61961 0.72157 0.81176
0.61961 0.72157 0.81176
0.61961 0.72549 0.81176
0.62353 0.72549 0.81176
0.61961 0.71765 0.81176
0.62353 0.72157 0.81569
0.62353 0.71765 0.81569
0.63137 0.72549 0.81961
0.63137 0.72549 0.81569
0.63137 0.71765 0.80784
0.61569 0.71765 0.80784
0.61961 0.72157 0.81176
0.61961 0.72157 0.81176
0.62353 0.72157 0.81176
0.62353 0.71373 0.80784
0.62353 0.71765 0.81176
0.62745 0.72157 0.81569
0.61569 0.72157 0.81176
0.62353 0.72157 0.81569
0.62353 0.71765 0.81176
0.62353 0.71765 0.81176
0.62745 0.72157 0.81569
0.61961 0.72157 0.81176
0.62353 0.72549 0.81569
0.62353 0.72549 0.81569
0.62745 0.72157 0.81961
0.62353 0.72549 0.81569
0.62353 0.72157 0.81961
