0.83137 0.72549 0.63137
0.82353 0.71765 0.61176
0.83529 0.72941 0.63137
0.84706 0.74118 0.63529
0.82745 0.72157 0.61961
0.83137 0.73333 0.63529
0.87059 0.75686 0.65882
0.82745 0.72157 0.62353
0.82745 0.72941 0.62745
0.83529 0.74118 0.63922
0.84314 0.73333 0.63137
0.83529 0.72941 0.63137
0.83137 0.73725 0.63529
0.84314 0.74902 0.64706
0.84314 0.73725 0.62745
0.83137 0.72941 0.62745
0.83137 0.72941 0.63137
0.83137 0.73725 0.63922
0.83922 0.7451 0.64314
0.87451 0.76863 0.6549
0.82353 0.72157 0.61176
0.82745 0.72941 0.62353
0.83137 0.73333 0.62745
0.83922 0.7451 0.63529
0.84314 0.74902 0.64314
0.83529 0.72941 0.61961
0.82745 0.73333 0.62745
0.82353 0.72941 0.62745
0.83529 0.74118 0.63529
0.83922 0.7451 0.63922
0.8549 0.76078 0.64706
0.8549 0.7451 0.63922
0.83137 0.72549 0.62353
0.82745 0.73333 0.63137
0.82745 0.73333 0.63529
0.83922 0.7451 0.64314
0.85098 0.75686 0.64706
0.8549 0.76078 0.65098
0.88627 0.78039 0.67059
0.83137 0.72549 0.62745
0.82745 0.72549 0.63137
0.82353 0.72941 0.63137
0.82745 0.73333 0.63922
0.83922 0.7451 0.64706
0.8549 0.75686 0.65098
0.84314 0.7451 0.63529
0.84706 0.74118 0.63922
0.81961 0.71765 0.62353
0.82353 0.72941 0.63529
0.83529 0.74118 0.63922
0.83922 0.7451 0.64314
0.84314 0.74902 0.64314
0.85098 0.74902 0.64314
0.8549 0.75294 0.64706
0.90588 0.80784 0.69412
0.82745 0.71765 0.61961
0.83137 0.72941 0.63529
0.83529 0.74118 0.64706
0.83529 0.74118 0.63922
0.83922 0.7451 0.64314
0.84706 0.75294 0.65098
0.8549 0.75294 0.64706
0.8549 0.75294 0.64706
0.92549 0.83529 0.71373
0.82745 0.72549 0.61176
0.83137 0.72549 0.62353
0.83137 0.73333 0.63529
0.82745 0.72941 0.63529
0.83529 0.74118 0.63922
0.84314 0.74902 0.64706
0.84314 0.74902 0.64314
0.86275 0.76078 0.6549
0.86667 0.76471 0.65882
0.87451 0.77647 0.66667
0.77647 0.67843 0.57255
0.81569 0.71373 0.60784
0.84314 0.74118 0.63922
0.82745 0.72549 0.62745
0.83529 0.74118 0.63922
0.84706 0.75686 0.64706
0.85098 0.75686 0.64706
0.85882 0.76078 0.6549
0.85882 0.75686 0.65098
0.92157 0.82745 0.70588
0.82353 0.71765 0.60784
0.83137 0.72941 0.62353
0.83529 0.73333 0.62745
0.84314 0.74118 0.64314
0.86275 0.76471 0.66667
0.8549 0.75686 0.6549
0.85098 0.75294 0.64706
0.8549 0.75294 0.64706
0.8549 0.75294 0.64706
0.8549 0.75294 0.64706
0.85098 0.75294 0.63529
0.81961 0.71373 0.60392
0.83137 0.72941 0.62745
0.83922 0.73725 0.63137
0.84314 0.74118 0.64314
0.84314 0.74118 0.64314
0.84706 0.7451 0.64706
0.84706 0.7451 0.64314
0.8549 0.75294 0.64706
0.86275 0.76078 0.6549
0.85882 0.75686 0.65098
0.95294 0.87059 0.74118
0.88235 0.78431 0.67059
0.81961 0.71765 0.61176
0.82745 0.72549 0.62745
0.83137 0.72941 0.63137
0.83922 0.73725 0.63529
0.85098 0.74902 0.65098
0.84706 0.74118 0.64706
0.85098 0.74118 0.64706
0.85098 0.74902 0.64314
0.85882 0.75686 0.64314
0.86275 0.76078 0.65098
0.86667 0.76078 0.6549
0.95294 0.87059 0.7451
0.93725 0.84706 0.72157
0.93333 0.83529 0.71765
0.82745 0.72549 0.61569
0.82745 0.72549 0.61961
0.83137 0.72941 0.63137
0.83137 0.72941 0.63137
0.83922 0.73725 0.63922
0.84314 0.74118 0.64314
0.84706 0.7451 0.64706
0.85882 0.74902 0.6549
0.85882 0.75294 0.65098
0.86667 0.76078 0.65098
0.86275 0.75686 0.63922
0.87059 0.76471 0.65098
0.91373 0.81961 0.69804
0.85098 0.7451 0.63137
0.81961 0.71373 0.60392
0.83529 0.73333 0.62745
0.84706 0.7451 0.64706
0.83529 0.73333 0.63529
0.83922 0.73725 0.63922
0.83922 0.73725 0.63922
0.84706 0.7451 0.64706
0.86275 0.75294 0.65882
0.86667 0.76078 0.65882
0.86275 0.75686 0.64314
0.87059 0.76471 0.6549
0.86275 0.75686 0.64706
0.95294 0.86275 0.73725
0.8902 0.78824 0.67451
0.82353 0.72157 0.61569
0.82353 0.72941 0.62353
0.82745 0.72941 0.62745
0.82745 0.73333 0.63137
0.82353 0.72941 0.62745
0.83529 0.74118 0.63922
0.84314 0.74902 0.64706
0.85098 0.75294 0.65098
0.8549 0.74902 0.64706
0.86275 0.76078 0.6549
0.85882 0.75294 0.64706
0.85882 0.75686 0.65098
0.87059 0.76863 0.66275
0.92157 0.83137 0.7098
0.84314 0.74118 0.63529
0.82745 0.72941 0.63137
0.83137 0.73725 0.63529
0.83922 0.74902 0.64706
0.83529 0.74118 0.63922
0.83137 0.73725 0.63529
0.84314 0.74902 0.64706
0.85098 0.74902 0.65098
0.8549 0.74902 0.65098
0.86275 0.74902 0.64706
0.85882 0.7451 0.63922
0.86275 0.74902 0.64706
0.86667 0.76078 0.6549
0.86275 0.75686 0.65098
0.87451 0.78039 0.67059
0.82353 0.72157 0.61961
0.82745 0.72941 0.63137
0.82353 0.73333 0.63529
0.83529 0.74118 0.63922
0.83922 0.7451 0.64314
0.84706 0.75294 0.64706
0.84706 0.74902 0.63922
0.86667 0.76078 0.6549
0.87451 0.76078 0.65882
0.87843 0.77255 0.66667
0.85882 0.74902 0.64314
0.86275 0.75294 0.65098
0.86275 0.75686 0.65098
0.8549 0.74902 0.64314
0.94118 0.85098 0.73725
0.82745 0.72941 0.62353
0.83137 0.72941 0.63137
0.83529 0.73333 0.63922
0.83922 0.74118 0.64314
0.84314 0.7451 0.64706
0.84314 0.7451 0.64706
0.84706 0.74902 0.64706
0.86275 0.76078 0.6549
0.87451 0.76471 0.65882
0.87451 0.75686 0.65098
0.87451 0.76863 0.65882
0.86667 0.76078 0.65098
0.86667 0.76078 0.65098
0.87451 0.77255 0.65882
0.89804 0.79216 0.67843
0.85098 0.75686 0.64706
0.82353 0.72157 0.62353
0.83137 0.72941 0.63137
0.83529 0.73333 0.63529
0.83922 0.73725 0.63922
0.84706 0.74118 0.64706
0.84706 0.7451 0.64706
0.8549 0.75294 0.6549
0.85882 0.75294 0.64706
0.85882 0.74902 0.63529
0.86275 0.7451 0.63529
0.86667 0.76471 0.64706
0.87059 0.76471 0.65098
0.87059 0.76471 0.65098
0.8902 0.78431 0.67059
0.8902 0.78431 0.66667
0.90196 0.80392 0.69804
0.83137 0.72941 0.62353
0.83922 0.73725 0.63922
0.83137 0.72941 0.63529
0.84314 0.74118 0.63922
0.83922 0.73725 0.63922
0.84314 0.74118 0.64314
0.85098 0.74902 0.65098
0.85882 0.75686 0.6549
0.86667 0.76078 0.6549
0.86275 0.74902 0.63922
0.87451 0.76078 0.65098
0.8902 0.78431 0.67059
0.87843 0.77255 0.65882
0.87843 0.77255 0.65882
0.87059 0.76471 0.6549
0.87451 0.76863 0.6549
0.84706 0.74902 0.63922
0.83137 0.72941 0.62353
0.83922 0.73725 0.63529
0.84706 0.7451 0.64706
0.85098 0.74902 0.6549
0.85098 0.74902 0.65098
0.85098 0.74902 0.65098
0.85098 0.74902 0.65098
0.86275 0.76078 0.65882
0.86275 0.76078 0.6549
0.85882 0.75294 0.64314
0.87451 0.76863 0.6549
0.87059 0.76471 0.65098
0.87059 0.76471 0.65098
0.87451 0.76471 0.6549
0.86667 0.76078 0.6549
0.87451 0.76863 0.66275
0.88235 0.78431 0.66275
0.82353 0.72157 0.60784
0.83922 0.73725 0.63137
0.84706 0.7451 0.63529
0.83922 0.73725 0.63922
0.84706 0.7451 0.6549
0.85098 0.74902 0.65098
0.84706 0.7451 0.64706
0.85882 0.75686 0.65882
0.86275 0.76078 0.65882
0.84706 0.7451 0.63922
0.85882 0.75686 0.65098
0.86667 0.76471 0.65882
0.87451 0.77647 0.65882
0.87843 0.76863 0.65882
0.87451 0.75686 0.64706
0.87451 0.76863 0.66275
0.88235 0.77647 0.67059
0.83529 0.73333 0.61961
0.82745 0.72549 0.61961
0.83529 0.73333 0.63529
0.84706 0.7451 0.64314
0.84706 0.7451 0.64314
0.84706 0.7451 0.6549
0.85098 0.74902 0.6549
0.8549 0.75294 0.65098
0.85882 0.75686 0.65882
0.85882 0.75686 0.6549
0.86667 0.76471 0.65882
0.87451 0.77255 0.66667
0.87059 0.76863 0.65882
0.86667 0.76471 0.64706
0.87059 0.76078 0.65098
0.87843 0.76078 0.65098
0.88235 0.77255 0.66667
0.87843 0.77255 0.66667
0.84314 0.74118 0.63922
0.83922 0.73725 0.63922
0.84706 0.7451 0.65098
0.8549 0.74902 0.6549
0.86275 0.75686 0.65882
0.87451 0.77255 0.67059
0.87843 0.77647 0.67451
0.87451 0.77255 0.66667
0.87843 0.77255 0.67059
0.87843 0.77255 0.66667
0.87059 0.76863 0.6549
0.88235 0.77255 0.66275
0.87843 0.76078 0.65098
0.88235 0.77647 0.67059
0.87059 0.76863 0.66275
0.85882 0.75686 0.65098
0.86667 0.76078 0.6549
0.87059 0.76471 0.65882
0.87843 0.77255 0.66275
0.87059 0.76471 0.65098
0.87843 0.77255 0.66667
0.87451 0.76863 0.67059
0.87451 0.77255 0.66667
0.87451 0.76471 0.6549
0.88627 0.76863 0.65882
0.87059 0.76471 0.65882
0.86667 0.76078 0.6549
0.86667 0.76078 0.65098
0.87451 0.76863 0.65098
0.87451 0.76863 0.6549
0.87059 0.76471 0.6549
0.87843 0.77255 0.66667
0.88235 0.77647 0.66667
0.8902 0.77255 0.66275
0.87843 0.77255 0.66275
0.87843 0.77255 0.66275
0.87059 0.76471 0.66275
0.87059 0.76471 0.65882
0.87451 0.76863 0.65882
0.88235 0.76471 0.6549
0.88235 0.77255 0.65882
0.88235 0.77647 0.66275
0.88235 0.77255 0.66275
0.88627 0.77255 0.66275
0.89804 0.78039 0.67059
0.89804 0.78039 0.67059
