0.63922 0.7098 0.79216
0.63922 0.71373 0.79216
0.63529 0.71765 0.79608
0.63137 0.71373 0.79216
0.63922 0.71765 0.79216
0.63137 0.71373 0.79608
0.63529 0.71765 0.79216
0.63529 0.71765 0.79216
0.63922 0.71373 0.79216
0.62745 0.7098 0.79216
0.63137 0.71373 0.78824
0.63137 0.71765 0.79216
0.63922 0.71765 0.79216
0.63529 0.71765 0.8
0.63137 0.7098 0.79216
0.63137 0.71373 0.79608
0.63529 0.71765 0.8
0.63922 0.72157 0.79608
0.63137 0.71373 0.79608
0.63137 0.7098 0.79608
0.62745 0.7098 0.79216
0.63137 0.71373 0.79608
