0.47843 0.59216 0.75686
0.48235 0.59608 0.76078
0.48235 0.59608 0.76078
0.47843 0.59216 0.75686
0.48627 0.6 0.76471
0.48235 0.59608 0.76078
0.48235 0.59608 0.75686
0.48627 0.59608 0.76471
0.47843 0.59216 0.75686
0.47843 0.59216 0.76078
0.48235 0.59608 0.76078
0.47843 0.59216 0.75686
0.47843 0.59216 0.75686
0.48235 0.59608 0.76471
0.48235 0.59608 0.76078
0.48235 0.59608 0.75686
0.48235 0.59608 0.76078
0.47843 0.59216 0.75686
0.48235 0.59608 0.76078
0.48627 0.6 0.76471
0.47843 0.59608 0.75686
0.47059 0.59608 0.74902
