0.36863 0.61176 0.75294
0.33725 0.61569 0.79216
0.3451 0.61176 0.77255
0.37647 0.60392 0.7451
0.30196 0.62353 0.81176
0.33333 0.62353 0.80392
0.34118 0.61569 0.77255
0.38824 0.60784 0.73725
0.3098 0.63529 0.81569
0.32157 0.62353 0.80784
0.3451 0.61961 0.77647
0.39216 0.61176 0.74118
0.30588 0.62745 0.81176
0.32157 0.61961 0.80784
0.34118 0.61569 0.77647
0.38431 0.60392 0.73333
0.3451 0.61961 0.77647
0.39216 0.61176 0.74118
0.41176 0.61176 0.73725
0.48627 0.63137 0.72549
0.59216 0.6902 0.74118
0.69412 0.74902 0.76863
