0.28235 0.4 0.54902
0.27059 0.38824 0.53333
0.28235 0.39216 0.53725
0.27451 0.39216 0.53725
0.28235 0.39608 0.54118
0.27843 0.38824 0.53725
0.28235 0.39216 0.54118
0.27451 0.39216 0.5451
0.27451 0.39216 0.54118
0.27059 0.38824 0.53725
0.27843 0.39608 0.5451
0.27843 0.38824 0.53725
0.27059 0.38824 0.54118
0.27843 0.39608 0.5451
0.27451 0.39216 0.54118
0.27059 0.38824 0.53725
0.27059 0.38431 0.53725
0.27451 0.39216 0.54118
0.27451 0.39216 0.54118
0.27059 0.38824 0.53725
0.27451 0.39216 0.54118
0.27059 0.38824 0.53725
0.27059 0.38824 0.53725
0.28235 0.4 0.54902
0.28235 0.4 0.54902
0.27451 0.39216 0.54118
0.27451 0.39216 0.54118
0.27451 0.39216 0.54118
