0.043137 0.16863 0.33333
0.043137 0.16863 0.33725
0.035294 0.16471 0.33333
0.039216 0.16863 0.33725
0.039216 0.18039 0.34902
0.047059 0.17647 0.34902
0.039216 0.16863 0.33725
0.043137 0.18039 0.3451
0.039216 0.17255 0.34902
0.031373 0.16863 0.3451
0.039216 0.18039 0.3451
0.043137 0.18039 0.34118
0.027451 0.17255 0.34118
0.023529 0.17255 0.3451
0.035294 0.18431 0.35294
0.035294 0.18039 0.3451
0.047059 0.18431 0.34902
0.047059 0.18039 0.3451
0.035294 0.18431 0.35294
0.023529 0.18039 0.34902
0.031373 0.18039 0.3451
0.039216 0.18431 0.34902
0.039216 0.17647 0.34118
0.027451 0.17255 0.34118
0.015686 0.17255 0.34118
0.023529 0.17255 0.3451
0.035294 0.18039 0.34902
0.039216 0.18039 0.3451
0.035294 0.17647 0.34902
0.023529 0.17255 0.3451
0.015686 0.17255 0.34118
0.027451 0.17255 0.3451
0.023529 0.16863 0.33725
0.027451 0.18039 0.34902
0.035294 0.18824 0.35294
0.035294 0.18431 0.35294
0.027451 0.17255 0.3451
0.023529 0.16863 0.34118
0.031373 0.17647 0.34902
0.027451 0.17255 0.34118
0.015686 0.17647 0.3451
0.019608 0.17647 0.3451
0.023529 0.18039 0.34902
0.023529 0.17255 0.3451
0.039216 0.18039 0.35294
