0.21961 0.30588 0.45882
0.21176 0.30588 0.4549
0.21176 0.29804 0.45098
0.21176 0.30196 0.4549
0.20784 0.29804 0.45098
0.21569 0.30196 0.4549
0.20784 0.29412 0.44706
0.21569 0.30196 0.45098
0.22353 0.3098 0.46275
0.20784 0.29412 0.45098
0.21961 0.30588 0.45098
0.21569 0.30196 0.45098
0.21569 0.30196 0.45098
0.21176 0.29804 0.4549
0.21176 0.29804 0.45882
0.21961 0.30588 0.44314
0.21569 0.30196 0.44706
0.21961 0.30588 0.4549
0.21176 0.29804 0.45098
0.20784 0.29804 0.45882
0.22353 0.3098 0.4549
0.22353 0.30196 0.4549
0.21961 0.30196 0.4549
0.21176 0.29412 0.4549
0.22353 0.29804 0.4549
0.21961 0.29412 0.45098
0.22353 0.29804 0.4549
0.23137 0.30588 0.46275
