0.44314 0.51765 0.61961
0.35294 0.41569 0.52549
0.34902 0.41569 0.52157
0.32941 0.39608 0.5098
0.33725 0.40392 0.52549
0.34902 0.42353 0.52941
0.32549 0.4 0.5098
0.32157 0.39216 0.51373
0.30588 0.38039 0.50588
0.35294 0.43137 0.53333
0.33333 0.41176 0.52157
0.32941 0.40392 0.52157
0.30196 0.37647 0.50196
0.27843 0.35294 0.48235
0.27059 0.35294 0.48235
0.38824 0.46667 0.56863
0.32549 0.40392 0.51373
0.32941 0.40392 0.52157
0.31765 0.39216 0.51373
0.2902 0.36863 0.49412
0.27451 0.35294 0.48235
0.25882 0.3451 0.47843
0.41569 0.49412 0.59608
0.32157 0.4 0.5098
0.32549 0.4 0.51765
0.32549 0.4 0.52549
0.29804 0.37255 0.50196
0.27451 0.35294 0.48235
0.2549 0.3451 0.47451
0.25882 0.34902 0.48627
0.25882 0.3451 0.4902
0.47451 0.55294 0.65882
0.32549 0.40392 0.51373
0.32157 0.39216 0.51373
0.31765 0.39216 0.51765
0.30588 0.38431 0.5098
0.28235 0.35686 0.4902
0.27059 0.35294 0.4902
0.26667 0.34902 0.48627
0.25882 0.34118 0.48627
0.28235 0.36078 0.4902
0.64314 0.72157 0.79608
0.64314 0.72549 0.80784
0.58431 0.66275 0.76078
0.36078 0.43922 0.54118
0.32549 0.40392 0.51765
0.3098 0.38431 0.50588
0.2902 0.36471 0.49412
0.27451 0.3451 0.47843
0.27451 0.34902 0.48627
0.26275 0.34118 0.48235
0.25882 0.33725 0.48235
0.27843 0.35294 0.48235
0.28627 0.36078 0.48627
0.63529 0.72157 0.79216
0.63529 0.71765 0.79216
0.64314 0.72157 0.79608
0.64314 0.71373 0.8
0.63922 0.72157 0.81961
0.41569 0.49412 0.59608
0.32941 0.40392 0.51373
0.32157 0.4 0.51373
0.29412 0.36863 0.4902
0.27843 0.35294 0.47843
0.27843 0.35294 0.4902
0.25882 0.33725 0.47843
0.24706 0.32549 0.47451
0.28235 0.36078 0.49412
0.28627 0.36471 0.49412
0.63529 0.72549 0.8
0.63529 0.72549 0.79608
0.64314 0.71765 0.79216
0.63922 0.71765 0.79216
0.64314 0.71765 0.79216
0.64314 0.71373 0.79608
0.64706 0.72157 0.81176
0.49412 0.56863 0.65882
0.33725 0.40784 0.51373
0.32941 0.4 0.51765
0.30196 0.37647 0.49804
0.28235 0.35686 0.48235
0.27451 0.35294 0.48627
0.27059 0.34902 0.48235
0.26667 0.34902 0.48235
0.30196 0.38039 0.50588
0.29412 0.37255 0.4902
0.2902 0.36471 0.48235
0.2902 0.36471 0.48627
0.64314 0.72157 0.80392
0.63137 0.72549 0.80392
0.63922 0.72549 0.8
0.64706 0.72157 0.79608
0.65098 0.72157 0.8
0.64314 0.71373 0.79216
0.64314 0.71373 0.79608
0.64706 0.71373 0.79608
0.57255 0.64314 0.72549
0.3451 0.41569 0.52157
0.32941 0.39216 0.51765
0.30588 0.37647 0.50588
0.2902 0.36863 0.49804
0.27451 0.35294 0.48235
0.27843 0.35686 0.48235
0.28627 0.36863 0.4902
0.29804 0.37647 0.49412
0.29804 0.37255 0.4902
0.30588 0.38039 0.49804
0.3098 0.38431 0.50588
0.64706 0.71765 0.80392
0.63922 0.72549 0.80784
0.64314 0.72549 0.8
0.65098 0.72157 0.8
0.65098 0.72157 0.8
0.64706 0.71765 0.79608
0.64706 0.71765 0.8
0.64706 0.71765 0.79608
0.61176 0.68235 0.76863
0.36471 0.43137 0.53725
0.32549 0.38824 0.51373
0.30196 0.37255 0.50196
0.29412 0.36863 0.49804
0.27059 0.3451 0.47843
0.27059 0.34902 0.47451
0.2902 0.37255 0.49412
0.29412 0.36863 0.4902
0.29804 0.37255 0.4902
0.31373 0.38824 0.50588
0.2902 0.36471 0.4902
0.64706 0.71765 0.80392
0.63922 0.72157 0.80392
0.64314 0.72157 0.79608
0.65098 0.72157 0.8
0.65098 0.72157 0.8
0.64706 0.71765 0.79608
0.64706 0.71765 0.79608
0.64706 0.71765 0.79608
0.63529 0.70196 0.79216
0.38039 0.44706 0.55294
0.32157 0.38431 0.50588
0.31373 0.38039 0.5098
0.2902 0.36471 0.49804
0.27451 0.35294 0.48235
0.27843 0.35686 0.48235
0.29804 0.38039 0.50196
0.30196 0.38039 0.49804
0.29804 0.37255 0.4902
0.29412 0.36863 0.48627
0.63922 0.72549 0.80392
0.63922 0.72549 0.80392
0.64314 0.71765 0.79608
0.65098 0.71765 0.79608
0.65098 0.72157 0.8
0.64706 0.71765 0.79608
0.64314 0.71373 0.79216
0.63529 0.71373 0.78431
0.61961 0.69412 0.78039
0.37647 0.44314 0.55686
0.32941 0.38431 0.5098
0.31373 0.37647 0.5098
0.28627 0.36078 0.49804
0.26667 0.3451 0.47451
0.27843 0.35686 0.48235
0.2902 0.37255 0.49412
0.3098 0.38431 0.50196
0.29412 0.36863 0.48627
0.28627 0.36078 0.48627
0.64314 0.72549 0.80784
0.65098 0.72157 0.8
0.6549 0.72157 0.8
0.64706 0.71765 0.79608
0.64706 0.71765 0.79608
0.64314 0.71765 0.79608
0.64314 0.72549 0.8
0.59216 0.67451 0.76471
0.33725 0.40784 0.52549
0.31373 0.38039 0.50588
0.3098 0.38431 0.5098
0.29804 0.37255 0.50196
0.27843 0.35294 0.48235
0.27059 0.34902 0.47451
0.30588 0.38431 0.50588
0.31765 0.39216 0.51373
0.29412 0.36863 0.4902
0.29412 0.36863 0.49412
0.64314 0.72549 0.80784
0.64706 0.72157 0.8
0.65098 0.72157 0.8
0.64706 0.71765 0.79608
0.64314 0.71373 0.79216
0.63922 0.71765 0.79608
0.64706 0.72941 0.81176
0.56078 0.64314 0.74118
0.29412 0.37255 0.49412
0.2902 0.36471 0.49412
0.31373 0.38824 0.51765
0.29412 0.36863 0.49412
0.2902 0.36471 0.49412
0.29412 0.36863 0.49412
0.32157 0.39608 0.52157
0.31373 0.38824 0.51373
0.2902 0.36471 0.49412
0.64706 0.72941 0.81176
0.64706 0.72157 0.80392
0.64706 0.71765 0.79608
0.64314 0.71373 0.79216
0.64314 0.71765 0.79608
0.64706 0.72941 0.81176
0.51373 0.6 0.69804
0.28627 0.36471 0.49412
0.28627 0.36471 0.49412
0.3098 0.38824 0.51765
0.28627 0.36078 0.4902
0.2902 0.36471 0.49412
0.30588 0.38431 0.50588
0.28235 0.35686 0.47451
0.28627 0.35686 0.4902
0.28627 0.36078 0.49804
0.64314 0.71765 0.79608
0.64314 0.71373 0.79216
0.64314 0.71373 0.79216
0.63922 0.71765 0.79608
0.63529 0.72549 0.80784
0.45882 0.55294 0.65098
0.27451 0.36863 0.49412
0.27843 0.35686 0.48627
0.29804 0.37647 0.50588
0.30196 0.37647 0.50588
0.29412 0.37647 0.50196
0.29412 0.37255 0.49804
0.26667 0.3451 0.47059
0.64314 0.71373 0.79608
0.64706 0.71765 0.79608
0.64706 0.72157 0.79608
0.64314 0.71765 0.8
0.64314 0.72941 0.81176
0.46667 0.54902 0.65098
0.28235 0.36471 0.49412
0.27843 0.35686 0.48627
0.30196 0.37647 0.50588
0.3098 0.38431 0.51373
0.30196 0.38039 0.50588
0.2902 0.36471 0.49412
0.63922 0.72157 0.80392
0.64314 0.72549 0.80392
0.64314 0.72157 0.80392
0.64314 0.72157 0.8
0.6549 0.73333 0.81176
0.5098 0.59216 0.68627
0.30196 0.38431 0.50588
0.29804 0.37255 0.50196
0.29804 0.37647 0.50588
0.32157 0.39608 0.52549
0.3098 0.38824 0.51765
0.28235 0.35686 0.48627
0.63922 0.72549 0.80784
0.63922 0.72157 0.80392
0.63922 0.72157 0.8
0.64706 0.72941 0.80392
0.55686 0.63922 0.72941
0.3098 0.39216 0.5098
0.29804 0.37255 0.50196
0.29412 0.36863 0.49804
0.3098 0.38431 0.51373
0.2902 0.36863 0.49804
0.64314 0.72549 0.80784
0.63922 0.72157 0.80392
0.63529 0.71765 0.80392
0.63529 0.71765 0.79608
0.64314 0.72549 0.8
0.58039 0.66275 0.75294
0.31765 0.4 0.51765
0.2902 0.36863 0.49804
0.27451 0.34902 0.48235
0.2902 0.36863 0.49804
0.64706 0.72549 0.80392
0.64314 0.72549 0.80784
0.64314 0.72549 0.80784
0.63922 0.72157 0.80784
0.63922 0.72157 0.8
0.64314 0.72157 0.80784
0.57647 0.6549 0.74902
0.32157 0.4 0.51373
0.29804 0.37255 0.50196
0.29412 0.37255 0.50196
0.29804 0.38039 0.50588
0.6549 0.72549 0.80392
0.65098 0.72549 0.80392
0.64314 0.72549 0.80392
0.63529 0.71765 0.80392
0.64706 0.72549 0.81176
0.64314 0.72549 0.80784
0.64314 0.72157 0.81176
0.56471 0.64314 0.74118
0.34118 0.41961 0.52941
0.32549 0.39608 0.52941
0.31373 0.38824 0.51765
0.30196 0.38039 0.5098
0.65882 0.72941 0.80784
0.6549 0.72157 0.80392
0.6549 0.72941 0.80784
0.65098 0.72941 0.80784
0.64314 0.71765 0.80392
0.64314 0.71765 0.80392
0.64314 0.71765 0.8
0.65098 0.72549 0.81569
0.55686 0.62353 0.72549
0.34902 0.41569 0.52941
0.33333 0.39608 0.52941
0.66275 0.73333 0.81569
0.66275 0.73333 0.80784
0.66275 0.72941 0.80392
0.6549 0.72549 0.80392
0.65098 0.72157 0.80392
0.64314 0.71373 0.79608
0.64314 0.71373 0.79608
0.64706 0.71765 0.8
0.65098 0.72157 0.81176
0.55686 0.62353 0.72157
0.33725 0.4 0.51765
0.66667 0.73333 0.81176
0.66275 0.72941 0.8
0.66275 0.72941 0.8
0.65882 0.72549 0.80392
0.6549 0.72157 0.8
0.6549 0.72549 0.80392
0.65098 0.72157 0.8
0.65098 0.72157 0.80392
0.65882 0.72941 0.81961
0.55686 0.62745 0.72549
0.66275 0.73333 0.81176
0.67059 0.73725 0.80784
0.66667 0.73333 0.80392
0.66275 0.72941 0.80784
0.6549 0.72549 0.80392
0.64706 0.72157 0.8
0.65098 0.72157 0.8
0.65098 0.72157 0.80392
0.65882 0.72941 0.81961
0.57255 0.63922 0.73725
0.66275 0.72941 0.80784
0.66667 0.73333 0.80784
0.66667 0.73333 0.80784
0.66275 0.72941 0.80784
0.6549 0.72549 0.80392
0.64706 0.71765 0.79608
0.64706 0.71765 0.79608
0.64706 0.71765 0.79608
0.65098 0.72549 0.81176
0.5451 0.61569 0.71765
0.6549 0.72549 0.80784
0.65098 0.72157 0.8
0.64706 0.71765 0.79608
0.64706 0.71765 0.79608
0.65098 0.72157 0.8
0.64314 0.71373 0.78824
0.65098 0.72941 0.79608
0.46667 0.54902 0.64706
0.6549 0.72549 0.80392
0.64706 0.71765 0.79608
0.65098 0.72157 0.8
0.65098 0.72157 0.8
0.64706 0.71765 0.79216
0.66275 0.73333 0.80392
0.45882 0.53725 0.63137
0.6549 0.72549 0.80392
0.65098 0.72157 0.8
0.6549 0.72157 0.80784
0.61176 0.67843 0.76863
0.51373 0.59216 0.68235
0.4902 0.56863 0.66667
