0.64706 0.7098 0.78824
0.65098 0.7098 0.78824
0.64706 0.70588 0.78039
0.64314 0.70196 0.77647
0.64314 0.70588 0.78039
0.64314 0.7098 0.78824
0.65098 0.71373 0.79608
0.65098 0.7098 0.79216
0.64706 0.70588 0.78039
0.64314 0.70196 0.77647
0.64706 0.70588 0.78039
0.64314 0.7098 0.79216
0.64314 0.7098 0.78824
0.64706 0.7098 0.79216
0.65098 0.7098 0.78824
0.6549 0.71373 0.78824
0.64706 0.70588 0.78039
0.65098 0.7098 0.78431
0.64314 0.7098 0.78824
0.64314 0.7098 0.78824
0.64706 0.7098 0.78431
0.65098 0.7098 0.78431
0.65098 0.7098 0.78431
0.65098 0.7098 0.78431
0.64706 0.70588 0.78039
0.64706 0.7098 0.78431
0.64314 0.7098 0.78431
0.64314 0.71373 0.79216
0.64706 0.7098 0.78039
0.65098 0.7098 0.78431
0.65098 0.7098 0.78431
0.65098 0.7098 0.78431
0.64706 0.70588 0.78039
0.64314 0.70196 0.77647
0.64314 0.70588 0.78431
0.65098 0.7098 0.78431
0.64314 0.70196 0.77647
