0.35294 0.42353 0.56863
0.32941 0.41176 0.55686
0.35686 0.42745 0.56863
0.34902 0.42745 0.56471
0.32157 0.40392 0.54902
0.32941 0.41569 0.56078
0.34902 0.42353 0.56471
0.34902 0.43137 0.56863
0.33333 0.42353 0.56078
0.33725 0.41569 0.55686
0.32549 0.41569 0.55686
0.3451 0.42353 0.55294
0.33725 0.41569 0.54902
0.32941 0.40784 0.5451
0.32549 0.41176 0.55294
0.31765 0.41176 0.55686
0.3451 0.41961 0.55294
0.32549 0.40784 0.5451
0.32157 0.40784 0.54902
0.32157 0.41961 0.56471
0.34118 0.42353 0.56471
