0.11765 0.18039 0.28627
0.12549 0.18039 0.28627
0.12941 0.18824 0.29804
0.12157 0.18039 0.2902
0.12549 0.18039 0.28627
0.13333 0.18824 0.30196
0.12549 0.17255 0.24706
0.12157 0.18039 0.2902
0.12941 0.18431 0.2902
0.13725 0.19216 0.29804
0.11765 0.17255 0.27059
0.12549 0.18039 0.2902
0.12549 0.18431 0.29412
0.12941 0.18824 0.29412
0.12941 0.18039 0.28235
0.12549 0.18431 0.29804
0.12157 0.18431 0.29412
0.11765 0.18039 0.29412
0.12157 0.18431 0.29412
0.12157 0.19216 0.2902
0.13725 0.19608 0.3098
0.17647 0.21961 0.31765
0.16863 0.20784 0.30196
0.16078 0.2 0.29412
0.16471 0.20392 0.29804
0.16471 0.20392 0.29804
0.17647 0.19216 0.3098
0.16863 0.18431 0.26275
0.49804 0.48235 0.51373
0.4902 0.47843 0.51373
0.48627 0.47059 0.5098
0.47843 0.46667 0.49412
