0.40784 0.41569 0.44314
0.41961 0.41961 0.45098
0.43529 0.43529 0.46275
0.43529 0.43922 0.47059
0.40784 0.41176 0.43922
0.4 0.40784 0.44314
0.42353 0.42353 0.4549
0.42353 0.42353 0.45882
0.42745 0.42745 0.46275
0.43922 0.43922 0.47451
0.43529 0.43922 0.46275
0.4 0.4 0.43922
0.41176 0.41176 0.45098
0.42353 0.42353 0.46275
0.42745 0.42745 0.46667
0.43137 0.43137 0.47059
0.43529 0.43529 0.47843
0.40392 0.40392 0.44314
0.41176 0.41176 0.45098
0.42745 0.42745 0.46667
0.42745 0.42745 0.46667
0.43137 0.43137 0.47059
0.43922 0.43922 0.47451
0.45098 0.44706 0.47843
0.41961 0.41569 0.4549
0.38824 0.38431 0.42353
0.39216 0.39216 0.43137
0.40784 0.40784 0.44706
0.42353 0.42353 0.46275
0.43137 0.43137 0.46667
0.43922 0.43922 0.47451
0.44314 0.44314 0.47843
0.45098 0.44706 0.47059
0.44706 0.43922 0.47059
0.4549 0.44314 0.48235
0.4 0.39608 0.42353
0.39216 0.39216 0.43137
0.40784 0.40784 0.44314
0.42353 0.42353 0.45882
0.44706 0.44706 0.47843
0.45098 0.45098 0.48235
0.45098 0.45098 0.48235
0.45098 0.4549 0.47843
0.44706 0.44706 0.47059
0.43529 0.43137 0.45882
0.40392 0.40392 0.43529
0.4 0.4 0.43137
0.41569 0.41569 0.44706
0.43922 0.43922 0.47059
0.44314 0.44314 0.47451
0.42745 0.42745 0.45098
0.40784 0.41176 0.43529
0.41176 0.41569 0.43922
0.42353 0.42745 0.45882
0.43529 0.43922 0.46667
0.43529 0.42745 0.45098
0.41569 0.41176 0.43922
0.42353 0.42745 0.4549
