0.1098 0.38431 0.58431
0.11373 0.38824 0.58824
0.1098 0.38039 0.57647
0.11765 0.39216 0.59216
0.11765 0.38431 0.58039
0.11765 0.39216 0.59216
0.12157 0.38824 0.58431
0.12549 0.39216 0.58431
0.11765 0.39216 0.59216
0.12157 0.38824 0.58431
0.12941 0.39216 0.58824
0.12157 0.38039 0.57647
0.13333 0.41176 0.61176
0.12549 0.4 0.6
0.12941 0.39608 0.59216
0.12941 0.39608 0.58431
0.11373 0.38039 0.57255
0.13333 0.40784 0.60784
0.11765 0.38824 0.58824
0.12549 0.39608 0.59608
0.11765 0.38824 0.58431
0.12549 0.38824 0.58824
0.13333 0.40784 0.60784
0.12157 0.39608 0.59608
0.11765 0.39608 0.59608
0.12549 0.39216 0.59608
0.1451 0.42745 0.62353
