0.21569 0.26275 0.35686
0.22745 0.27059 0.36471
0.23529 0.26275 0.33725
0.21176 0.24706 0.3451
0.2549 0.27451 0.36078
0.23529 0.28235 0.37255
0.21569 0.26275 0.36471
0.21569 0.25098 0.3451
0.2549 0.27843 0.36863
0.23922 0.28235 0.36471
0.23137 0.27451 0.36471
0.20784 0.27059 0.37647
0.22353 0.27451 0.36863
0.22353 0.26667 0.35294
0.25098 0.28627 0.36863
0.23922 0.28235 0.36863
0.22745 0.27451 0.36863
0.21569 0.27059 0.36078
0.20392 0.26667 0.36471
0.23137 0.27843 0.36863
0.23137 0.27059 0.34902
0.24706 0.28235 0.36078
0.23137 0.27451 0.35294
0.22745 0.27843 0.36471
0.23137 0.28627 0.37255
