0.59216 0.66667 0.73333
0.59216 0.66275 0.7451
0.6 0.67059 0.74118
0.59608 0.67059 0.7451
0.59216 0.66667 0.73725
0.59608 0.67059 0.74118
0.59608 0.66667 0.7451
0.59216 0.66667 0.74902
0.58824 0.66275 0.7451
0.58824 0.66275 0.74118
0.59216 0.66275 0.74118
0.60392 0.67843 0.7451
0.60392 0.67843 0.7451
0.6 0.67451 0.74118
0.6 0.67843 0.74118
0.59608 0.67059 0.74118
0.59608 0.66667 0.7451
0.59608 0.66667 0.7451
0.59216 0.66667 0.7451
0.58039 0.66275 0.73725
0.58824 0.66275 0.73725
0.58431 0.6549 0.73333
0.58824 0.6549 0.73333
0.58039 0.6549 0.72941
0.57255 0.6549 0.73333
0.60784 0.67843 0.75294
0.60784 0.68235 0.74902
0.60784 0.68235 0.74902
0.60392 0.67843 0.7451
0.60392 0.67843 0.7451
0.6 0.67451 0.7451
0.59216 0.66275 0.74118
0.59216 0.66275 0.74118
0.58824 0.66275 0.74118
0.58039 0.66275 0.73725
0.58431 0.65882 0.73725
0.58824 0.65882 0.73725
0.58824 0.65882 0.73725
0.58039 0.6549 0.72941
0.57255 0.6549 0.73333
0.56863 0.65098 0.73725
0.60784 0.67451 0.75294
0.60392 0.67059 0.7451
0.60392 0.67843 0.7451
0.60784 0.68235 0.74902
0.60392 0.67843 0.7451
0.6 0.67451 0.74118
0.6 0.67451 0.7451
0.59216 0.66275 0.74118
0.59216 0.66275 0.74118
0.59608 0.66667 0.7451
0.58431 0.66667 0.74118
0.58431 0.66275 0.73725
0.58824 0.65882 0.73725
0.58431 0.6549 0.73333
0.57647 0.6549 0.72941
0.56863 0.65098 0.72941
0.56471 0.64706 0.73333
0.60392 0.67451 0.75294
0.60392 0.67059 0.74902
0.60784 0.67451 0.75294
0.60784 0.67451 0.75294
0.60392 0.67451 0.75294
0.6 0.67059 0.74902
0.6 0.67059 0.75294
0.59608 0.66667 0.75294
0.59608 0.66667 0.75294
0.59608 0.66667 0.7451
0.59608 0.66667 0.7451
0.59216 0.66275 0.74118
0.58431 0.66275 0.73725
0.58039 0.66275 0.73725
0.57647 0.65882 0.74118
0.57647 0.65882 0.74118
0.57255 0.6549 0.73333
0.56078 0.64706 0.72941
0.56078 0.64706 0.72941
0.60392 0.68235 0.76078
0.60392 0.67451 0.75294
0.6 0.67059 0.74902
0.61176 0.67843 0.75686
0.60784 0.67451 0.75294
0.6 0.67059 0.74902
0.6 0.67059 0.74902
0.6 0.67059 0.75686
0.59608 0.66667 0.75294
0.6 0.67059 0.75686
0.59608 0.66667 0.7451
0.58824 0.65882 0.73725
0.58431 0.6549 0.73333
0.58431 0.66275 0.73725
0.58039 0.66275 0.73725
0.57255 0.6549 0.73725
0.57255 0.6549 0.73725
0.56863 0.65098 0.73333
0.56078 0.64706 0.72941
0.55686 0.64314 0.72549
0.54902 0.63137 0.72549
0.59608 0.68235 0.76471
0.6 0.67843 0.76078
0.60392 0.67451 0.75294
0.60784 0.67451 0.75294
0.61569 0.68235 0.76078
0.61176 0.67451 0.75294
0.60392 0.67059 0.74902
0.6 0.67059 0.74902
0.60392 0.67451 0.75686
0.6 0.67059 0.75686
0.59608 0.66667 0.74902
0.6 0.67059 0.74902
0.59216 0.66275 0.74118
0.59216 0.66275 0.74118
0.58824 0.66275 0.74118
0.57647 0.65882 0.73333
0.57647 0.65882 0.74118
0.57255 0.6549 0.73725
0.57255 0.6549 0.73725
0.56471 0.65098 0.73333
0.55294 0.64314 0.72549
0.54902 0.63137 0.72941
0.59608 0.68235 0.75686
0.6 0.67843 0.75686
0.6 0.67059 0.74902
0.61176 0.68235 0.76078
0.61176 0.68235 0.76078
0.60392 0.67451 0.75294
0.60392 0.67451 0.75294
0.6 0.67059 0.74902
0.6 0.67059 0.75294
0.6 0.67059 0.74902
0.59608 0.66667 0.7451
0.6 0.67059 0.74902
0.6 0.66667 0.7451
0.6 0.67059 0.74902
0.59216 0.66275 0.74118
0.58431 0.65882 0.73333
0.58039 0.65882 0.73725
0.57255 0.6549 0.72941
0.57255 0.6549 0.73333
0.56863 0.65098 0.73333
0.56078 0.64706 0.73333
0.55294 0.63529 0.73333
0.6 0.68235 0.75686
0.60784 0.68235 0.76078
0.60784 0.67843 0.75686
0.60784 0.67843 0.75686
0.60392 0.67451 0.75294
0.6 0.67059 0.74902
0.6 0.67059 0.74902
0.60392 0.67451 0.75294
0.6 0.67059 0.74902
0.59608 0.66667 0.7451
0.6 0.67059 0.74902
0.59608 0.66667 0.7451
0.60392 0.67059 0.74902
0.6 0.67059 0.74902
0.59216 0.66275 0.74118
0.58824 0.65882 0.73725
0.58039 0.66275 0.73725
0.57647 0.65882 0.73333
0.57255 0.6549 0.72941
0.56863 0.65098 0.73333
0.56078 0.64706 0.73333
0.54902 0.63529 0.73333
0.61176 0.67843 0.75686
0.60784 0.67843 0.75686
0.60784 0.67843 0.75686
0.60784 0.67843 0.75686
0.60392 0.67451 0.75294
0.6 0.67059 0.74902
0.6 0.67059 0.74902
0.59608 0.66667 0.7451
0.6 0.67059 0.74902
0.59608 0.66667 0.7451
0.6 0.66667 0.7451
0.60392 0.67059 0.74902
0.6 0.67059 0.74902
0.59608 0.66667 0.7451
0.59216 0.66275 0.74118
0.58039 0.66275 0.73725
0.57647 0.66275 0.73333
0.57647 0.6549 0.72941
0.56863 0.6549 0.73333
0.56471 0.65098 0.73725
0.55294 0.63529 0.73333
0.60392 0.67451 0.75686
0.60392 0.67451 0.75294
0.60784 0.67843 0.75686
0.60392 0.67451 0.75294
0.60392 0.67451 0.75294
0.60784 0.67843 0.75686
0.60784 0.67843 0.75686
0.6 0.67059 0.74902
0.60392 0.67451 0.75294
0.6 0.67059 0.74902
0.6 0.66667 0.7451
0.6 0.67059 0.74902
0.59608 0.66667 0.7451
0.59216 0.66667 0.7451
0.58431 0.66275 0.74118
0.58824 0.65882 0.73725
0.58039 0.6549 0.73333
0.58039 0.6549 0.73725
0.57647 0.65098 0.73333
0.56863 0.64706 0.72941
0.55294 0.63529 0.72941
0.60784 0.67843 0.76471
0.61176 0.68235 0.76078
0.61176 0.68235 0.76078
0.60392 0.67451 0.75294
0.60392 0.67451 0.75294
0.60392 0.67451 0.75294
0.6 0.67059 0.74902
0.6 0.67059 0.74902
0.60784 0.67451 0.75294
0.60392 0.67451 0.75294
0.6 0.67059 0.74902
0.59608 0.66667 0.7451
0.59216 0.66275 0.74118
0.58431 0.66275 0.73725
0.58039 0.66275 0.73725
0.58431 0.6549 0.73333
0.58431 0.6549 0.73333
0.58039 0.65098 0.73725
0.57647 0.64706 0.73333
0.57255 0.64706 0.73333
0.55294 0.63922 0.73333
0.61176 0.68235 0.76863
0.61176 0.68235 0.76078
0.60784 0.67843 0.75686
0.60392 0.67451 0.75294
0.60392 0.67451 0.75294
0.60784 0.67843 0.75686
0.6 0.67059 0.74902
0.60392 0.67059 0.74902
0.61176 0.67843 0.75686
0.60392 0.67059 0.74902
0.6 0.67059 0.74902
0.59608 0.66667 0.7451
0.59216 0.66275 0.74118
0.58824 0.66667 0.74118
0.58431 0.66667 0.74118
0.59216 0.66275 0.74118
0.59216 0.66275 0.7451
0.58039 0.65098 0.73725
0.57647 0.64314 0.72941
0.57255 0.64706 0.73333
0.55686 0.64314 0.73333
0.60784 0.68235 0.76471
0.60784 0.67843 0.75686
0.60784 0.67843 0.75686
0.60784 0.67843 0.75686
0.60392 0.67451 0.75294
0.60392 0.67451 0.75294
0.6 0.67059 0.74902
0.60784 0.67451 0.75294
0.60784 0.67451 0.75294
0.60784 0.67451 0.75294
0.6 0.67059 0.74902
0.6 0.66667 0.7451
0.59608 0.66667 0.7451
0.59216 0.66667 0.74118
0.58431 0.65882 0.73725
0.59216 0.66275 0.74118
0.59216 0.66275 0.7451
0.58431 0.6549 0.73725
0.57647 0.64706 0.73725
0.56863 0.63922 0.72941
0.60392 0.68235 0.75686
0.60784 0.67843 0.75686
0.61176 0.68235 0.76078
0.61176 0.68235 0.76078
0.60784 0.67843 0.75686
0.60392 0.67451 0.75294
0.60392 0.67451 0.75294
0.6 0.67059 0.74902
0.60392 0.67059 0.74902
0.60392 0.67059 0.74902
0.60392 0.67059 0.74902
0.60392 0.67059 0.74902
0.6 0.67059 0.74902
0.59608 0.66667 0.7451
0.59608 0.66667 0.7451
0.58824 0.65882 0.73725
0.58824 0.65882 0.73333
0.58431 0.6549 0.73725
0.58039 0.65098 0.74118
0.57647 0.64314 0.73725
0.60392 0.68235 0.75686
0.60392 0.68627 0.76078
0.60392 0.68235 0.75686
0.60392 0.67451 0.75294
0.60392 0.67451 0.75294
0.60392 0.67451 0.75294
0.60784 0.67451 0.75294
0.60784 0.67451 0.75294
0.60784 0.67451 0.75294
0.60784 0.67059 0.74902
0.60392 0.67059 0.74902
0.6 0.67059 0.74902
0.59216 0.66275 0.74118
0.59216 0.66275 0.74118
0.59216 0.66275 0.74118
0.58431 0.6549 0.73333
0.58824 0.65882 0.74118
0.57647 0.64706 0.73725
0.57647 0.64706 0.73725
0.6 0.68235 0.75686
0.60392 0.68627 0.76078
0.6 0.68235 0.75686
0.60784 0.67843 0.75686
0.60392 0.67451 0.75294
0.60392 0.67451 0.75294
0.60784 0.67451 0.75294
0.61176 0.67843 0.75686
0.60784 0.67451 0.75294
0.6 0.66667 0.7451
0.6 0.66667 0.7451
0.59608 0.66667 0.7451
0.59608 0.66667 0.7451
0.59608 0.66667 0.7451
0.59216 0.66275 0.74118
0.58824 0.65882 0.73725
0.58824 0.65882 0.74118
0.58039 0.6549 0.7451
0.60392 0.68627 0.76078
0.6 0.68235 0.75686
0.6 0.68235 0.75686
0.6 0.68235 0.75686
0.60392 0.68235 0.75294
0.60784 0.68235 0.74902
0.60392 0.67843 0.7451
0.60392 0.67451 0.75294
0.6 0.67059 0.75686
0.59216 0.66275 0.74118
0.59608 0.66667 0.7451
0.6 0.67059 0.74902
0.6 0.67059 0.74902
0.59608 0.66667 0.7451
0.58431 0.6549 0.73333
0.58431 0.6549 0.73333
0.58824 0.65882 0.74118
0.6 0.68235 0.75686
0.6 0.68235 0.75686
0.6 0.68235 0.75686
0.60392 0.68627 0.76078
0.60784 0.68627 0.75686
0.60784 0.68235 0.74902
0.60392 0.67843 0.7451
0.60392 0.67451 0.75294
0.59608 0.66667 0.75294
0.59608 0.66667 0.74902
0.59608 0.66667 0.7451
0.6 0.67059 0.74902
0.59608 0.66667 0.7451
0.59216 0.66275 0.74118
0.58824 0.65882 0.73725
0.58824 0.65882 0.73725
0.58431 0.65882 0.73725
0.6 0.68235 0.75686
0.6 0.68235 0.75686
0.6 0.68235 0.75686
0.60392 0.68627 0.76078
0.60392 0.68235 0.75294
0.61176 0.68627 0.75294
0.60784 0.67843 0.74902
0.60392 0.67451 0.75294
0.60392 0.67451 0.76078
0.6 0.67059 0.75294
0.59608 0.66667 0.7451
0.6 0.67059 0.7451
0.6 0.67059 0.74902
0.6 0.67059 0.74902
0.59216 0.66275 0.74118
0.58824 0.65882 0.73725
0.58824 0.66275 0.7451
0.60392 0.68627 0.76078
0.6 0.68235 0.75686
0.6 0.68235 0.74902
0.6 0.67843 0.7451
0.61176 0.68627 0.75294
0.60392 0.67451 0.74902
0.6 0.67059 0.74902
0.60392 0.67451 0.75294
0.6 0.67451 0.75686
0.60392 0.67843 0.74902
0.60392 0.67059 0.74118
0.6 0.66667 0.74118
0.59608 0.66667 0.7451
0.59608 0.66667 0.7451
0.58824 0.65882 0.73725
0.58824 0.65882 0.74118
0.6 0.68235 0.75294
0.59608 0.68235 0.74902
0.6 0.67843 0.7451
0.61176 0.68235 0.74902
0.60784 0.67843 0.75686
0.60392 0.67059 0.74902
0.60392 0.67059 0.74902
0.60392 0.67059 0.75294
0.60392 0.67451 0.74118
0.60392 0.67451 0.7451
0.60392 0.67059 0.74902
0.58824 0.65882 0.73725
0.58824 0.65882 0.73725
0.58431 0.6549 0.73333
0.58824 0.65882 0.74118
0.61176 0.68235 0.75686
0.60784 0.67451 0.75294
0.60784 0.67451 0.75294
0.60784 0.67059 0.74902
0.61176 0.67843 0.7451
0.60392 0.67451 0.75294
0.59216 0.66667 0.74902
0.59216 0.66275 0.74118
0.58824 0.65882 0.73725
0.59216 0.66275 0.74118
0.58824 0.65882 0.74118
0.60784 0.67059 0.75686
0.60784 0.67451 0.75294
0.60784 0.67451 0.74902
0.60392 0.67059 0.74902
0.60392 0.67059 0.74902
0.59608 0.66667 0.7451
0.58824 0.66275 0.74118
0.58431 0.66275 0.74118
0.60392 0.67059 0.74902
0.60392 0.67059 0.74902
0.6 0.66667 0.7451
