0.52157 0.61176 0.73333
0.50588 0.59608 0.72157
0.51765 0.60784 0.72941
0.52157 0.61176 0.73725
0.51765 0.60784 0.73333
0.51373 0.60392 0.72941
0.51765 0.61176 0.73333
0.51765 0.60784 0.73333
0.51765 0.60784 0.73333
0.51373 0.60392 0.72941
0.51765 0.60392 0.72941
0.51765 0.60784 0.72941
0.51373 0.60392 0.72549
0.51765 0.60784 0.72941
0.51373 0.60784 0.72549
0.51765 0.60784 0.72941
0.51765 0.60784 0.73333
0.51373 0.60392 0.72941
0.51765 0.60784 0.73333
0.51373 0.60392 0.72549
0.51373 0.60392 0.72941
0.51765 0.60784 0.73333
