0.15686 0.24314 0.39216
0.15686 0.24314 0.39608
0.15294 0.24314 0.39608
0.1451 0.23529 0.38824
0.16078 0.25098 0.4
0.15294 0.24706 0.39608
0.1451 0.23922 0.38824
0.1451 0.23922 0.38824
0.15294 0.24706 0.39608
0.1451 0.23922 0.38824
0.1451 0.23922 0.38824
0.14902 0.24314 0.39216
0.1451 0.23529 0.38824
0.15294 0.24314 0.39608
0.14902 0.24314 0.39216
0.1451 0.23922 0.38824
0.14902 0.24314 0.39216
0.15686 0.24314 0.39608
0.15686 0.24314 0.39608
0.15686 0.24314 0.39608
0.15686 0.24314 0.39216
0.14902 0.24314 0.38824
0.1451 0.23922 0.38431
0.14902 0.24314 0.38824
0.15686 0.24314 0.39216
