0.52549 0.48627 0.43137
0.59216 0.53725 0.46667
0.4549 0.4 0.32941
0.56078 0.49804 0.42353
0.57255 0.50588 0.43529
0.59216 0.52941 0.46275
0.54118 0.48627 0.42353
0.4549 0.40392 0.3451
0.57647 0.5098 0.41176
0.58431 0.51373 0.41961
0.56078 0.49412 0.41569
0.5451 0.48235 0.41176
0.5451 0.4902 0.41961
0.54902 0.49804 0.43137
0.54902 0.49804 0.43529
0.58431 0.52157 0.42353
0.55686 0.49412 0.40784
0.54902 0.4902 0.40784
0.54118 0.48627 0.41176
0.52941 0.48235 0.41176
0.52941 0.48235 0.41569
0.60784 0.54902 0.46275
0.57647 0.52157 0.44314
0.55294 0.50588 0.43137
0.55686 0.50588 0.43529
