0.97647 0.92549 0.85882
0.98431 0.93725 0.87059
0.98431 0.93725 0.87451
0.98431 0.93725 0.87451
0.98431 0.93725 0.87451
0.97647 0.93333 0.86667
0.97647 0.92941 0.85882
0.98039 0.92941 0.8549
0.98431 0.93333 0.85882
0.97647 0.92941 0.84706
0.97255 0.92941 0.83529
0.98039 0.92549 0.83922
0.97255 0.91373 0.83922
0.98431 0.93333 0.87451
0.98824 0.93725 0.87451
0.98039 0.93333 0.87059
0.98039 0.93333 0.87451
0.98039 0.93333 0.87059
0.97647 0.93333 0.86275
0.98039 0.93333 0.86667
0.98039 0.92941 0.86275
0.97255 0.92549 0.84706
0.97255 0.92549 0.83922
0.98039 0.93333 0.84706
0.98824 0.93333 0.85098
0.95686 0.92157 0.86275
0.95686 0.90196 0.81569
0.96471 0.91373 0.84314
0.97255 0.92157 0.85098
0.97647 0.92941 0.86275
0.98039 0.93333 0.87059
0.98431 0.93725 0.87451
0.97647 0.93333 0.86667
0.98039 0.93333 0.86667
0.97255 0.92157 0.8549
0.97255 0.91765 0.84706
0.97647 0.92549 0.84706
0.98039 0.93333 0.84706
0.98431 0.92941 0.84706
0.68627 0.68627 0.67843
0.96471 0.92157 0.84706
0.95686 0.90588 0.82353
0.96863 0.91765 0.84314
0.98039 0.93333 0.86275
0.98824 0.94118 0.87451
0.98431 0.93725 0.87451
0.98824 0.9451 0.87451
0.98039 0.93725 0.86667
0.96471 0.91373 0.84706
0.96471 0.9098 0.83922
0.97255 0.92549 0.84314
0.98431 0.92941 0.84314
0.98824 0.92941 0.84706
0.27059 0.30196 0.34118
0.84706 0.81961 0.78039
0.96863 0.91765 0.82745
0.96078 0.9098 0.83137
0.96471 0.92941 0.8549
0.98824 0.94118 0.87451
0.98824 0.94118 0.87843
0.99216 0.9451 0.87843
0.98824 0.94118 0.87451
0.96863 0.92549 0.8549
0.96863 0.91765 0.84314
0.96863 0.92157 0.83922
0.97647 0.92157 0.84314
0.98431 0.92941 0.85098
0.15294 0.21176 0.29412
0.42745 0.43137 0.46667
0.94902 0.89804 0.83922
0.94902 0.90196 0.81961
0.95294 0.91373 0.83922
0.98039 0.93725 0.87059
0.98824 0.94118 0.87843
0.98824 0.94118 0.87843
0.98431 0.94118 0.87843
0.98431 0.94118 0.87059
0.97647 0.92941 0.8549
0.96078 0.91373 0.83137
0.95686 0.90588 0.82745
0.19608 0.25098 0.3451
0.16863 0.24314 0.31373
0.16471 0.20784 0.27451
0.61961 0.61176 0.61176
0.95294 0.91373 0.85098
0.95294 0.89412 0.82745
0.97647 0.92941 0.86667
0.98431 0.93725 0.87451
0.98824 0.94118 0.87843
0.98824 0.94118 0.87843
0.98039 0.93725 0.86667
0.98431 0.93725 0.86275
0.95686 0.90588 0.82353
0.94118 0.8902 0.81176
0.18039 0.24706 0.34118
0.17255 0.23529 0.32157
0.14902 0.20784 0.30196
0.22353 0.26275 0.31765
0.79216 0.76078 0.74902
0.96863 0.90588 0.84706
0.97255 0.92941 0.86275
0.98039 0.93333 0.87059
0.98824 0.9451 0.87843
0.98824 0.9451 0.87843
0.98039 0.93725 0.86667
0.97255 0.92941 0.8549
0.98039 0.93333 0.8549
0.16078 0.22353 0.32549
0.17647 0.23922 0.33725
0.17255 0.23922 0.33333
0.15686 0.22353 0.3098
0.14902 0.21176 0.2902
0.36078 0.37255 0.40784
0.92157 0.87451 0.83922
0.96863 0.91373 0.8549
0.97255 0.92941 0.85882
0.98431 0.94118 0.87059
0.98431 0.94118 0.87059
0.97255 0.92941 0.85882
0.96863 0.92549 0.8549
0.98039 0.93725 0.86667
0.98431 0.94118 0.87059
0.16471 0.23137 0.33333
0.16078 0.23137 0.32549
0.16863 0.23922 0.32941
0.15294 0.22353 0.30588
0.15686 0.23137 0.31765
0.16078 0.21176 0.2902
0.57647 0.56863 0.58039
0.97255 0.92157 0.86667
0.96078 0.9098 0.83922
0.97647 0.92941 0.8549
0.97255 0.92157 0.85098
0.96863 0.92157 0.8549
0.98039 0.92941 0.86275
0.98824 0.94118 0.87059
0.98824 0.9451 0.87451
0.98824 0.9451 0.87451
0.16471 0.23529 0.33333
0.1451 0.21961 0.31765
0.15294 0.23137 0.32157
0.14118 0.22353 0.30196
0.14902 0.22745 0.29804
0.16078 0.23529 0.32157
0.21961 0.25098 0.31373
0.79216 0.76471 0.74118
0.96078 0.9098 0.83137
0.97255 0.91765 0.84314
0.97255 0.92549 0.85098
0.96863 0.91765 0.84706
0.97647 0.92549 0.8549
0.98824 0.93725 0.87059
0.98824 0.94118 0.87059
0.99216 0.9451 0.87451
0.16078 0.23922 0.33725
0.15294 0.22745 0.32157
0.16471 0.23529 0.32549
0.15294 0.22353 0.3098
0.15294 0.22353 0.29412
0.16471 0.23529 0.3098
0.16471 0.21569 0.2902
0.37255 0.39216 0.41176
0.92941 0.88235 0.83529
0.97255 0.9098 0.83137
0.96863 0.92157 0.84314
0.97255 0.92549 0.83529
0.97255 0.92549 0.84314
0.98431 0.93333 0.85882
0.98824 0.94118 0.86667
0.99608 0.9451 0.87843
0.16078 0.23922 0.33725
0.16078 0.23922 0.33725
0.15686 0.22745 0.32549
0.16863 0.23922 0.32941
0.15686 0.22745 0.31373
0.15294 0.21961 0.29412
0.16471 0.23137 0.30588
0.17255 0.24314 0.32157
0.14902 0.2 0.26667
0.50588 0.50196 0.51765
0.96863 0.92549 0.85098
0.96863 0.91373 0.83529
0.96863 0.92157 0.83137
0.97255 0.92157 0.83529
0.98039 0.92941 0.8549
0.98824 0.93725 0.86275
0.99216 0.94118 0.87451
0.99216 0.94118 0.87451
0.14902 0.22745 0.32549
0.15294 0.22745 0.32157
0.16078 0.23137 0.32157
0.14902 0.21961 0.30196
0.14902 0.21569 0.29804
0.16471 0.23137 0.30588
0.17647 0.23922 0.30588
0.17647 0.22745 0.30196
0.62353 0.60392 0.59216
0.98431 0.92941 0.85098
0.96078 0.91765 0.82353
0.97255 0.92549 0.83922
0.98039 0.92941 0.8549
0.98039 0.92941 0.85882
0.99216 0.94118 0.87059
0.99608 0.9451 0.87843
0.15686 0.23529 0.33333
0.16078 0.23137 0.33333
0.16078 0.22745 0.32549
0.15294 0.21569 0.3098
0.15686 0.21961 0.30588
0.16471 0.23137 0.3098
0.68235 0.67059 0.65098
0.98039 0.93333 0.86275
0.96471 0.91765 0.83137
0.97647 0.92549 0.85098
0.98039 0.92941 0.8549
0.98431 0.93333 0.86667
0.16078 0.23922 0.33333
0.15686 0.23137 0.33333
0.15686 0.23137 0.32549
0.15294 0.21569 0.30588
0.76078 0.72941 0.71765
0.97647 0.92157 0.8549
0.96863 0.91373 0.83922
0.98039 0.92941 0.85098
0.98431 0.93333 0.86667
0.49804 0.48627 0.49804
0.9451 0.8902 0.82745
0.98431 0.92549 0.8549
0.97647 0.92941 0.8549
0.8549 0.78431 0.71373
0.91765 0.85098 0.77647
0.98431 0.94118 0.87059
0.84706 0.76863 0.69412
0.78431 0.68235 0.56863
0.87451 0.81176 0.72157
0.82353 0.75686 0.6902
0.82353 0.70588 0.56078
0.66667 0.56471 0.45098
0.77255 0.71765 0.67059
0.84706 0.73333 0.59608
0.67059 0.56471 0.42745
0.65098 0.59216 0.51765
0.69412 0.6549 0.61569
0.86275 0.7451 0.61569
0.69804 0.59608 0.44706
0.63137 0.56471 0.48627
0.61569 0.6 0.56471
0.86667 0.76078 0.63922
0.72157 0.60784 0.47451
0.6 0.53333 0.44706
0.52549 0.52941 0.50196
0.88235 0.78431 0.67059
0.75294 0.63529 0.5098
0.58431 0.51373 0.41569
0.44706 0.45882 0.4549
0.88235 0.8 0.69804
0.77255 0.65882 0.53333
0.58824 0.50588 0.4
0.86275 0.78824 0.69804
0.8 0.6902 0.55294
0.61569 0.52157 0.41176
0.73725 0.70196 0.64706
0.81961 0.75686 0.67843
0.81176 0.70588 0.56863
0.63922 0.52941 0.42353
0.67059 0.62745 0.56471
0.77647 0.72941 0.65882
0.83922 0.72549 0.60392
0.68235 0.56078 0.45098
0.62745 0.58824 0.5098
0.72549 0.68627 0.61176
0.86667 0.76078 0.63529
0.69412 0.58824 0.46667
0.6 0.5451 0.46275
0.64706 0.60784 0.57647
0.88235 0.76863 0.65098
0.71373 0.60784 0.47843
0.6 0.51765 0.43922
0.5451 0.52941 0.53333
0.88627 0.78431 0.67843
0.73725 0.62745 0.4902
0.6 0.5098 0.41961
0.46275 0.46275 0.47059
0.87843 0.78824 0.68627
0.74118 0.63529 0.50196
0.58824 0.50196 0.4
0.86667 0.78431 0.68627
0.76078 0.6549 0.52157
0.6 0.50588 0.40392
0.83529 0.77255 0.68627
0.8 0.69412 0.56471
0.62353 0.52549 0.41961
0.71373 0.67059 0.61569
0.78039 0.72941 0.65882
0.83137 0.72157 0.6
0.6549 0.55686 0.43922
0.64314 0.59216 0.52549
0.71765 0.67451 0.61569
0.86275 0.75294 0.63529
0.68235 0.58039 0.4549
0.60392 0.54118 0.46275
0.63529 0.60784 0.56471
0.8902 0.78431 0.65882
0.72157 0.61176 0.48235
0.58431 0.50196 0.41176
0.5451 0.5451 0.51765
0.89412 0.8 0.67059
0.61961 0.52157 0.41569
0.44706 0.4549 0.4549
0.89412 0.80784 0.70196
