0.98824 0.92549 0.81569
0.98824 0.92549 0.81176
0.97647 0.90588 0.79608
0.98039 0.9098 0.79608
0.98431 0.91765 0.79608
0.98431 0.92549 0.81176
0.97647 0.9098 0.79216
0.97255 0.9098 0.78824
0.98431 0.91373 0.8
0.97647 0.8902 0.77647
0.98824 0.92549 0.81176
0.97255 0.90588 0.79216
0.97647 0.91373 0.79216
0.98431 0.91765 0.8
0.97647 0.8902 0.77647
0.98039 0.91765 0.80392
0.96078 0.89412 0.77255
0.97647 0.9098 0.78824
0.98431 0.91373 0.79608
0.96471 0.87843 0.76471
0.98039 0.91765 0.78824
0.97647 0.90196 0.77647
0.98039 0.89804 0.77647
0.94902 0.8549 0.72941
