0.35294 0.36471 0.41961
0.3451 0.35294 0.40392
0.36863 0.38039 0.43137
0.36078 0.37255 0.43137
0.34902 0.36078 0.41961
0.3451 0.36078 0.41176
0.34902 0.35686 0.40392
0.37647 0.38824 0.44314
0.36471 0.37647 0.43137
0.35294 0.36471 0.42353
0.34902 0.36078 0.41569
0.35686 0.36471 0.41569
0.34118 0.35294 0.40392
0.37255 0.38431 0.44314
0.34902 0.36078 0.41961
0.34118 0.35294 0.41176
0.34902 0.36471 0.41176
0.35294 0.36471 0.41569
0.34902 0.35686 0.40784
0.36863 0.38039 0.43922
0.34902 0.36078 0.41961
0.32941 0.34118 0.4
0.33725 0.36471 0.40784
0.34118 0.35686 0.4
0.34902 0.35294 0.4
0.36863 0.38039 0.43137
0.34902 0.35686 0.41176
0.32941 0.33725 0.39216
0.34118 0.35686 0.40392
0.34902 0.36078 0.40784
0.36078 0.36471 0.41176
0.36078 0.36863 0.41961
0.34118 0.34902 0.4
0.38431 0.38039 0.43529
0.34118 0.34902 0.4
0.37255 0.37255 0.42353
0.34118 0.34902 0.4
