0.54118 0.63529 0.73725
0.53725 0.63137 0.73333
0.54118 0.63529 0.73725
0.54118 0.63137 0.73725
0.54118 0.63529 0.73725
0.53725 0.63137 0.73725
0.5451 0.63529 0.74118
0.53725 0.63137 0.73725
0.53725 0.63137 0.73333
0.53725 0.63137 0.73333
0.53333 0.62745 0.72941
0.54118 0.63529 0.73725
0.53725 0.63529 0.73725
0.53725 0.62745 0.73333
0.53725 0.63137 0.73725
0.54118 0.63529 0.74118
0.53725 0.63137 0.73333
0.54118 0.63137 0.73333
0.54118 0.63137 0.73725
0.5451 0.63137 0.73725
0.54118 0.62745 0.73725
0.54118 0.63529 0.74118
0.5451 0.63529 0.74118
