0.24706 0.30196 0.43922
0.23529 0.2902 0.42745
0.24706 0.30588 0.43529
0.24314 0.29804 0.43137
0.23922 0.29412 0.43529
0.23137 0.2902 0.43529
0.2549 0.30196 0.45098
0.25882 0.31373 0.45098
0.24706 0.29804 0.44314
0.24314 0.29804 0.44706
0.24314 0.29804 0.44314
0.25098 0.29804 0.44706
0.29804 0.34902 0.4902
0.24706 0.29804 0.44706
0.24314 0.29804 0.44706
0.23922 0.29412 0.43529
0.24706 0.29804 0.44314
0.30588 0.35686 0.4902
0.24706 0.30196 0.43922
0.23529 0.2902 0.42745
0.23137 0.28627 0.42353
0.2549 0.30588 0.44314
0.24706 0.29804 0.43529
0.32549 0.37647 0.49804
0.2549 0.31373 0.43922
0.23137 0.28627 0.41961
0.23529 0.2902 0.42745
0.25098 0.30196 0.43922
0.26275 0.31373 0.45098
0.32549 0.37647 0.50588
0.25882 0.31765 0.44706
0.23529 0.2902 0.42745
0.23529 0.2902 0.42745
0.25098 0.30196 0.43922
0.27059 0.32157 0.45882
0.23137 0.2902 0.42745
0.25098 0.30196 0.43529
