0.32157 0.43137 0.58431
0.31373 0.42353 0.57647
0.30588 0.41569 0.56863
0.29412 0.40392 0.54902
0.30588 0.41569 0.56863
0.31765 0.42745 0.57255
0.30588 0.41569 0.56471
0.29804 0.41176 0.55294
0.30588 0.40784 0.54902
0.3098 0.41961 0.56471
0.25882 0.36863 0.5098
0.30588 0.41176 0.55294
0.31765 0.41569 0.55686
0.30196 0.41176 0.55294
0.21961 0.31765 0.44314
0.31765 0.41569 0.54902
0.32157 0.41569 0.55294
0.26275 0.36078 0.49804
0.18039 0.26667 0.39608
0.29412 0.37255 0.50588
0.24706 0.32157 0.45098
