0.20392 0.5451 0.77255
0.18824 0.53725 0.75686
0.18039 0.52941 0.74902
0.20392 0.55294 0.78039
0.18824 0.5451 0.76471
0.17647 0.52941 0.75294
0.16863 0.52157 0.7451
0.20392 0.55686 0.78039
0.19216 0.54902 0.77255
0.18039 0.53725 0.76078
0.16863 0.52941 0.75294
0.19608 0.55294 0.76863
0.17647 0.53725 0.76471
0.16471 0.53725 0.76471
0.16471 0.52941 0.75294
0.2 0.55686 0.77647
0.19216 0.55294 0.78039
0.16863 0.54118 0.76863
0.17255 0.54118 0.76471
0.17647 0.53333 0.75686
0.19608 0.56078 0.78431
0.17255 0.54118 0.76863
0.16863 0.53333 0.75686
0.2 0.55686 0.78039
0.18824 0.5451 0.77647
0.19216 0.54902 0.76471
0.18824 0.5451 0.76863
0.19216 0.54902 0.76863
0.2 0.55686 0.76863
