0.86667 0.81569 0.74118
0.86275 0.81176 0.74902
0.8549 0.80784 0.7451
0.86275 0.81961 0.75294
0.8549 0.80392 0.72941
0.86667 0.81569 0.74902
0.86667 0.81961 0.74902
0.86275 0.81961 0.75294
0.8549 0.81176 0.74118
0.86667 0.81961 0.75686
0.86275 0.81961 0.75294
0.86667 0.82353 0.75686
0.85882 0.80392 0.73725
0.87451 0.81961 0.75686
0.86667 0.81176 0.74902
0.86667 0.81569 0.75294
0.86275 0.81176 0.74118
0.87451 0.81569 0.75294
0.86275 0.8 0.73725
0.86667 0.80392 0.73725
0.85098 0.78824 0.70588
0.85882 0.81176 0.73725
0.8549 0.79608 0.72549
0.85882 0.79216 0.72157
