0.93333 0.82353 0.67843
0.93725 0.83922 0.69804
0.92549 0.82353 0.67843
0.9098 0.80784 0.65882
0.92157 0.82353 0.67451
0.93333 0.86275 0.73725
0.93333 0.83922 0.68627
0.92941 0.82745 0.67451
0.91373 0.80392 0.66275
0.93333 0.8549 0.74118
0.92941 0.83529 0.6902
0.92941 0.82353 0.68235
0.92549 0.81176 0.67059
0.89804 0.78431 0.63529
0.93725 0.85098 0.72941
0.93725 0.83922 0.70196
0.9451 0.83137 0.6902
0.94118 0.81961 0.67451
0.88235 0.76471 0.61961
0.9451 0.85098 0.72549
0.93725 0.83529 0.69804
0.94118 0.83137 0.68627
0.92941 0.81569 0.66275
0.89804 0.78039 0.63529
0.9451 0.84314 0.72157
0.93725 0.83137 0.69804
0.93333 0.83137 0.68627
0.92549 0.81176 0.66275
0.8902 0.77255 0.62745
0.94118 0.84314 0.7098
0.93725 0.83529 0.69804
0.93333 0.83137 0.68627
0.94118 0.83529 0.68235
0.91373 0.8 0.6549
0.93333 0.83529 0.70196
0.93725 0.83137 0.6902
0.93725 0.83137 0.68627
0.9451 0.83922 0.6902
