0.50588 0.59216 0.68627
0.53333 0.61176 0.70588
0.52941 0.60784 0.70588
0.51765 0.59608 0.69412
0.5451 0.61569 0.71765
0.53725 0.61569 0.71373
0.53333 0.61176 0.70588
0.52941 0.60784 0.70196
0.52549 0.60392 0.70196
0.51373 0.59216 0.6902
0.5451 0.61569 0.71373
0.54902 0.61569 0.71373
0.54118 0.61569 0.7098
0.53333 0.60784 0.70196
0.52941 0.60784 0.70196
0.52941 0.60784 0.70588
0.50588 0.58431 0.68235
0.54902 0.62353 0.71765
0.54902 0.61961 0.71373
0.5451 0.61569 0.7098
0.53725 0.61176 0.70588
0.52941 0.60784 0.70196
0.52549 0.60392 0.70196
0.49804 0.57647 0.68235
0.5451 0.62353 0.71765
0.54902 0.62353 0.71765
0.54902 0.61569 0.7098
0.5451 0.61569 0.7098
0.53725 0.61176 0.70588
0.52941 0.60784 0.70196
0.52549 0.60392 0.70196
0.49412 0.57647 0.67843
0.54118 0.61961 0.71373
0.54118 0.61961 0.7098
0.54902 0.61961 0.71373
0.5451 0.61569 0.7098
0.5451 0.61569 0.7098
0.54118 0.61569 0.7098
0.53333 0.60784 0.70196
0.53333 0.61176 0.70588
0.49412 0.57255 0.67451
0.54902 0.61961 0.71373
0.54902 0.61961 0.71373
0.55294 0.62353 0.71765
0.54902 0.61961 0.71373
0.54902 0.61961 0.71373
0.54118 0.61176 0.70588
0.54118 0.61176 0.70588
0.53333 0.61176 0.70588
0.49412 0.57255 0.67059
0.55294 0.62353 0.71765
0.54902 0.61961 0.71373
0.5451 0.61569 0.7098
0.54902 0.61961 0.71373
0.55294 0.61961 0.71373
0.54118 0.61176 0.70588
0.53725 0.61569 0.7098
0.4902 0.57255 0.67059
0.55294 0.62353 0.71765
0.54902 0.61961 0.71373
0.5451 0.61569 0.7098
0.54902 0.61961 0.71373
0.54902 0.61961 0.71373
0.53725 0.61176 0.70196
0.53725 0.61569 0.7098
0.49804 0.57647 0.67451
0.55686 0.62745 0.72157
0.54902 0.61961 0.71373
0.5451 0.61569 0.7098
0.54902 0.61961 0.71373
0.5451 0.62353 0.7098
0.53725 0.61569 0.70588
0.53725 0.61569 0.71373
0.5098 0.58824 0.68627
0.55294 0.62353 0.71765
0.54902 0.61961 0.71373
0.54902 0.61961 0.71373
0.55294 0.62353 0.71765
0.5451 0.62353 0.7098
0.53725 0.61569 0.70588
0.53725 0.61569 0.71373
0.50196 0.58039 0.68235
0.55294 0.62353 0.71765
0.55294 0.62353 0.71765
0.55294 0.61961 0.71765
0.5451 0.62353 0.7098
0.54118 0.61961 0.7098
0.53333 0.61176 0.7098
0.50196 0.58039 0.67843
0.55294 0.62353 0.71765
0.54902 0.61961 0.71373
0.5451 0.62353 0.7098
0.53725 0.61569 0.70588
0.52941 0.60784 0.70196
0.50588 0.58431 0.68627
0.55294 0.62353 0.71765
0.5451 0.62353 0.7098
0.53725 0.61569 0.70588
0.53725 0.61569 0.71373
0.50588 0.58431 0.68235
0.5451 0.61961 0.70588
0.53725 0.61961 0.7098
0.53725 0.61569 0.71373
0.50196 0.57647 0.67843
0.5451 0.61176 0.71373
0.49412 0.56471 0.67059
0.50588 0.57255 0.67843
0.4902 0.56078 0.65882
