0.61961 0.7098 0.81176
0.62745 0.71373 0.81569
0.61569 0.71373 0.81569
0.61961 0.7098 0.81176
0.62745 0.7098 0.81569
0.61569 0.71373 0.81569
0.61961 0.71765 0.81569
0.62745 0.71373 0.81961
0.62353 0.7098 0.81176
0.61569 0.71765 0.81961
0.61569 0.71373 0.81569
0.61961 0.71373 0.81569
0.61961 0.71373 0.81569
0.62353 0.71373 0.81569
0.61569 0.71373 0.81176
0.61961 0.71373 0.81569
0.61569 0.7098 0.81176
0.61961 0.71373 0.81569
0.61569 0.71373 0.81176
0.61961 0.71373 0.81569
0.61569 0.7098 0.81176
0.61569 0.70588 0.81176
0.61176 0.7098 0.81176
0.61176 0.7098 0.81176
