0.17255 0.25882 0.39216
0.15294 0.24314 0.37647
0.17255 0.25098 0.38824
0.17255 0.25098 0.38824
0.15686 0.23529 0.37255
0.17255 0.25098 0.38824
0.16863 0.24706 0.38431
0.16863 0.25098 0.38431
0.15294 0.23529 0.37255
0.14902 0.23529 0.36863
0.18431 0.26275 0.4
0.15294 0.23529 0.37255
0.16863 0.26275 0.39216
0.15294 0.24314 0.37647
0.14902 0.23922 0.37255
0.1451 0.23922 0.37255
0.16471 0.25098 0.38431
0.14902 0.24706 0.36863
0.15294 0.24706 0.37255
0.14902 0.23922 0.37255
0.1451 0.24314 0.36471
0.14902 0.24314 0.37255
0.14902 0.23922 0.37647
0.14118 0.23922 0.36863
0.14902 0.25098 0.38431
0.11373 0.21961 0.35686
0.12941 0.23137 0.37647
0.090196 0.2 0.3451
