0.8549 0.78824 0.7098
0.84706 0.78431 0.70196
0.84314 0.78039 0.69412
0.84314 0.78039 0.6902
0.83922 0.77647 0.68627
0.84706 0.78039 0.70196
0.85098 0.78824 0.70196
0.85098 0.78431 0.70196
0.84706 0.77647 0.69804
0.86275 0.8 0.71373
0.85098 0.78431 0.70588
0.84314 0.77647 0.69804
0.85098 0.78431 0.70588
0.87451 0.80784 0.72549
0.8549 0.78824 0.7098
0.83529 0.77255 0.6902
0.84314 0.78039 0.69804
0.84314 0.78039 0.69804
0.84706 0.78431 0.70588
0.86275 0.8 0.71373
0.85098 0.78431 0.70588
0.82745 0.76471 0.68627
0.84314 0.78039 0.70196
0.83529 0.77255 0.6902
0.85882 0.8 0.71373
0.83922 0.77255 0.69412
0.8549 0.79216 0.7098
