0.14902 0.23922 0.38039
0.1451 0.23529 0.37647
0.15686 0.24314 0.38431
0.15294 0.23922 0.38431
0.15294 0.23922 0.38431
0.15294 0.23922 0.38431
0.15686 0.24314 0.39216
0.15686 0.24314 0.38824
0.15294 0.23922 0.38431
0.15686 0.24314 0.38824
0.15686 0.24314 0.38824
0.16078 0.24706 0.39216
0.15686 0.24706 0.39216
0.15294 0.24706 0.38824
0.15686 0.24706 0.38824
0.16078 0.24706 0.39216
0.17255 0.25098 0.40392
0.16078 0.23922 0.38431
0.15294 0.23529 0.37647
0.15294 0.24314 0.38824
0.16078 0.24314 0.39608
0.16078 0.24706 0.39216
0.15294 0.23922 0.39216
