0.56078 0.6 0.63529
0.63137 0.59216 0.58431
0.61961 0.59216 0.58431
0.62353 0.58431 0.58039
0.62745 0.58824 0.58039
0.57647 0.55294 0.55686
0.54118 0.6 0.61961
0.62745 0.59216 0.56078
0.63137 0.59608 0.56471
0.64314 0.59608 0.57255
0.63922 0.6 0.56471
0.65882 0.61569 0.58039
0.48627 0.46275 0.49412
0.61961 0.58039 0.56863
0.63137 0.59216 0.55686
0.63529 0.59608 0.56471
0.63529 0.59608 0.55686
0.63529 0.6 0.54902
0.6902 0.65098 0.60784
0.6 0.57647 0.56471
0.62353 0.58039 0.56471
0.62353 0.58431 0.54902
0.62353 0.58431 0.55294
0.62745 0.59216 0.55294
0.63137 0.59608 0.54902
0.67451 0.63529 0.58039
0.70588 0.6549 0.6
0.6902 0.65098 0.60392
0.66667 0.62353 0.6
0.64314 0.60392 0.58824
0.62745 0.59216 0.58431
0.60784 0.56863 0.56471
0.57647 0.54118 0.5451
0.57255 0.54118 0.5451
0.54902 0.52941 0.53333
0.61569 0.58431 0.56863
0.62745 0.58431 0.55294
0.62353 0.58431 0.54902
0.62745 0.58824 0.55294
0.63922 0.59608 0.56078
0.66667 0.61961 0.57255
0.69412 0.64706 0.6
0.68235 0.63137 0.58431
0.66275 0.62353 0.57647
0.65098 0.61176 0.57255
0.65098 0.61569 0.58039
0.65098 0.61569 0.57647
0.64706 0.61176 0.57255
0.64314 0.60784 0.57647
0.63529 0.60392 0.57647
0.63529 0.60784 0.58039
0.59608 0.58431 0.58431
0.63922 0.58824 0.55294
0.63137 0.58039 0.54902
0.63529 0.58431 0.55294
0.64314 0.59216 0.55686
0.66275 0.61569 0.56078
0.69412 0.64706 0.59216
0.68627 0.63922 0.58824
0.66275 0.62353 0.57647
0.65098 0.61569 0.57255
0.65098 0.61961 0.57647
0.64706 0.61176 0.57647
0.63922 0.60392 0.56863
0.62745 0.59608 0.56863
0.62745 0.59608 0.56863
0.62745 0.6 0.56863
0.56471 0.58039 0.6
0.63137 0.58431 0.5451
0.62353 0.57647 0.5451
0.63529 0.58039 0.55294
0.63529 0.58824 0.55294
0.66275 0.61569 0.56471
0.69804 0.65098 0.59608
0.6902 0.64314 0.58824
0.67059 0.63137 0.57647
0.65882 0.61569 0.57255
0.65098 0.61176 0.57255
0.65098 0.60784 0.57255
0.64706 0.60392 0.56863
0.64314 0.6 0.56863
0.63529 0.6 0.56471
0.62745 0.59608 0.56078
0.62745 0.6 0.56471
0.51765 0.56863 0.60392
0.63529 0.59216 0.55294
0.62353 0.58039 0.55294
0.64314 0.58824 0.56078
0.63922 0.59608 0.56078
0.6549 0.60784 0.56078
0.68627 0.63922 0.58824
0.68627 0.63922 0.58039
0.67843 0.63137 0.57647
0.66667 0.61961 0.57255
0.65882 0.60784 0.57255
0.65882 0.60784 0.57255
0.65882 0.60784 0.57255
0.6549 0.6 0.56471
0.64314 0.59608 0.56078
0.63137 0.59216 0.55686
0.62745 0.59608 0.55686
0.64314 0.6 0.56471
0.63529 0.59608 0.55686
0.63529 0.58824 0.55686
0.64314 0.59216 0.55686
0.65098 0.60392 0.55686
0.68235 0.63529 0.58431
0.6902 0.64314 0.58824
0.68235 0.63529 0.58039
0.67059 0.62353 0.58039
0.66275 0.61176 0.57647
0.65882 0.60784 0.57255
0.66667 0.61569 0.58039
0.6549 0.60392 0.56863
0.64706 0.60392 0.56471
0.63922 0.6 0.56471
0.63137 0.6 0.56078
0.63529 0.60784 0.57255
0.63922 0.6 0.56078
0.63529 0.59608 0.56078
0.6549 0.59608 0.56078
0.65098 0.6 0.55686
0.68235 0.63137 0.58039
0.69412 0.64706 0.59216
0.68627 0.63922 0.58431
0.67451 0.62745 0.58039
0.66275 0.61569 0.58039
0.65882 0.61176 0.57255
0.66275 0.61569 0.58039
0.65882 0.60784 0.57255
0.64706 0.60392 0.56863
0.63529 0.6 0.56471
0.63529 0.60392 0.56863
0.62745 0.61176 0.58431
0.63922 0.59608 0.56863
0.63922 0.59216 0.56863
0.65098 0.6 0.56078
0.6549 0.6 0.56471
0.67451 0.62353 0.58039
0.70196 0.65098 0.6
0.6902 0.64314 0.58824
0.66667 0.62745 0.57647
0.65882 0.62353 0.57255
0.6549 0.61961 0.57255
0.65882 0.61961 0.57647
0.65098 0.61176 0.57647
0.64706 0.60392 0.57255
0.64314 0.60392 0.56863
0.63529 0.60392 0.57255
0.61569 0.60784 0.6
0.63922 0.59608 0.57647
0.64314 0.59608 0.57647
0.64706 0.59608 0.56471
0.65098 0.6 0.56078
0.66275 0.61961 0.57255
0.69804 0.6549 0.6
0.6902 0.64706 0.58824
0.67059 0.63137 0.57647
0.65882 0.62353 0.57647
0.6549 0.61961 0.57255
0.65098 0.61569 0.57647
0.64706 0.61176 0.57255
0.64314 0.60784 0.57255
0.63922 0.60392 0.56863
0.60784 0.60392 0.61176
0.64314 0.6 0.58431
0.64706 0.59608 0.58431
0.64706 0.6 0.56863
0.64706 0.60784 0.56863
0.65098 0.60784 0.56078
0.68627 0.64706 0.59216
0.6902 0.64706 0.58824
0.67451 0.63529 0.58431
0.65882 0.62353 0.57647
0.65882 0.62745 0.57647
0.6549 0.61961 0.57647
0.65098 0.61569 0.58039
0.64706 0.61569 0.57647
0.63922 0.60392 0.56863
0.55294 0.58039 0.6
0.64314 0.58824 0.57255
0.64314 0.58824 0.57255
0.63922 0.6 0.56863
0.64706 0.60392 0.56471
0.6549 0.60392 0.56078
0.69412 0.64314 0.59216
0.69804 0.65098 0.60392
0.68235 0.63922 0.59216
0.66275 0.62745 0.58039
0.66275 0.62353 0.57647
0.6549 0.61961 0.57647
0.65098 0.61961 0.58039
0.65098 0.61569 0.58039
0.64314 0.60784 0.57647
0.64314 0.59608 0.57255
0.64706 0.6 0.57255
0.63137 0.59608 0.56078
0.63922 0.59608 0.55686
0.65098 0.6 0.55294
0.68627 0.63137 0.58431
0.70196 0.65098 0.60392
0.68235 0.63529 0.58824
0.67059 0.63137 0.58039
0.67059 0.62745 0.58039
0.65882 0.61961 0.58039
0.65098 0.61569 0.58039
0.65098 0.61569 0.58039
0.64314 0.60784 0.58039
0.64314 0.60392 0.58431
0.64314 0.60392 0.56471
0.63529 0.59608 0.56471
0.63922 0.59608 0.55686
0.65098 0.6 0.55686
0.68235 0.62745 0.57647
0.70196 0.64706 0.59608
0.6902 0.63922 0.58431
0.67451 0.62745 0.57255
0.67451 0.62353 0.57647
0.66667 0.61569 0.58039
0.66275 0.61961 0.58431
0.65098 0.61569 0.58039
0.63529 0.61176 0.57647
0.64314 0.60392 0.56471
0.63137 0.59608 0.56078
0.64706 0.60392 0.56863
0.6549 0.60392 0.56078
0.67843 0.61961 0.56863
0.70588 0.64706 0.58824
0.69412 0.64314 0.58431
0.67843 0.63137 0.57647
0.67059 0.61961 0.57647
0.66275 0.61569 0.58039
0.6549 0.61569 0.58039
0.65098 0.61176 0.57647
0.61569 0.60392 0.57255
0.64706 0.6 0.56863
0.64314 0.60392 0.56863
0.65098 0.60784 0.57255
0.6549 0.60392 0.56078
0.67059 0.61176 0.56078
0.7098 0.65098 0.58431
0.69804 0.64706 0.58431
0.68627 0.63922 0.58431
0.67451 0.62745 0.58039
0.66667 0.61961 0.58431
0.65882 0.61961 0.58039
0.59216 0.59216 0.57647
0.65098 0.59608 0.56863
0.63922 0.6 0.56863
0.64314 0.59608 0.56078
0.65098 0.6 0.56078
0.66275 0.60784 0.55294
0.7098 0.64706 0.58431
0.70196 0.65098 0.58824
0.68627 0.63529 0.58431
0.67451 0.62745 0.58039
0.66667 0.61569 0.58039
0.65882 0.61961 0.58431
0.57647 0.59216 0.59216
0.64314 0.6 0.55686
0.63529 0.59608 0.56863
0.63922 0.6 0.56471
0.64706 0.6 0.56078
0.6549 0.60392 0.55294
0.69412 0.63922 0.58431
0.69804 0.64706 0.58431
0.6902 0.63922 0.57647
0.67843 0.63137 0.58039
0.67059 0.62353 0.58431
0.64706 0.60392 0.56863
0.64314 0.60392 0.56863
0.64314 0.60392 0.56863
0.65098 0.60392 0.56863
0.64706 0.6 0.55294
0.67843 0.62353 0.57647
0.70196 0.65098 0.59216
0.64706 0.60392 0.57255
