0.52549 0.60392 0.70588
0.52549 0.60392 0.70196
0.52157 0.6 0.69804
0.52157 0.6 0.69804
0.52941 0.60784 0.70588
0.53333 0.61176 0.70588
0.52549 0.60392 0.70196
0.52157 0.6 0.69412
0.52549 0.60392 0.70196
0.52941 0.60784 0.70588
0.52549 0.60392 0.70196
0.52549 0.60392 0.70196
0.52157 0.6 0.69804
0.52157 0.6 0.69804
0.52549 0.60392 0.70588
0.52941 0.60784 0.70588
0.52549 0.60392 0.70196
0.52941 0.60784 0.70588
0.52157 0.6 0.69804
0.52549 0.60392 0.70588
0.52941 0.60784 0.70588
0.52941 0.60784 0.70588
0.52941 0.60784 0.70588
0.52549 0.60392 0.70588
0.52549 0.60392 0.69804
0.52941 0.60784 0.70588
0.52941 0.60784 0.70588
0.52549 0.60392 0.70588
0.51765 0.59608 0.69412
0.52549 0.60392 0.70196
0.52941 0.60784 0.70588
0.52941 0.60784 0.70588
0.52157 0.6 0.69804
0.52157 0.6 0.69804
