0.17255 0.25098 0.3451
0.16471 0.24314 0.33725
0.16471 0.24314 0.33725
0.17647 0.24706 0.34118
0.16471 0.23529 0.33333
0.15686 0.25098 0.34902
0.16471 0.25098 0.3451
0.16078 0.24706 0.33725
0.16863 0.25098 0.34118
0.17255 0.24706 0.34118
0.15294 0.23137 0.32157
0.16078 0.25098 0.34902
0.16078 0.25098 0.3451
0.16863 0.2549 0.34902
0.16863 0.25098 0.34118
0.17255 0.2549 0.3451
0.17647 0.2549 0.34118
0.1451 0.22353 0.31373
0.15294 0.23529 0.34118
0.16471 0.24706 0.3451
0.16078 0.24314 0.33725
0.16471 0.25098 0.3451
0.16863 0.24706 0.3451
0.17647 0.2549 0.34902
0.17255 0.2549 0.33725
0.17255 0.24706 0.32941
0.16078 0.24314 0.34902
0.16471 0.24706 0.35294
0.16078 0.23922 0.34118
0.16863 0.24706 0.3451
0.18039 0.25882 0.35686
0.17255 0.24706 0.3451
0.17647 0.25098 0.34118
0.16863 0.23922 0.32941
0.23529 0.29412 0.36078
0.16078 0.24314 0.34902
0.16863 0.25098 0.35686
0.16471 0.24314 0.3451
0.16471 0.24706 0.34902
0.17647 0.2549 0.36078
0.17255 0.24706 0.3451
0.18039 0.24706 0.32941
0.16863 0.24314 0.33333
0.30588 0.34902 0.40784
0.17255 0.2549 0.36078
0.16471 0.24706 0.35294
0.16078 0.24314 0.34902
0.16863 0.25098 0.35686
0.16471 0.25098 0.35686
0.16863 0.24706 0.34118
0.18824 0.2549 0.33333
0.16471 0.23922 0.32941
0.41176 0.43922 0.47843
0.16078 0.24314 0.34902
0.17255 0.2549 0.36078
0.15686 0.23922 0.3451
0.14902 0.23137 0.33725
0.17255 0.2549 0.36078
0.16471 0.24706 0.35294
0.16471 0.24706 0.34118
0.18039 0.2549 0.3451
0.16078 0.23529 0.32549
0.54118 0.55686 0.57255
0.16471 0.25098 0.35294
0.17255 0.2549 0.35686
0.15686 0.24314 0.3451
0.15294 0.23529 0.34118
0.16471 0.24706 0.35294
0.16863 0.25098 0.35294
0.16863 0.25098 0.3451
0.17255 0.25882 0.3451
0.17647 0.24706 0.32941
0.66667 0.66275 0.65882
0.17255 0.25882 0.34902
0.17647 0.26275 0.35686
0.17255 0.25882 0.35294
0.16078 0.24314 0.3451
0.16078 0.24314 0.3451
0.16863 0.2549 0.34902
0.16863 0.25098 0.34118
0.16078 0.24706 0.33333
0.24314 0.3098 0.37255
0.76471 0.73725 0.70588
0.16471 0.24706 0.35294
0.16863 0.25098 0.35686
0.17255 0.2549 0.35686
0.16471 0.24706 0.35294
0.15686 0.24314 0.3451
0.16471 0.25098 0.3451
0.16863 0.25098 0.3451
0.1451 0.23137 0.32549
0.30196 0.36078 0.41569
0.81176 0.78039 0.73333
0.14902 0.23137 0.33725
0.15294 0.23529 0.3451
0.18039 0.26275 0.37255
0.16078 0.24314 0.34902
0.16471 0.25098 0.35294
0.16863 0.2549 0.34902
0.16471 0.25098 0.34118
0.14902 0.23529 0.33333
0.36078 0.41569 0.46275
0.15686 0.23922 0.3451
0.15294 0.23529 0.34118
0.16863 0.25098 0.35686
0.16078 0.24314 0.34902
0.15686 0.23922 0.34118
0.16863 0.2549 0.34902
0.16863 0.25882 0.35294
0.14902 0.23529 0.32549
0.41176 0.46275 0.50196
0.16078 0.24314 0.34902
0.16078 0.24314 0.34902
0.16471 0.24706 0.35294
0.16471 0.24706 0.34902
0.16078 0.24706 0.34118
0.16471 0.25098 0.3451
0.15294 0.23137 0.32549
0.4549 0.50196 0.54118
0.16078 0.24314 0.34902
0.16471 0.24706 0.35294
0.16471 0.25098 0.35686
0.17647 0.25882 0.36078
0.15686 0.24314 0.33725
0.16471 0.24314 0.34118
0.15294 0.22353 0.32157
0.47451 0.5098 0.55686
0.14118 0.23529 0.33725
0.15686 0.24706 0.35294
0.15686 0.24706 0.35294
0.16471 0.25098 0.34902
0.17647 0.25882 0.35294
0.17647 0.25098 0.34118
0.14902 0.22745 0.31765
0.44706 0.4902 0.53725
0.15294 0.24706 0.34902
0.15686 0.25098 0.35294
0.16863 0.2549 0.35294
0.17647 0.2549 0.35294
0.18039 0.2549 0.3451
0.15294 0.22745 0.32157
0.42745 0.47451 0.51765
0.16863 0.26275 0.36471
0.16863 0.2549 0.35294
0.16471 0.24314 0.34118
0.17647 0.2549 0.34118
0.14902 0.22745 0.31765
0.37647 0.42353 0.46667
0.3451 0.38039 0.43529
0.31373 0.35686 0.41961
