0.89412 0.81569 0.7098
0.91765 0.83922 0.72549
0.9098 0.83529 0.72941
0.91373 0.83529 0.72157
0.89804 0.81569 0.69412
0.9098 0.82745 0.7098
0.9098 0.83137 0.72549
0.91373 0.83529 0.72157
0.90196 0.81961 0.70196
0.90588 0.82353 0.7098
0.91765 0.83922 0.72549
0.9098 0.83137 0.72549
0.91373 0.83529 0.72157
0.90196 0.81961 0.70196
0.90588 0.82353 0.7098
0.91373 0.83137 0.71765
0.92549 0.84314 0.72941
0.90196 0.82353 0.72549
0.92549 0.84706 0.74118
0.91765 0.83922 0.72549
0.90196 0.81961 0.69804
0.90588 0.82353 0.70588
0.92157 0.83922 0.72549
0.92549 0.84314 0.72941
0.90196 0.82353 0.72157
0.91373 0.83529 0.72941
0.90588 0.82745 0.71373
0.89412 0.81569 0.69412
0.91373 0.83137 0.71765
0.92157 0.83922 0.72549
0.92157 0.83922 0.72549
0.90196 0.82353 0.71765
0.90588 0.82745 0.71765
0.8902 0.81569 0.69804
0.91373 0.83922 0.72157
0.92157 0.83922 0.72549
0.92549 0.83137 0.72157
0.91373 0.83922 0.72549
0.90196 0.83137 0.7098
0.89804 0.82353 0.70588
0.9098 0.82745 0.71373
0.92549 0.83529 0.72157
0.91765 0.84314 0.72549
0.90588 0.82745 0.7098
0.91373 0.83137 0.71765
0.92549 0.83529 0.72549
0.92157 0.83529 0.72549
