0.49804 0.63137 0.78824
0.49804 0.62745 0.78824
0.50196 0.63137 0.79216
0.50196 0.63137 0.79216
0.50588 0.63922 0.79608
0.49804 0.63137 0.78824
0.49804 0.62745 0.78824
0.50196 0.63137 0.79216
0.50196 0.63137 0.79216
0.5098 0.63922 0.79608
0.49412 0.62745 0.78431
0.50196 0.63137 0.79216
0.50196 0.63137 0.79216
0.50588 0.63529 0.79608
0.5098 0.63922 0.79608
0.50588 0.63529 0.79216
0.50196 0.63137 0.79216
0.50196 0.63137 0.79216
0.49804 0.63137 0.79216
0.49804 0.63529 0.79216
0.50588 0.63529 0.79216
0.50588 0.63529 0.79608
0.49804 0.62745 0.78824
0.49412 0.62745 0.78824
0.49804 0.63529 0.79216
0.50196 0.63137 0.79216
0.50196 0.63137 0.79216
0.50196 0.63529 0.79608
