0.16471 0.25882 0.39216
0.17647 0.25882 0.39608
0.17255 0.2549 0.39216
0.17647 0.2549 0.39216
0.17255 0.25098 0.38824
0.16471 0.2549 0.38824
0.16078 0.25098 0.38431
0.17255 0.26275 0.39608
0.16471 0.2549 0.38824
0.15686 0.24706 0.38039
0.16863 0.25882 0.39216
0.16471 0.2549 0.38824
0.16863 0.25882 0.39216
0.17255 0.26275 0.39608
0.16078 0.24706 0.38431
0.16078 0.25098 0.38431
0.16471 0.2549 0.38824
0.17255 0.26275 0.39608
0.16471 0.2549 0.38824
0.16863 0.2549 0.39216
0.16471 0.2549 0.38824
0.16863 0.25882 0.39216
0.16471 0.2549 0.38824
0.16471 0.2549 0.38824
0.16078 0.25098 0.38431
0.16471 0.2549 0.38824
0.16863 0.26275 0.39608
0.16471 0.25882 0.39216
0.16863 0.25882 0.39216
0.16471 0.25882 0.39608
0.15686 0.24706 0.38824
