0.57255 0.68235 0.78431
0.57647 0.68235 0.78824
0.57255 0.67843 0.78431
0.57647 0.68235 0.78824
0.57255 0.67843 0.78431
0.57647 0.68235 0.78824
0.56863 0.67451 0.78039
0.57255 0.67843 0.78431
0.57647 0.68235 0.78824
0.57255 0.67843 0.78431
0.56863 0.67451 0.78039
0.57255 0.67843 0.78431
0.57255 0.67843 0.78431
0.57255 0.67843 0.78431
0.57647 0.68235 0.78824
0.56863 0.67451 0.78039
0.57255 0.67843 0.78431
0.57647 0.68235 0.78824
0.57647 0.68235 0.78824
0.57255 0.67843 0.78431
0.57647 0.68235 0.78824
0.57647 0.68235 0.78824
