0.82745 0.76863 0.70588
0.81961 0.76471 0.70588
0.87451 0.78824 0.68627
0.88235 0.80392 0.70588
0.89412 0.81961 0.71765
0.89804 0.82745 0.72549
0.91373 0.84314 0.73725
0.91373 0.84314 0.73333
0.90588 0.82353 0.71765
0.80784 0.75686 0.7098
0.86667 0.78431 0.68627
0.88627 0.80784 0.7098
0.89804 0.82353 0.72549
0.90588 0.83922 0.73725
0.91765 0.84706 0.74118
0.89804 0.82745 0.71765
0.90196 0.81961 0.71373
0.90588 0.82353 0.71765
0.77647 0.72941 0.69412
0.86275 0.78039 0.6902
0.89412 0.81569 0.72157
0.89412 0.81569 0.71373
0.9098 0.83137 0.73333
0.9098 0.83137 0.72549
0.89412 0.81961 0.7098
0.90196 0.82353 0.71765
0.91373 0.83137 0.72549
0.72549 0.6902 0.66667
0.86667 0.78039 0.69412
0.87451 0.80392 0.71373
0.89412 0.81569 0.71373
0.9098 0.83137 0.73333
0.90588 0.82745 0.72549
0.90588 0.82745 0.72549
0.91373 0.83529 0.72941
0.90588 0.82745 0.72157
0.92157 0.83922 0.73333
0.66667 0.65098 0.63922
0.86275 0.78824 0.69804
0.88235 0.81176 0.71765
0.90196 0.82745 0.72549
0.89804 0.81961 0.72157
0.92157 0.84314 0.7451
0.92549 0.84706 0.74902
0.92549 0.84706 0.74118
0.92157 0.84314 0.73725
0.92549 0.84706 0.74118
0.56471 0.57255 0.58039
0.86275 0.79608 0.71373
0.88235 0.80784 0.7098
0.8902 0.82353 0.72157
0.88235 0.81176 0.7098
0.90196 0.83137 0.73333
0.91765 0.85098 0.74902
0.93725 0.85882 0.75294
0.93333 0.8549 0.7451
0.94118 0.86275 0.75686
0.44706 0.47843 0.5098
0.86667 0.81176 0.73725
0.88627 0.81176 0.7098
0.88627 0.82353 0.72157
0.8902 0.82353 0.72157
0.9098 0.84314 0.74118
0.91373 0.84706 0.74118
0.93333 0.8549 0.74902
0.92941 0.85098 0.7451
0.92941 0.85098 0.74902
0.91765 0.84706 0.7451
0.83137 0.79608 0.74118
0.89804 0.82745 0.73333
0.90196 0.83529 0.73333
0.90196 0.83529 0.73333
0.9098 0.84314 0.73333
0.90588 0.83922 0.72549
0.92941 0.85098 0.7451
0.93333 0.8549 0.75294
0.93333 0.8549 0.75686
0.76078 0.73333 0.72549
0.90588 0.84314 0.7451
0.92157 0.85098 0.74902
0.91373 0.84706 0.74118
0.90588 0.83922 0.72941
0.90196 0.83529 0.71765
0.93725 0.8549 0.74902
0.93725 0.85882 0.75686
0.93333 0.8549 0.76078
0.61569 0.61176 0.63922
0.91765 0.8549 0.75686
0.91373 0.84314 0.74118
0.91373 0.84706 0.7451
0.89804 0.83137 0.72157
0.90196 0.83529 0.72157
0.92941 0.8549 0.74902
0.93725 0.85882 0.75686
0.93725 0.85882 0.76078
0.40392 0.43137 0.48627
0.90196 0.84314 0.77647
0.91765 0.85098 0.74902
0.92549 0.86275 0.76078
0.90588 0.83922 0.73725
0.9098 0.84314 0.74118
0.92941 0.86275 0.76078
0.92941 0.86275 0.76078
0.8 0.76078 0.72157
0.92549 0.85882 0.76078
0.92941 0.86275 0.76078
0.91765 0.85098 0.74902
0.91765 0.85098 0.74902
0.93333 0.86667 0.76471
0.61569 0.60784 0.59216
0.93725 0.87451 0.77255
0.93333 0.86667 0.76863
0.92941 0.86275 0.76078
0.92157 0.8549 0.74902
0.93333 0.86667 0.76471
0.90588 0.87059 0.79216
0.93725 0.87059 0.78039
0.93725 0.87059 0.77647
0.92157 0.8549 0.74118
0.92157 0.85882 0.75294
0.76078 0.75294 0.72549
0.95294 0.89804 0.79608
0.94118 0.87843 0.77255
0.93725 0.87059 0.76863
0.92941 0.86275 0.76078
0.50588 0.52549 0.56078
0.94118 0.89412 0.81961
0.95294 0.88627 0.78039
0.94118 0.87843 0.78039
0.92941 0.86275 0.76078
0.83922 0.81961 0.78039
0.95686 0.87843 0.78824
0.9451 0.88627 0.78431
0.94118 0.87451 0.77255
0.62353 0.63137 0.63922
0.95686 0.8902 0.79608
0.93725 0.87451 0.77647
0.94118 0.87451 0.78039
0.35294 0.38039 0.44314
0.89804 0.85098 0.80392
0.93333 0.87059 0.77647
0.94902 0.87843 0.78431
0.18824 0.25098 0.34118
0.19608 0.25098 0.32549
0.72157 0.69804 0.70588
0.96078 0.89804 0.80392
0.94902 0.88235 0.79608
0.17647 0.24706 0.34902
0.18824 0.24706 0.35294
0.17255 0.23922 0.3451
0.44314 0.4549 0.49804
0.94118 0.89412 0.83137
0.95294 0.8902 0.79608
0.95686 0.89412 0.81176
0.95686 0.89412 0.80392
0.95294 0.8902 0.79608
0.96078 0.90196 0.81176
0.96471 0.91373 0.83137
0.17255 0.2549 0.34902
0.17255 0.25098 0.34902
0.18431 0.25882 0.35686
0.19216 0.25882 0.36471
0.23137 0.28627 0.3451
0.78431 0.78039 0.7451
0.96078 0.90588 0.81569
0.95686 0.89804 0.80392
0.96471 0.90588 0.81569
0.96471 0.90196 0.81569
0.96471 0.90196 0.81569
0.96863 0.91373 0.83137
0.96863 0.92157 0.83529
0.16078 0.23529 0.32941
0.46667 0.50196 0.52549
0.94902 0.89804 0.83922
0.95294 0.8902 0.78824
0.96078 0.90588 0.80784
0.96471 0.90196 0.81961
0.96471 0.90196 0.81569
0.96078 0.90588 0.82353
0.96863 0.92157 0.83529
0.18039 0.26275 0.35294
0.18039 0.25882 0.34902
0.20784 0.27059 0.32157
0.76471 0.75294 0.72941
0.96078 0.90196 0.81176
0.96078 0.89804 0.81176
0.96471 0.90196 0.82745
0.96863 0.9098 0.82745
0.96471 0.91373 0.82745
0.97255 0.92549 0.83922
0.98039 0.93333 0.84706
0.17255 0.24706 0.3451
0.17647 0.25098 0.34902
0.18431 0.26275 0.36078
0.17255 0.23922 0.31765
0.37647 0.41176 0.43529
0.91765 0.88235 0.83529
0.95686 0.89804 0.81176
0.96863 0.90196 0.82353
0.97255 0.9098 0.82745
0.96863 0.91373 0.83137
0.97255 0.92941 0.84314
0.98039 0.93333 0.84706
0.18039 0.2549 0.35686
0.18039 0.2549 0.35686
0.18039 0.25882 0.35686
0.18431 0.2549 0.35686
0.16471 0.21961 0.30196
0.63922 0.62745 0.63529
0.96078 0.91373 0.84314
0.95686 0.8902 0.80784
0.96078 0.89804 0.81961
0.96078 0.9098 0.81961
0.96863 0.92157 0.83529
0.97647 0.92941 0.84706
0.98039 0.92941 0.85882
0.18824 0.2549 0.35686
0.18431 0.2549 0.35294
0.18824 0.26275 0.36471
0.18431 0.25882 0.36078
0.17255 0.24706 0.3451
0.16863 0.23529 0.31373
0.27451 0.30196 0.35294
0.86275 0.81961 0.77647
0.96078 0.89412 0.8
0.95686 0.89412 0.81961
0.96471 0.90196 0.80784
0.96863 0.91373 0.83137
0.97647 0.92941 0.84314
0.97647 0.92941 0.85098
0.17647 0.23922 0.34118
0.18431 0.25098 0.35294
0.20392 0.27059 0.37255
0.18039 0.24706 0.34902
0.18039 0.2549 0.34902
0.15294 0.21176 0.29412
0.50196 0.5098 0.52941
0.9451 0.9098 0.81961
0.95294 0.8902 0.81569
0.96471 0.90196 0.82353
0.96863 0.91765 0.82745
0.97647 0.92941 0.84706
0.17255 0.24706 0.34902
0.18039 0.2549 0.35294
0.17647 0.24706 0.34902
0.18431 0.25098 0.34902
0.17647 0.24706 0.34118
0.21176 0.25098 0.32941
0.78039 0.75686 0.7451
0.94902 0.88627 0.79216
0.96863 0.90196 0.83529
0.96863 0.91765 0.84314
0.97255 0.92157 0.85098
0.16863 0.24314 0.3451
0.18039 0.25098 0.3451
0.18431 0.25098 0.34902
0.18824 0.25098 0.34902
0.1451 0.2 0.30196
0.41569 0.42745 0.47059
0.92157 0.87843 0.81961
0.95294 0.90196 0.82745
0.96471 0.91765 0.84706
0.16078 0.24314 0.34118
0.17647 0.25098 0.3451
0.17647 0.24706 0.34118
0.18039 0.24314 0.34118
0.16078 0.21961 0.32157
0.17255 0.21961 0.29412
0.66275 0.6549 0.65098
0.17255 0.25882 0.35294
0.17255 0.25098 0.3451
0.17647 0.2549 0.34902
0.28235 0.30588 0.35686
