0.047059 0.11373 0.17255
0.031373 0.086275 0.13725
0.019608 0.082353 0.14118
0.011765 0.082353 0.14118
0.066667 0.11373 0.1451
0.054902 0.10196 0.1451
0.05098 0.10196 0.15686
0.043137 0.10588 0.14902
0.039216 0.094118 0.1451
0.035294 0.090196 0.12941
0.054902 0.1098 0.16078
0.054902 0.11765 0.16863
0.027451 0.098039 0.12157
0.035294 0.090196 0.12941
0.039216 0.094118 0.14902
0.039216 0.10588 0.1451
0.07451 0.12157 0.16863
0.035294 0.090196 0.14118
0.027451 0.094118 0.13725
0.039216 0.12157 0.11373
0.07451 0.1451 0.13725
