0.07451 0.25882 0.43529
0.078431 0.2549 0.43529
0.082353 0.25098 0.43922
0.082353 0.2549 0.43922
0.078431 0.26667 0.43922
0.07451 0.26275 0.43137
0.078431 0.26275 0.43922
0.070588 0.25098 0.43137
0.062745 0.24706 0.42745
0.066667 0.2549 0.43529
0.062745 0.25098 0.42745
0.062745 0.2549 0.43529
0.062745 0.25098 0.42745
0.058824 0.25882 0.44314
0.054902 0.24706 0.42745
0.058824 0.24706 0.42353
0.058824 0.25882 0.44706
0.054902 0.2549 0.43922
0.054902 0.24706 0.42745
0.058824 0.24706 0.42353
0.062745 0.27059 0.45098
0.054902 0.2549 0.43529
0.062745 0.2549 0.43137
0.058824 0.24706 0.41569
0.058824 0.25098 0.42745
0.058824 0.24706 0.41961
