0.96863 0.92549 0.83922
0.96863 0.92549 0.83922
0.96863 0.92549 0.83922
0.96863 0.92549 0.83922
0.97647 0.93333 0.84706
0.97647 0.93333 0.84706
0.96863 0.92549 0.83922
0.97255 0.92941 0.84314
0.96863 0.92549 0.83922
0.96863 0.92549 0.83922
0.97647 0.92941 0.84314
0.98039 0.93333 0.84314
0.97255 0.92941 0.84314
0.97255 0.92941 0.84314
0.97255 0.92941 0.84314
0.96863 0.92549 0.83922
0.97255 0.92941 0.84314
0.98039 0.93333 0.84314
0.97255 0.92941 0.84314
0.97255 0.92941 0.84314
0.97255 0.92941 0.84314
0.97255 0.92941 0.84314
0.97255 0.92941 0.84314
0.97647 0.93333 0.84706
0.97255 0.92941 0.84314
0.97647 0.92941 0.84314
0.97647 0.93333 0.84314
0.97647 0.92941 0.83922
