0.67059 0.61961 0.57255
0.66275 0.61569 0.56863
0.67059 0.62353 0.57647
0.67059 0.62353 0.57647
0.66667 0.61961 0.57255
0.66667 0.61961 0.57255
0.67059 0.61569 0.57255
0.66667 0.61961 0.57255
0.66667 0.61961 0.57255
0.66667 0.61961 0.57255
0.67059 0.62353 0.57647
0.67059 0.62353 0.57647
0.66667 0.61569 0.57255
0.66667 0.61961 0.57255
0.66275 0.61569 0.56863
0.67059 0.62353 0.57647
0.67059 0.62353 0.57647
0.66667 0.61569 0.57255
0.67451 0.61961 0.57647
0.66667 0.61961 0.57255
0.66667 0.61961 0.57255
0.66667 0.61961 0.57255
0.67059 0.61569 0.57255
0.67059 0.61569 0.57255
0.66667 0.61961 0.57255
0.66667 0.61961 0.57255
0.66667 0.61961 0.57255
0.66667 0.61569 0.56863
0.66275 0.61176 0.56863
0.66667 0.61961 0.57255
0.66667 0.61961 0.57255
0.66275 0.61569 0.56863
0.66667 0.61961 0.57255
0.66667 0.61961 0.57255
0.66667 0.61961 0.57255
0.66275 0.61569 0.56863
