0.9451 0.87843 0.76471
0.94118 0.87843 0.77255
0.96863 0.91373 0.80392
0.96471 0.90588 0.78824
0.95294 0.8902 0.77255
0.92941 0.8549 0.7451
0.94118 0.87059 0.75294
0.9451 0.88627 0.76863
0.9451 0.88627 0.78039
0.9451 0.8902 0.78431
0.96471 0.9098 0.80392
0.96863 0.91373 0.81176
0.96863 0.9098 0.79608
0.96078 0.89412 0.78431
0.95686 0.87843 0.77255
0.94902 0.88235 0.76863
0.94902 0.89412 0.77647
0.94118 0.8902 0.78039
0.95294 0.90196 0.79216
0.97647 0.92157 0.81569
0.96078 0.90588 0.8
0.97647 0.91373 0.80784
0.96863 0.9098 0.79608
0.95686 0.89412 0.78039
0.95686 0.8902 0.78039
0.95294 0.88627 0.77647
0.95294 0.8902 0.78039
0.94902 0.89412 0.78039
0.96078 0.90588 0.79608
0.96863 0.91373 0.80784
0.97255 0.9098 0.8
0.96471 0.90588 0.79216
0.96078 0.89804 0.78824
0.95294 0.88627 0.77647
0.9451 0.87843 0.76863
0.93725 0.87451 0.76471
0.95294 0.89412 0.78039
0.96471 0.90588 0.79608
0.94118 0.87843 0.77255
0.96863 0.9098 0.8
0.96863 0.9098 0.79608
0.96078 0.89804 0.78431
0.95294 0.89412 0.78039
0.97255 0.91373 0.8
0.96863 0.90588 0.78824
0.96078 0.89412 0.78039
0.97647 0.9098 0.79216
0.92157 0.8549 0.73725
0.96471 0.89804 0.78039
0.94118 0.87843 0.76078
0.92941 0.87059 0.75686
0.92549 0.87059 0.75686
