0.96078 0.84314 0.69412
0.95686 0.84314 0.6902
0.95686 0.83922 0.6902
0.95686 0.83922 0.6902
0.95686 0.83922 0.6902
0.95686 0.83922 0.6902
0.96078 0.84314 0.69412
0.95686 0.83922 0.6902
0.95294 0.83529 0.68627
0.95686 0.83922 0.6902
0.96471 0.84706 0.69804
0.96078 0.84314 0.69412
0.95686 0.83922 0.6902
0.96078 0.84314 0.69412
0.96078 0.84314 0.69412
0.96078 0.84314 0.69412
0.95294 0.83529 0.68627
0.95294 0.83529 0.68627
0.96471 0.84706 0.69804
0.96471 0.84706 0.69804
0.96471 0.84706 0.69804
0.96471 0.84706 0.69804
0.95686 0.83922 0.6902
0.96471 0.84706 0.69412
0.95686 0.83922 0.6902
0.95294 0.83529 0.68627
0.95294 0.83529 0.68627
0.96078 0.84314 0.69412
0.95686 0.83922 0.6902
