0.16078 0.26667 0.4
0.12157 0.25882 0.4
0.16863 0.35686 0.53725
0.16078 0.26275 0.39608
0.16471 0.27451 0.4
0.1451 0.25098 0.36863
0.14902 0.26667 0.39608
0.14902 0.2902 0.44314
0.16078 0.34902 0.51373
0.15686 0.25882 0.38824
0.17647 0.27843 0.41176
0.14902 0.26275 0.38039
0.16078 0.27451 0.39216
0.18039 0.28627 0.41569
0.12941 0.23922 0.35294
0.12157 0.26275 0.38431
0.14902 0.32157 0.48627
0.18431 0.2902 0.41176
0.16471 0.26667 0.39216
0.18431 0.28235 0.41569
0.17255 0.27059 0.40392
0.16863 0.27059 0.4
0.16863 0.27059 0.41176
0.14118 0.24706 0.38431
0.18431 0.28235 0.40784
0.16863 0.26275 0.38824
0.14118 0.2549 0.38039
0.1451 0.2902 0.44314
0.19608 0.4 0.58039
0.16471 0.26667 0.39216
0.18824 0.2902 0.41961
0.15686 0.25882 0.38824
0.17255 0.27843 0.40392
0.16078 0.26275 0.39216
0.16078 0.26667 0.39608
0.16471 0.27059 0.4
0.14902 0.25098 0.38824
0.17255 0.27451 0.40392
0.15686 0.26275 0.38431
0.16471 0.27059 0.38824
0.15686 0.25098 0.37255
0.12941 0.24706 0.37255
0.11765 0.27059 0.40784
0.15686 0.34118 0.49804
0.16863 0.27059 0.4
0.18039 0.28235 0.41176
0.16471 0.26667 0.39608
0.16863 0.27451 0.40392
0.14902 0.26275 0.38824
0.16471 0.27843 0.40392
0.14902 0.26275 0.38824
0.15294 0.2549 0.39216
0.16078 0.26275 0.39216
0.15294 0.25882 0.37647
0.16471 0.27059 0.38824
0.15294 0.25882 0.38039
0.15686 0.26275 0.37647
0.16471 0.27059 0.37255
0.14902 0.25882 0.36078
0.11765 0.25098 0.39216
0.21569 0.43529 0.61961
0.17255 0.27059 0.40392
0.19216 0.29412 0.42745
0.15686 0.26275 0.38824
0.15686 0.27059 0.39216
0.15686 0.27451 0.39608
0.16863 0.28235 0.40784
0.13725 0.25098 0.37255
0.14902 0.2549 0.38039
0.15686 0.26275 0.38824
0.15294 0.25882 0.37647
0.16471 0.27059 0.38824
0.15294 0.25882 0.38431
0.16078 0.25882 0.38431
0.15294 0.25098 0.36863
0.14902 0.25882 0.37647
0.15686 0.2549 0.36471
0.12549 0.2549 0.38431
0.18039 0.28627 0.41961
0.1451 0.26275 0.38431
0.15686 0.27451 0.39216
0.15294 0.26667 0.38431
0.17255 0.28627 0.40392
0.13333 0.24706 0.36078
0.15294 0.26667 0.38431
0.15686 0.27059 0.38824
0.13725 0.24706 0.36471
0.16078 0.26667 0.38431
0.15686 0.26275 0.38039
0.16078 0.26667 0.38431
0.15294 0.25882 0.37647
0.15686 0.26275 0.38039
0.14902 0.2549 0.37255
0.14902 0.25098 0.36863
0.13725 0.2902 0.43922
0.18039 0.2902 0.41961
0.15686 0.27451 0.39216
0.16471 0.28235 0.4
0.16471 0.27843 0.39608
0.17255 0.28627 0.40392
0.1451 0.25882 0.37647
0.16471 0.27843 0.39608
0.14902 0.26275 0.38039
0.14118 0.2549 0.37255
0.15686 0.26275 0.38039
0.16078 0.26667 0.38431
0.16471 0.27059 0.38824
0.1451 0.25098 0.36863
0.15294 0.25882 0.37647
0.15294 0.25882 0.37647
0.15686 0.27059 0.39216
0.16078 0.27843 0.39608
0.16078 0.27451 0.39216
0.16078 0.27451 0.39216
0.12941 0.24314 0.36078
0.15686 0.27059 0.38824
0.14118 0.2549 0.37255
0.13725 0.24706 0.36471
0.15686 0.26275 0.38039
0.15294 0.25882 0.37647
0.16471 0.27059 0.38824
0.14902 0.2549 0.37255
0.14902 0.2549 0.37255
0.17255 0.27451 0.40392
0.16078 0.26667 0.39216
0.16078 0.27451 0.39216
0.16471 0.27843 0.39608
0.14118 0.25098 0.36863
0.17255 0.27451 0.39216
0.15686 0.26275 0.38039
0.15294 0.25882 0.37647
0.16078 0.26667 0.38431
0.15294 0.25882 0.37647
0.16078 0.26667 0.38431
0.15294 0.25882 0.37647
0.16471 0.26667 0.39216
0.15294 0.25882 0.38039
0.15294 0.26275 0.38039
0.16863 0.27843 0.39608
0.14902 0.25882 0.37647
0.16863 0.27451 0.39216
0.15686 0.26275 0.38039
0.15686 0.26275 0.38039
0.15686 0.26275 0.38039
0.14902 0.2549 0.37255
0.16078 0.26667 0.38431
0.15686 0.26275 0.38039
0.16863 0.27451 0.39216
0.18039 0.28627 0.40392
0.16078 0.26667 0.38431
0.16863 0.27451 0.39216
0.15686 0.26275 0.38039
0.16078 0.26667 0.38431
0.15686 0.26275 0.38039
0.16471 0.27059 0.38824
0.18824 0.2902 0.40392
0.18431 0.2902 0.40392
0.16078 0.26667 0.38431
0.16471 0.26667 0.39216
0.14902 0.25098 0.38039
0.16471 0.26667 0.39216
0.15686 0.26275 0.38039
0.17255 0.27843 0.39608
0.16471 0.26667 0.38824
0.15686 0.25882 0.38824
0.14902 0.25098 0.38039
0.16863 0.27059 0.39608
0.16471 0.26667 0.39216
0.16471 0.26667 0.39608
0.16863 0.27059 0.4
