0.40784 0.69412 0.86667
0.41569 0.69412 0.87451
0.40784 0.6902 0.86275
0.41176 0.69804 0.87451
0.41176 0.6902 0.86275
0.40784 0.69804 0.88235
0.41569 0.69804 0.87843
0.41569 0.69412 0.87059
0.40784 0.68627 0.85882
0.40784 0.68627 0.85882
0.41176 0.6902 0.86275
0.40392 0.70196 0.88235
0.41569 0.70196 0.87843
0.40784 0.69412 0.86667
0.41176 0.69412 0.86667
0.40392 0.68235 0.8549
0.40784 0.68627 0.85882
0.39608 0.70196 0.88235
0.40392 0.7098 0.8902
0.40784 0.70196 0.87843
0.41176 0.69804 0.87059
0.41176 0.69804 0.87451
0.40784 0.69412 0.86667
0.41176 0.70588 0.88627
0.41961 0.70196 0.88235
0.41569 0.70196 0.87843
