0.25098 0.29804 0.43529
0.25882 0.29412 0.43529
0.30196 0.33333 0.47451
0.28235 0.31765 0.44706
0.27059 0.3098 0.44314
0.24706 0.28627 0.42353
0.35686 0.41569 0.5451
0.24314 0.29412 0.43137
0.25098 0.30588 0.43922
0.27451 0.32549 0.4549
0.26275 0.31373 0.43922
0.27059 0.32157 0.44706
0.23922 0.2902 0.41569
0.21569 0.26667 0.40392
0.32549 0.38824 0.51765
0.22745 0.28235 0.41961
0.24314 0.29412 0.43137
0.27059 0.32157 0.4549
0.26667 0.31765 0.43922
0.26667 0.31765 0.43922
0.23529 0.29412 0.41176
0.21569 0.27059 0.4
0.30196 0.36078 0.49412
0.23922 0.28627 0.42353
0.25882 0.3098 0.44706
0.27843 0.32549 0.45882
0.27059 0.3098 0.44314
0.27451 0.31765 0.45098
0.23922 0.28627 0.42353
0.21961 0.27059 0.40784
0.21176 0.26667 0.40392
0.21176 0.27059 0.4
0.27059 0.33725 0.46667
0.23922 0.29412 0.43137
0.26667 0.31373 0.45098
0.28627 0.31765 0.45882
0.28235 0.30588 0.44706
0.27451 0.30588 0.44706
0.24706 0.28627 0.42745
0.21961 0.27059 0.40784
0.21961 0.27451 0.40784
0.21961 0.27843 0.40784
0.23922 0.30196 0.43137
0.25098 0.29804 0.43529
0.27451 0.31765 0.4549
0.28235 0.31373 0.4549
0.28627 0.30588 0.44706
0.27451 0.30588 0.44706
0.24706 0.28627 0.42745
0.21961 0.27059 0.40784
0.21176 0.27059 0.40392
0.21961 0.27843 0.40784
0.21961 0.27451 0.40784
0.3451 0.41176 0.54118
0.25098 0.3098 0.43922
0.25882 0.3098 0.44314
0.27059 0.31373 0.44706
0.27059 0.3098 0.44314
0.27843 0.30588 0.44314
0.27451 0.3098 0.44314
0.24706 0.28627 0.42745
0.22745 0.27451 0.40784
0.23137 0.28235 0.41569
0.22353 0.28627 0.41569
0.30588 0.36863 0.49804
0.24314 0.29804 0.42745
0.2549 0.30196 0.43529
0.27843 0.31765 0.4549
0.28235 0.32157 0.45882
0.26275 0.29804 0.43529
0.24314 0.27843 0.41569
0.24706 0.28627 0.42353
0.23529 0.27451 0.41176
0.23137 0.27451 0.41176
0.22353 0.28235 0.41569
0.25882 0.31765 0.45098
0.25098 0.29804 0.43922
0.26667 0.3098 0.44706
0.29804 0.33725 0.47451
0.27451 0.31373 0.45098
0.23529 0.28235 0.41961
0.21569 0.26275 0.4
0.24314 0.28235 0.42353
0.23922 0.27843 0.41569
0.23529 0.27451 0.41569
0.21961 0.27059 0.40392
0.24314 0.3098 0.44314
0.23922 0.30196 0.43922
0.23922 0.29412 0.43529
0.28627 0.33725 0.47843
0.23922 0.28627 0.43137
0.21569 0.27059 0.41176
0.21569 0.27059 0.40784
0.24314 0.28627 0.42353
0.24706 0.2902 0.43137
0.23922 0.28235 0.41961
0.21961 0.26667 0.4
0.25882 0.31765 0.45882
0.24706 0.30588 0.44706
0.24706 0.30588 0.44706
0.23922 0.29804 0.44314
0.21569 0.27059 0.41569
0.22353 0.27843 0.42353
0.22745 0.28235 0.42353
0.22353 0.27843 0.41569
0.24314 0.2902 0.43137
0.23137 0.27843 0.41569
0.22353 0.27059 0.40392
0.24314 0.30196 0.44314
0.23137 0.28627 0.43137
0.24706 0.29804 0.44706
0.23529 0.2902 0.43529
0.22353 0.27843 0.42353
0.23137 0.28627 0.43137
0.21569 0.27451 0.41961
0.21961 0.27451 0.41569
0.21961 0.27059 0.41569
0.22745 0.27059 0.40784
0.24314 0.29412 0.43922
0.24314 0.2902 0.43922
0.24706 0.29412 0.44314
0.23137 0.28235 0.42745
0.22745 0.28235 0.42353
0.22745 0.28235 0.42745
0.21961 0.27451 0.41569
0.22745 0.2902 0.43137
0.25098 0.30196 0.43922
0.24706 0.29412 0.44314
0.23529 0.28235 0.43922
0.23137 0.27843 0.42745
0.23922 0.2902 0.42745
0.23922 0.2902 0.42745
0.21961 0.27451 0.41176
0.21569 0.27059 0.40784
0.25098 0.30196 0.43922
0.24706 0.29412 0.44314
0.23529 0.28235 0.44314
0.23137 0.27843 0.42745
0.23529 0.28627 0.42353
0.24706 0.29804 0.43529
0.22353 0.27843 0.41569
0.21569 0.27059 0.40784
0.24314 0.29412 0.43137
0.24314 0.2902 0.43922
0.24314 0.28627 0.44314
0.23529 0.28627 0.43137
0.24314 0.29412 0.43137
0.24314 0.29412 0.43137
0.23529 0.28627 0.42353
0.25882 0.30588 0.44314
0.2549 0.29804 0.43922
0.26275 0.30196 0.44706
0.24706 0.29412 0.43137
0.23922 0.2902 0.43529
0.27843 0.32157 0.46275
0.27451 0.31373 0.4549
0.26667 0.30588 0.44706
0.23529 0.2902 0.42353
0.22353 0.28627 0.42353
0.33725 0.38431 0.52157
0.27843 0.31765 0.45882
0.27059 0.3098 0.45098
0.38824 0.43137 0.56078
0.27451 0.31373 0.45098
