0.99608 0.95294 0.84314
0.99608 0.95686 0.83922
0.99216 0.95294 0.83529
0.99216 0.94118 0.83137
0.99216 0.93725 0.82745
0.99216 0.95294 0.83922
0.99216 0.94902 0.83137
0.99608 0.94902 0.83137
0.98431 0.92157 0.80784
0.99608 0.95294 0.84706
0.99216 0.94902 0.83922
0.99608 0.9451 0.83137
0.99216 0.92941 0.81569
0.99608 0.9451 0.83529
0.99608 0.94118 0.82745
0.98039 0.9098 0.79608
0.99216 0.95294 0.84314
0.99216 0.94902 0.83922
0.99608 0.94118 0.82745
0.99216 0.93333 0.81569
0.99608 0.9451 0.83529
0.99216 0.93333 0.82353
