0.6 0.55686 0.51765
0.6 0.56078 0.52157
0.60392 0.56471 0.52157
0.6 0.56078 0.51765
0.6 0.56078 0.52157
0.60392 0.56471 0.52549
0.6 0.56078 0.52157
0.6 0.56078 0.52157
0.59608 0.56078 0.52157
0.59608 0.56471 0.52157
0.6 0.56078 0.52157
0.59608 0.55686 0.51765
0.60392 0.56471 0.52157
0.60392 0.56471 0.51765
0.60392 0.56078 0.51765
0.60392 0.56471 0.52157
0.6 0.56471 0.52157
0.59608 0.56078 0.52157
0.59608 0.56471 0.52157
0.6 0.56078 0.51765
0.60392 0.56471 0.51765
0.6 0.56078 0.5098
0.59216 0.55294 0.50588
0.59608 0.56078 0.51373
0.59216 0.56078 0.51765
0.6 0.56078 0.51765
0.6 0.55686 0.50588
0.60392 0.56471 0.51765
