0.64314 0.58431 0.51373
0.64706 0.59216 0.52157
0.66275 0.61176 0.54118
0.67059 0.61961 0.5451
0.67451 0.62353 0.54902
0.72941 0.67059 0.58039
0.72941 0.67059 0.58431
0.72941 0.67843 0.59608
0.72941 0.67843 0.6
0.72941 0.67843 0.6
0.73333 0.67843 0.6
0.73725 0.67843 0.59216
0.73333 0.67451 0.59216
0.72941 0.67843 0.59216
0.73333 0.68627 0.6
0.73333 0.68627 0.6
0.74118 0.68235 0.6
0.74118 0.68235 0.59608
0.7451 0.68627 0.6
0.74902 0.6902 0.6
0.7451 0.6902 0.6
0.75294 0.69412 0.60392
0.75294 0.69412 0.60392
0.74118 0.68627 0.59216
0.7451 0.6902 0.59608
0.7451 0.69804 0.60392
0.74902 0.69804 0.60784
0.7451 0.69804 0.60392
0.76471 0.71373 0.63137
0.76863 0.72157 0.63529
0.78039 0.72549 0.63922
0.78824 0.72941 0.64706
0.78824 0.72941 0.64706
