0.086275 0.33333 0.52549
0.078431 0.33333 0.52157
0.07451 0.33333 0.52157
0.07451 0.32941 0.52157
0.058824 0.31765 0.51765
0.07451 0.32157 0.50588
0.078431 0.32549 0.51373
0.07451 0.32941 0.51765
0.070588 0.32941 0.51765
0.07451 0.34118 0.52941
0.086275 0.34118 0.53725
0.070588 0.32941 0.53333
0.082353 0.33333 0.52157
0.082353 0.33725 0.52549
0.078431 0.33725 0.52549
0.070588 0.33725 0.52157
0.078431 0.3451 0.53333
0.086275 0.34118 0.5451
0.090196 0.34902 0.55686
0.082353 0.34118 0.53725
0.078431 0.33725 0.53725
0.078431 0.34118 0.5451
0.07451 0.3451 0.5451
