0.9451 0.82745 0.67843
0.94902 0.83137 0.68235
0.93725 0.81961 0.67059
0.94118 0.82353 0.67451
0.95294 0.83529 0.68627
0.95294 0.83529 0.68627
0.94118 0.82353 0.67451
0.95686 0.83922 0.69804
0.95686 0.83922 0.6902
0.94902 0.83529 0.68235
0.94118 0.82745 0.67451
0.94902 0.83137 0.68235
0.95294 0.83529 0.68627
0.9451 0.82745 0.68627
0.95686 0.83922 0.69804
0.95686 0.83922 0.6902
0.95294 0.83529 0.67843
0.94118 0.82353 0.67059
0.95294 0.83529 0.68627
0.95686 0.83922 0.6902
0.95294 0.83529 0.68627
0.94902 0.83137 0.6902
0.95294 0.83529 0.69412
0.93725 0.81961 0.67843
0.94902 0.83137 0.6902
0.95294 0.83529 0.69412
0.95686 0.83529 0.69412
0.95294 0.83529 0.6902
0.94118 0.82353 0.67843
0.94118 0.82353 0.67843
0.94902 0.83137 0.68627
0.95686 0.83922 0.6902
0.94902 0.83137 0.6902
0.94118 0.82353 0.68235
0.94118 0.82353 0.68235
0.94902 0.83137 0.6902
0.95294 0.83529 0.68627
0.9451 0.82745 0.68235
0.94118 0.82353 0.67843
0.9451 0.82745 0.68627
0.94118 0.82353 0.68235
0.95294 0.83529 0.69412
0.94118 0.82353 0.68235
0.93333 0.81569 0.67451
0.94902 0.83137 0.6902
0.95686 0.83922 0.6902
0.9451 0.82745 0.67843
0.95294 0.83529 0.69412
0.93333 0.81569 0.67451
0.94902 0.83137 0.6902
0.93333 0.81569 0.67451
0.94118 0.82353 0.67843
0.95294 0.84314 0.6902
0.9451 0.83529 0.68235
0.92549 0.81569 0.66667
0.94118 0.82353 0.68235
0.94118 0.82353 0.68235
0.92941 0.81176 0.67059
0.94118 0.82353 0.68235
0.9451 0.82745 0.68627
0.94902 0.83137 0.6902
0.95294 0.83529 0.69412
0.95294 0.83529 0.69412
0.96078 0.84314 0.69804
0.95294 0.83529 0.69412
0.94902 0.83137 0.68627
0.92941 0.81176 0.67059
0.91373 0.79608 0.6549
0.94902 0.83137 0.6902
0.94902 0.83137 0.6902
0.9451 0.83137 0.68627
0.9451 0.83529 0.68627
0.94902 0.83922 0.69412
0.9451 0.83529 0.68627
0.94118 0.82353 0.68235
0.9451 0.82745 0.68627
0.93725 0.81961 0.67843
0.94118 0.82353 0.68235
0.95294 0.83529 0.69412
0.95294 0.83529 0.69412
0.95294 0.83529 0.69804
0.95294 0.83529 0.69412
0.95294 0.83529 0.6902
0.95686 0.83922 0.6902
0.95294 0.83529 0.68627
0.95686 0.83922 0.6902
0.95294 0.83529 0.68235
0.95294 0.83529 0.68627
0.9451 0.82745 0.67843
0.94118 0.82353 0.68235
0.95294 0.83529 0.68627
0.94902 0.83137 0.68235
0.94118 0.83137 0.67843
0.93725 0.82745 0.67843
0.93725 0.82745 0.68235
0.9451 0.82745 0.68627
0.94902 0.83137 0.6902
0.94902 0.83137 0.6902
0.94118 0.82353 0.68235
0.9451 0.82745 0.68627
0.9451 0.82745 0.68627
0.95294 0.83529 0.69412
0.94902 0.83137 0.68627
0.95294 0.83529 0.68627
0.96078 0.84314 0.70196
0.95686 0.83922 0.69804
0.95294 0.83529 0.68627
0.95686 0.83922 0.6902
0.96078 0.84314 0.69412
0.95294 0.83529 0.68235
0.95294 0.83529 0.68627
0.95294 0.83529 0.68235
0.9451 0.82745 0.68235
0.9451 0.82745 0.68627
0.95686 0.83922 0.6902
0.95686 0.83922 0.6902
0.95294 0.83529 0.68627
0.93725 0.82353 0.67843
0.9451 0.82745 0.68627
0.94902 0.83529 0.6902
0.94902 0.83529 0.6902
0.93725 0.82745 0.68235
0.93333 0.81569 0.67451
0.9451 0.82745 0.68627
0.9451 0.82745 0.68627
0.94902 0.83137 0.6902
0.94902 0.83137 0.68627
0.95294 0.83529 0.68235
0.94118 0.83137 0.68627
0.94902 0.83529 0.6902
0.95294 0.83922 0.69412
0.95294 0.83529 0.6902
0.95686 0.83922 0.69412
0.95294 0.83529 0.68627
0.94902 0.83137 0.68627
0.95686 0.83922 0.69412
0.94902 0.83137 0.68235
0.93725 0.81961 0.67843
0.9451 0.82745 0.68627
0.94118 0.82353 0.67451
0.95294 0.83529 0.68627
0.94902 0.83529 0.68235
0.9451 0.82745 0.68235
0.9451 0.83137 0.68627
0.94118 0.83137 0.68627
0.94118 0.83137 0.68627
0.9451 0.83529 0.6902
0.94902 0.83137 0.6902
0.93725 0.82353 0.68235
0.94902 0.83137 0.6902
0.95294 0.83529 0.69412
0.9451 0.82745 0.68235
0.94902 0.83137 0.68235
0.95294 0.84314 0.69804
0.94902 0.84314 0.69804
0.94902 0.83922 0.69412
0.95294 0.83137 0.69412
0.95294 0.83922 0.69412
0.94902 0.84314 0.6902
0.95294 0.83529 0.68627
0.96078 0.84314 0.69412
0.96078 0.83922 0.69804
0.95686 0.84314 0.69804
0.94902 0.83529 0.6902
0.94902 0.83137 0.6902
0.9451 0.82745 0.68627
0.94902 0.83137 0.6902
0.9451 0.82745 0.68235
0.9451 0.83137 0.68235
0.9451 0.83529 0.68235
0.9451 0.83529 0.68235
0.88627 0.77647 0.62745
0.93725 0.82745 0.68235
0.94118 0.83137 0.68627
0.94902 0.83922 0.69412
0.9451 0.83529 0.6902
0.91765 0.80784 0.66275
0.93333 0.82353 0.67843
0.93725 0.82745 0.67843
0.94118 0.83137 0.67843
0.9451 0.83922 0.68235
0.95686 0.84706 0.70196
0.95294 0.84314 0.69804
0.94902 0.83922 0.69412
0.9451 0.83529 0.6902
0.94902 0.83922 0.69412
0.95294 0.83922 0.69804
0.95686 0.84314 0.69804
0.95294 0.83922 0.68627
0.95294 0.83529 0.68627
0.95686 0.83922 0.69412
0.96471 0.84314 0.70196
0.95686 0.84314 0.70196
0.95686 0.84706 0.70196
0.95294 0.83529 0.69412
0.92549 0.80784 0.66667
0.93333 0.81569 0.67451
0.95686 0.83922 0.69412
0.95294 0.83529 0.68627
0.95294 0.83922 0.68627
0.95686 0.84314 0.6902
0.90196 0.78824 0.63529
0.94118 0.82745 0.67843
0.9451 0.83137 0.68627
0.94902 0.83529 0.68627
0.95294 0.83922 0.69412
0.9451 0.83137 0.68235
0.94118 0.82745 0.67843
0.93725 0.82353 0.67451
0.94902 0.83529 0.68235
0.95294 0.83922 0.68627
0.95686 0.83922 0.6902
0.95294 0.84314 0.69804
0.9451 0.83529 0.6902
0.94902 0.83922 0.69412
0.95294 0.84314 0.69804
0.94902 0.83922 0.69412
0.94902 0.84314 0.69412
0.96078 0.84314 0.69804
0.96078 0.84314 0.69412
0.9451 0.82745 0.67843
0.94902 0.83137 0.68627
0.95294 0.83529 0.69412
0.94902 0.83529 0.69412
0.94902 0.83922 0.69412
0.9451 0.82745 0.68627
0.9451 0.82745 0.68627
0.9451 0.82745 0.68627
0.95686 0.83922 0.6902
0.95294 0.83529 0.68627
0.95294 0.83529 0.68627
0.96078 0.84314 0.69412
0.96471 0.84706 0.69804
0.95686 0.83922 0.6902
0.95294 0.83529 0.68627
0.94902 0.83137 0.68235
0.95686 0.83922 0.6902
0.92941 0.81176 0.66275
0.93333 0.81569 0.66667
0.94902 0.83137 0.68235
0.95294 0.83529 0.68627
0.95686 0.83922 0.6902
0.95294 0.83529 0.68627
0.9451 0.83137 0.69804
0.94902 0.83529 0.69804
0.94902 0.83922 0.69412
0.94902 0.83922 0.69412
0.9451 0.83529 0.6902
0.95294 0.83529 0.69412
0.95686 0.83922 0.69804
0.96078 0.83922 0.69804
0.95686 0.83922 0.69804
0.95686 0.83922 0.69804
0.95294 0.83529 0.69412
0.95294 0.83529 0.69412
0.94902 0.83529 0.6902
0.94902 0.83137 0.6902
0.9451 0.82745 0.68627
0.94118 0.82353 0.68235
0.95294 0.83529 0.69412
0.94902 0.83137 0.6902
0.95294 0.83529 0.69412
0.95294 0.83529 0.69412
0.95686 0.83922 0.69804
0.95686 0.83922 0.6902
0.94902 0.83137 0.68235
0.95294 0.83529 0.68627
0.95686 0.83922 0.6902
0.94118 0.82353 0.67451
0.92549 0.80784 0.65882
0.94902 0.83137 0.68235
0.94118 0.82353 0.67843
0.94902 0.83137 0.6902
0.9451 0.82745 0.68235
0.95294 0.83922 0.70588
0.95294 0.83922 0.70196
0.95294 0.84314 0.69804
0.94902 0.83922 0.69412
0.94902 0.83922 0.69412
0.95686 0.83922 0.69804
0.95294 0.83529 0.69412
0.94902 0.83137 0.6902
0.95686 0.83922 0.69804
0.95294 0.83529 0.69412
0.95294 0.83529 0.69412
0.95686 0.83922 0.69804
0.94902 0.83137 0.6902
0.9451 0.82745 0.68627
0.9451 0.82745 0.68627
0.95294 0.83529 0.69412
0.95294 0.83529 0.69412
0.9451 0.82745 0.68627
0.9451 0.82745 0.68627
0.94902 0.83137 0.6902
0.9451 0.82745 0.68627
0.94118 0.82353 0.67451
0.93725 0.81961 0.67059
0.94118 0.82353 0.67451
0.95686 0.83922 0.6902
0.94902 0.83137 0.68235
0.9451 0.82745 0.67843
0.93725 0.81961 0.67059
0.95686 0.83922 0.6902
0.96078 0.84314 0.70196
0.95294 0.83529 0.69412
0.93333 0.81569 0.67059
0.94902 0.83529 0.70196
0.94902 0.83922 0.70196
0.95294 0.84314 0.69804
0.94902 0.83922 0.69412
0.94902 0.83922 0.69412
0.96078 0.84314 0.70196
0.95686 0.83922 0.69804
0.96078 0.84314 0.70196
0.95686 0.83922 0.69804
0.95294 0.83529 0.69412
0.95294 0.83529 0.69412
0.95294 0.83529 0.69412
0.95294 0.83529 0.69412
0.95294 0.83529 0.69412
0.95686 0.83922 0.69804
0.95294 0.83529 0.69412
0.94902 0.83137 0.6902
0.94902 0.83137 0.6902
0.9451 0.82745 0.68627
0.94902 0.83137 0.6902
0.94902 0.83137 0.6902
0.94118 0.82353 0.67451
0.92549 0.80784 0.65882
0.93725 0.81961 0.67059
0.9451 0.82745 0.67843
0.94118 0.82353 0.67451
0.94902 0.83137 0.68235
0.92941 0.81176 0.66275
0.92549 0.80784 0.65882
0.92941 0.81176 0.66667
0.95294 0.83529 0.69412
0.94902 0.83137 0.6902
0.93725 0.81176 0.67059
0.94902 0.83137 0.69804
0.94902 0.83529 0.70196
0.95294 0.83529 0.69804
0.9451 0.82745 0.68627
0.94118 0.82745 0.68235
0.95686 0.84314 0.69804
0.94902 0.83922 0.69412
0.95294 0.83922 0.69804
0.95294 0.83922 0.69412
0.95686 0.83922 0.69804
0.96078 0.83529 0.69412
0.95686 0.83922 0.69412
0.96078 0.84314 0.69412
0.9451 0.82745 0.68235
0.94902 0.83137 0.68627
0.95686 0.83922 0.70196
0.9451 0.82745 0.68627
0.95686 0.83922 0.69804
0.95294 0.83529 0.69412
0.94902 0.83137 0.6902
0.9451 0.82745 0.68627
0.9451 0.82745 0.68627
0.93333 0.81569 0.67059
0.92157 0.80392 0.65882
0.94902 0.83137 0.68235
0.9451 0.82745 0.67843
0.95294 0.83529 0.68627
0.93725 0.81961 0.67451
0.91765 0.8 0.65882
0.92157 0.80392 0.66275
0.94902 0.83137 0.6902
0.95686 0.83922 0.69804
0.96471 0.83529 0.69804
0.95686 0.83922 0.70588
0.95294 0.83529 0.70196
0.95294 0.83529 0.69804
0.95294 0.83529 0.69412
0.94902 0.83529 0.68627
0.94902 0.83922 0.69412
0.94902 0.83922 0.69412
0.9451 0.83529 0.6902
0.9451 0.83529 0.6902
0.95686 0.83922 0.69804
0.96078 0.83137 0.69412
0.96078 0.83922 0.69412
0.95294 0.83529 0.68627
0.95294 0.83529 0.68235
0.9451 0.82745 0.67843
0.95686 0.83922 0.69412
0.95294 0.83529 0.6902
0.95686 0.83922 0.69804
0.96078 0.84314 0.69804
0.95294 0.83529 0.69412
0.9451 0.82745 0.68235
0.94902 0.83137 0.6902
0.94118 0.82353 0.68235
0.93725 0.81961 0.67843
0.92941 0.81176 0.66275
0.93725 0.81961 0.67059
0.9451 0.82745 0.67843
0.94118 0.82353 0.67843
0.95294 0.83529 0.69412
0.91765 0.8 0.65882
0.93725 0.81961 0.67843
0.96078 0.84314 0.69804
0.96078 0.83529 0.69412
0.95294 0.83529 0.70196
0.95686 0.83922 0.70588
0.96078 0.84314 0.7098
0.95686 0.83922 0.69804
0.95294 0.83529 0.68627
0.9451 0.83529 0.6902
0.95294 0.84314 0.69804
0.94902 0.83922 0.69412
0.9451 0.83529 0.6902
0.95294 0.83529 0.69412
0.96471 0.83529 0.69804
0.96078 0.83529 0.69412
0.95294 0.83529 0.68627
0.95294 0.83529 0.68627
0.94902 0.83137 0.68235
0.95686 0.83922 0.6902
0.95686 0.83922 0.6902
0.95294 0.83529 0.68627
0.9451 0.82745 0.68235
0.95686 0.83922 0.6902
0.94902 0.83137 0.68235
0.93333 0.81569 0.67451
0.9451 0.82745 0.68627
0.95294 0.83529 0.69412
0.91373 0.79608 0.64706
0.91765 0.8 0.65098
0.9451 0.82745 0.67843
0.93333 0.81569 0.67059
0.93725 0.81961 0.67843
0.94902 0.83137 0.6902
0.94902 0.83137 0.68627
0.95686 0.83922 0.6902
0.9451 0.82353 0.67451
0.95294 0.83529 0.70196
0.95686 0.83922 0.70196
0.95686 0.83922 0.70196
0.9451 0.82745 0.68627
0.9451 0.82745 0.68235
0.94902 0.83529 0.6902
0.95294 0.83922 0.69804
0.95686 0.84314 0.69804
0.95686 0.84314 0.69804
0.95686 0.83922 0.69412
0.96078 0.83922 0.69412
0.96078 0.84314 0.69412
0.95686 0.84314 0.69412
0.94902 0.83529 0.68627
0.94902 0.83529 0.68627
0.95686 0.83922 0.69412
0.96078 0.84314 0.69804
0.95686 0.83922 0.69412
0.95294 0.83529 0.68627
0.9451 0.82745 0.67843
0.94902 0.83137 0.68235
0.9451 0.82745 0.68235
0.94118 0.82353 0.67843
0.95294 0.83529 0.6902
0.9451 0.82745 0.68235
0.94118 0.82353 0.67843
0.93725 0.81961 0.67451
0.94902 0.83137 0.68627
0.94118 0.82353 0.67843
0.93725 0.81961 0.67059
0.92941 0.81176 0.66667
0.93725 0.81961 0.67059
0.94902 0.82745 0.67843
0.9451 0.82745 0.6902
0.95294 0.83529 0.69412
0.95294 0.83529 0.69412
0.95294 0.83529 0.69412
0.95294 0.83529 0.69412
0.9451 0.82745 0.68627
0.95294 0.83137 0.6902
0.95294 0.83529 0.69412
0.94902 0.83137 0.68235
0.95686 0.83922 0.6902
0.95686 0.83922 0.6902
0.95686 0.84706 0.69412
0.9451 0.83922 0.68627
0.93333 0.82353 0.67843
0.9451 0.83137 0.68627
0.94902 0.83137 0.6902
0.94902 0.83137 0.6902
0.95686 0.83922 0.69804
0.95294 0.83529 0.6902
0.95294 0.83529 0.68627
0.95294 0.83529 0.68627
0.95686 0.83922 0.6902
0.95294 0.83529 0.68627
0.94902 0.83137 0.68235
0.9451 0.82745 0.67843
0.95686 0.83922 0.6902
0.9451 0.82745 0.68627
0.93333 0.81569 0.67059
0.92941 0.81176 0.66275
0.93333 0.81569 0.66667
0.94902 0.83137 0.68235
0.94902 0.83137 0.68235
0.9451 0.82745 0.67843
0.93725 0.81961 0.67059
0.95686 0.83922 0.69804
0.95294 0.83529 0.69412
0.94902 0.83137 0.6902
0.92549 0.81176 0.66667
0.95294 0.83529 0.69412
0.96078 0.84314 0.70196
0.95686 0.83922 0.69804
0.94902 0.83137 0.6902
0.94902 0.83137 0.68627
0.96078 0.84314 0.6902
0.96078 0.84314 0.69412
0.95686 0.84314 0.6902
0.9451 0.83529 0.68235
0.9451 0.83529 0.6902
0.94902 0.83529 0.69412
0.95294 0.83529 0.69412
0.95294 0.83529 0.69412
0.94902 0.83137 0.6902
0.95294 0.83529 0.69412
0.95294 0.83529 0.69412
0.94118 0.82353 0.68235
0.94118 0.82353 0.67451
0.95294 0.83529 0.68627
0.95294 0.83529 0.68627
0.95294 0.83529 0.68627
0.94902 0.83137 0.68627
0.9451 0.82745 0.68627
0.94118 0.82353 0.67451
0.94118 0.82353 0.67451
0.95686 0.83922 0.6902
0.96078 0.84314 0.69412
0.95686 0.83922 0.6902
0.95294 0.83529 0.68627
0.92157 0.8 0.65098
0.95294 0.83922 0.69804
0.95686 0.83922 0.69804
0.96078 0.83922 0.69804
0.94902 0.82745 0.68627
0.94902 0.82745 0.6902
0.96078 0.83922 0.69804
0.95686 0.83922 0.69804
0.95294 0.83529 0.6902
0.94902 0.83529 0.68627
0.94902 0.83529 0.68627
0.96078 0.84706 0.69412
0.95686 0.84314 0.69412
0.95294 0.83922 0.6902
0.95294 0.84314 0.69804
0.95294 0.83922 0.69804
0.95686 0.83922 0.69804
0.95294 0.83529 0.69412
0.9451 0.82745 0.68627
0.94902 0.83137 0.6902
0.95686 0.83922 0.69804
0.94902 0.83137 0.68627
0.94118 0.82353 0.67843
0.95294 0.83529 0.68627
0.95294 0.83529 0.6902
0.94902 0.83137 0.68235
0.95294 0.83529 0.68627
0.93333 0.81569 0.67059
0.94902 0.83137 0.68627
0.95686 0.83922 0.6902
0.95686 0.83922 0.6902
0.94902 0.83137 0.68235
0.9451 0.82745 0.67843
0.94902 0.83137 0.68235
0.93725 0.81961 0.67059
0.95686 0.83922 0.69804
0.96471 0.83529 0.69804
0.96078 0.83137 0.69412
0.96078 0.83529 0.69412
0.95686 0.83922 0.6902
0.95294 0.83529 0.68627
0.95686 0.83922 0.6902
0.95294 0.84314 0.6902
0.94902 0.83922 0.68627
0.95686 0.84706 0.6902
0.95686 0.84314 0.69804
0.94902 0.83137 0.6902
0.9451 0.82745 0.68627
0.94902 0.83137 0.6902
0.95294 0.83529 0.69412
0.95294 0.83529 0.69412
0.95294 0.83529 0.69412
0.95294 0.83529 0.69412
0.95686 0.83922 0.69804
0.95686 0.83922 0.69804
0.9451 0.82745 0.68627
0.94118 0.82353 0.68235
0.94118 0.82353 0.68235
0.93333 0.81569 0.66667
0.95294 0.83529 0.68627
0.94902 0.83137 0.68235
0.93725 0.81961 0.67059
0.93333 0.81569 0.66667
0.92941 0.81176 0.66275
0.92941 0.81176 0.66275
0.93725 0.81961 0.67059
0.92941 0.81176 0.66275
0.92941 0.80784 0.65882
0.96078 0.83137 0.69412
0.96471 0.83529 0.69804
0.96078 0.83529 0.69804
0.95686 0.83922 0.69804
0.95686 0.83922 0.69804
0.95686 0.83529 0.69412
0.95294 0.84314 0.69804
0.95294 0.84314 0.69804
0.95294 0.84314 0.69412
0.96471 0.85098 0.70588
0.95294 0.83529 0.69412
0.94902 0.83137 0.6902
0.9451 0.82745 0.68627
0.95294 0.83529 0.69412
0.95686 0.83922 0.69804
0.95294 0.83529 0.69412
0.94902 0.83137 0.6902
0.95686 0.83922 0.69804
0.95686 0.83922 0.69804
0.95294 0.83529 0.69412
0.95294 0.83529 0.69412
0.9451 0.82745 0.68627
0.94902 0.83137 0.68235
0.95686 0.83922 0.6902
0.95686 0.83922 0.68627
0.94902 0.83137 0.68235
0.95294 0.83529 0.68627
0.94118 0.82353 0.67451
0.90588 0.78824 0.63922
0.93333 0.81569 0.66667
0.96078 0.83529 0.69804
0.96078 0.83529 0.69804
0.95294 0.83922 0.69804
0.95686 0.83922 0.69804
0.95686 0.83922 0.69804
0.95294 0.83922 0.69804
0.95294 0.84314 0.69804
0.95294 0.84314 0.69804
0.95294 0.83922 0.69804
0.94902 0.83137 0.6902
0.95294 0.83529 0.69412
0.9451 0.82745 0.68627
0.95686 0.83922 0.69804
0.96078 0.84314 0.70196
0.94902 0.83137 0.6902
0.9451 0.82745 0.68627
0.94902 0.83137 0.6902
0.94902 0.83137 0.6902
0.95294 0.83529 0.69412
0.95294 0.83529 0.69412
0.94902 0.83137 0.6902
0.95294 0.83529 0.6902
0.94902 0.83137 0.68627
0.95294 0.83529 0.68627
0.95294 0.83529 0.68627
0.94902 0.83137 0.68235
0.9451 0.82745 0.67843
0.94902 0.83137 0.68235
0.94902 0.83137 0.68235
0.95294 0.84314 0.69804
0.94902 0.83529 0.69412
0.94118 0.83137 0.68627
0.95686 0.83922 0.69804
0.95686 0.83922 0.69804
0.95686 0.83922 0.69804
0.95294 0.83529 0.69412
0.95294 0.83529 0.69412
0.95294 0.83529 0.68627
0.95294 0.83529 0.68627
0.95686 0.83922 0.6902
0.95686 0.83922 0.68627
0.94118 0.82353 0.67843
0.9451 0.82745 0.68627
0.94902 0.83137 0.6902
0.95686 0.83922 0.69804
0.95686 0.83922 0.6902
0.94902 0.83137 0.68235
0.95294 0.83529 0.68627
0.94902 0.83137 0.68627
0.95686 0.83922 0.69804
0.96471 0.84706 0.70588
0.95686 0.83922 0.69412
0.95294 0.83529 0.68627
0.93725 0.81961 0.67059
0.92157 0.80392 0.6549
0.96078 0.84314 0.70196
0.96078 0.84314 0.70196
0.95294 0.83529 0.69412
0.96078 0.84314 0.70196
0.96471 0.84706 0.70588
0.96078 0.84314 0.70196
0.96078 0.84314 0.70196
0.95294 0.83529 0.69412
0.94902 0.83137 0.68235
0.95294 0.83529 0.68627
0.95686 0.83922 0.6902
0.95686 0.83922 0.68627
0.94118 0.82353 0.67451
0.94902 0.83137 0.6902
0.95294 0.83529 0.69412
0.95294 0.83529 0.69412
0.95294 0.83529 0.69412
0.95294 0.83529 0.6902
0.95686 0.83922 0.69412
0.92941 0.81176 0.67059
0.93725 0.81961 0.67843
0.9451 0.82745 0.6902
0.9451 0.82745 0.68235
0.94902 0.83137 0.67843
0.95294 0.83529 0.68627
0.95294 0.83922 0.69412
0.95294 0.83922 0.69412
0.96078 0.84314 0.70196
0.96078 0.83922 0.70196
0.95686 0.83922 0.69804
0.95686 0.83922 0.69804
0.95294 0.83529 0.69412
0.94902 0.83137 0.68235
0.95294 0.83529 0.68627
0.96078 0.84314 0.69412
0.95294 0.83529 0.68627
0.94902 0.83137 0.68627
0.95686 0.83922 0.69804
0.94902 0.83137 0.6902
0.94118 0.82353 0.68235
0.95294 0.83529 0.69412
0.95294 0.83529 0.69412
0.9451 0.82745 0.68627
0.95294 0.83529 0.69412
0.94118 0.82353 0.67843
0.92549 0.80784 0.67059
0.9451 0.82745 0.68235
0.94902 0.83137 0.68235
0.9451 0.83529 0.6902
0.95294 0.83922 0.69412
0.94902 0.83922 0.69412
0.95294 0.84314 0.69804
0.96078 0.84314 0.70196
0.95294 0.83529 0.69412
0.95686 0.83922 0.69804
0.94902 0.83137 0.6902
0.95294 0.83529 0.6902
0.9451 0.82745 0.67843
0.94902 0.83137 0.68235
0.95686 0.83922 0.69412
0.95294 0.83529 0.69412
0.95294 0.83529 0.69412
0.94118 0.82353 0.68235
0.94902 0.83137 0.6902
0.9451 0.82745 0.68627
0.94118 0.82353 0.68235
0.95294 0.83137 0.68235
0.95686 0.83529 0.68627
0.9451 0.82745 0.67843
0.94118 0.82353 0.67451
0.93333 0.81569 0.66667
0.95686 0.83922 0.70196
0.95294 0.83922 0.69412
0.95294 0.84314 0.69804
0.95686 0.83922 0.69804
0.95294 0.83529 0.69412
0.95686 0.83922 0.69804
0.9451 0.82745 0.6902
0.94902 0.83137 0.68627
0.94118 0.82353 0.67843
0.9451 0.82745 0.68235
0.95294 0.83529 0.6902
0.95294 0.83529 0.6902
0.95294 0.83529 0.6902
0.95686 0.83922 0.69804
0.94902 0.83137 0.68627
0.94902 0.83137 0.68627
0.94902 0.83137 0.6902
0.9451 0.81961 0.67451
0.94902 0.82745 0.67451
0.95686 0.83922 0.6902
0.9451 0.83529 0.6902
0.94902 0.83922 0.69412
0.96078 0.84314 0.70196
0.96471 0.84706 0.70588
0.95686 0.83922 0.69804
0.95686 0.83922 0.69804
0.95686 0.83922 0.69804
0.94902 0.83137 0.6902
0.95294 0.83529 0.69804
0.96078 0.84314 0.70196
0.95294 0.83529 0.68627
0.95294 0.83529 0.68627
0.95686 0.83922 0.6902
0.94902 0.83137 0.68235
0.95294 0.83529 0.68627
0.95686 0.83922 0.6902
0.96078 0.83529 0.68627
0.94902 0.82745 0.67843
0.95294 0.83922 0.69804
0.94902 0.83529 0.69412
0.95294 0.83529 0.69412
0.95686 0.83922 0.69412
0.95686 0.83922 0.69412
0.95294 0.83529 0.6902
0.95686 0.83922 0.69412
0.95294 0.83529 0.69412
0.95686 0.83922 0.69804
0.95686 0.83922 0.69804
0.95686 0.83922 0.69412
0.94902 0.83137 0.6902
0.95686 0.83922 0.69412
0.95294 0.83529 0.68627
0.9451 0.82745 0.67843
0.94902 0.83137 0.68235
0.95686 0.83529 0.68627
0.95294 0.83529 0.69412
0.96078 0.84314 0.70196
0.95294 0.83529 0.69412
0.95294 0.83529 0.6902
0.95686 0.83922 0.6902
0.96078 0.84314 0.69412
0.96078 0.84314 0.69412
0.95294 0.83529 0.69412
0.95294 0.83529 0.69804
0.95686 0.83922 0.70196
0.96078 0.84314 0.70196
0.9451 0.82745 0.68627
0.94118 0.82353 0.68235
0.9451 0.82745 0.67843
0.94902 0.83137 0.68235
0.95294 0.83529 0.68627
0.95294 0.83529 0.69412
0.95686 0.83922 0.69804
0.96078 0.84314 0.70196
0.96078 0.84314 0.69804
0.95294 0.83529 0.68627
0.95294 0.83529 0.68627
0.95686 0.84314 0.6902
0.94902 0.83137 0.68235
0.9451 0.82745 0.6902
0.95294 0.83529 0.70196
0.95686 0.83922 0.69804
0.94902 0.83137 0.6902
0.9451 0.82745 0.68627
0.94118 0.82353 0.67451
0.95294 0.83529 0.68627
0.95294 0.83529 0.69412
0.95294 0.83529 0.69412
0.95294 0.83137 0.6902
0.96078 0.83529 0.69412
0.96078 0.83529 0.69412
0.95686 0.83922 0.6902
0.94902 0.83137 0.68235
0.94902 0.83137 0.6902
0.95294 0.83529 0.69804
0.95294 0.83529 0.69412
0.94902 0.83137 0.6902
0.94902 0.83137 0.6902
0.9451 0.82745 0.67843
0.96078 0.84314 0.70196
0.95686 0.83922 0.69804
0.9451 0.81961 0.68235
0.95686 0.82745 0.6902
0.96078 0.83137 0.69412
0.95686 0.83137 0.6902
0.9451 0.82745 0.67843
0.95294 0.83529 0.68627
