0.57255 0.65882 0.73725
0.58039 0.6549 0.73725
0.57647 0.65882 0.74118
0.57647 0.65882 0.74118
0.57647 0.65098 0.73333
0.57647 0.65882 0.74118
0.57255 0.6549 0.73725
0.57647 0.65098 0.73333
0.57255 0.6549 0.73725
0.56863 0.6549 0.73725
0.57255 0.6549 0.73725
0.57647 0.65882 0.73725
0.57255 0.6549 0.73725
0.56863 0.65098 0.73333
0.57255 0.65098 0.73333
0.57647 0.65882 0.74118
0.57255 0.65882 0.74118
0.57255 0.6549 0.73725
0.58039 0.6549 0.73333
0.58039 0.65882 0.73725
0.57647 0.65882 0.74118
0.57255 0.6549 0.73725
