0.46667 0.58039 0.74118
0.47843 0.58824 0.7451
0.47059 0.58039 0.73725
0.47451 0.58431 0.74118
0.47843 0.58824 0.7451
0.47843 0.58824 0.7451
0.4902 0.59216 0.74902
0.49412 0.59216 0.74902
0.46667 0.57647 0.7451
0.47059 0.58431 0.75294
0.48235 0.59608 0.76078
0.47451 0.58431 0.7451
0.47059 0.58431 0.74118
0.47059 0.58431 0.7451
0.47451 0.58431 0.74902
0.47843 0.58431 0.74902
0.47451 0.58431 0.74902
0.47843 0.58039 0.74902
0.48235 0.58039 0.74902
0.4902 0.58824 0.74902
0.4902 0.58824 0.7451
0.49412 0.59216 0.74902
0.46275 0.57255 0.74118
0.47059 0.57647 0.7451
0.47059 0.58039 0.7451
0.47059 0.58431 0.74902
0.47843 0.59216 0.75686
0.47059 0.58431 0.74118
0.46667 0.58039 0.74118
0.47059 0.58431 0.74902
0.47451 0.58431 0.75294
0.47843 0.58431 0.75294
0.47451 0.58431 0.74902
0.47843 0.58039 0.74902
0.48627 0.58039 0.75294
0.4902 0.58824 0.74902
0.4902 0.58824 0.7451
0.4902 0.58824 0.7451
0.45882 0.57647 0.74902
0.46667 0.57647 0.7451
0.47059 0.57647 0.7451
0.47059 0.58431 0.74902
0.46667 0.58039 0.7451
0.46275 0.57647 0.74118
0.46667 0.58039 0.74118
0.47059 0.58431 0.7451
0.47059 0.58431 0.75294
0.47451 0.58431 0.74902
0.47451 0.58431 0.74118
0.47451 0.58431 0.74118
0.47843 0.58431 0.74902
0.48235 0.58824 0.75294
0.48235 0.58824 0.7451
0.48627 0.59216 0.7451
0.4902 0.58824 0.7451
0.4549 0.57255 0.74118
0.46275 0.57647 0.74118
0.46275 0.57255 0.74118
0.46667 0.58039 0.7451
0.47059 0.58431 0.74902
0.47451 0.58824 0.75294
0.47843 0.59216 0.74902
0.47451 0.58824 0.7451
0.47451 0.58824 0.74902
0.47059 0.58431 0.74118
0.47059 0.58039 0.73725
0.47843 0.58824 0.7451
0.48235 0.58824 0.74902
0.47843 0.58824 0.74902
0.47843 0.58824 0.7451
0.48627 0.59608 0.74902
0.4902 0.59216 0.74902
0.45882 0.57255 0.73725
0.46275 0.57647 0.74118
0.46667 0.58039 0.7451
0.46667 0.58039 0.7451
0.46275 0.57647 0.74118
0.47059 0.58431 0.74902
0.48235 0.59608 0.76078
0.48235 0.59216 0.74902
0.47451 0.58431 0.74118
0.47451 0.58431 0.74118
0.48235 0.59216 0.74902
0.47451 0.58431 0.74118
0.48627 0.59608 0.75294
0.48235 0.59216 0.74902
0.48235 0.59216 0.74902
0.48235 0.59216 0.7451
0.48235 0.59216 0.74118
0.48627 0.59608 0.74902
0.46275 0.57647 0.7451
0.46667 0.58039 0.7451
0.46667 0.58039 0.7451
0.46667 0.58039 0.7451
0.47059 0.58431 0.74902
0.46667 0.58039 0.7451
0.47059 0.58431 0.74902
0.47451 0.58824 0.7451
0.47451 0.58431 0.74118
0.47843 0.58824 0.7451
0.48627 0.59608 0.75294
0.47451 0.58431 0.74118
0.47843 0.58824 0.7451
0.48235 0.59608 0.75294
0.47451 0.58824 0.7451
0.47843 0.59608 0.7451
0.48235 0.59608 0.74902
0.4902 0.6 0.75686
0.46275 0.57647 0.74118
0.45882 0.57255 0.73725
0.46275 0.57647 0.74118
0.46275 0.57647 0.74118
0.47059 0.58431 0.74902
0.46667 0.58039 0.7451
0.46667 0.57647 0.7451
0.47451 0.58431 0.7451
0.47451 0.58431 0.74118
0.48235 0.59216 0.74902
0.48235 0.59216 0.74902
0.48235 0.59216 0.74902
0.47843 0.58824 0.7451
0.47843 0.58824 0.7451
0.47843 0.59216 0.74902
0.48235 0.6 0.74902
0.47843 0.59216 0.74118
0.48235 0.59608 0.7451
0.45882 0.57255 0.73725
0.46667 0.58039 0.7451
0.46667 0.58039 0.7451
0.46667 0.58039 0.7451
0.46275 0.57647 0.74118
0.47059 0.58039 0.74902
0.47451 0.58039 0.74902
0.47451 0.58431 0.7451
0.47843 0.58824 0.7451
0.48235 0.59216 0.74902
0.47843 0.58824 0.7451
0.48627 0.59608 0.75294
0.48235 0.59216 0.74902
0.47843 0.58824 0.74118
0.48235 0.59216 0.7451
0.4902 0.59608 0.7451
0.48235 0.59216 0.73725
0.46275 0.57647 0.74118
0.47059 0.58431 0.74902
0.46667 0.58039 0.7451
0.46667 0.58039 0.7451
0.46667 0.58039 0.7451
0.47059 0.58039 0.7451
0.47451 0.58039 0.74902
0.47451 0.58431 0.7451
0.47059 0.58039 0.73725
0.47843 0.58824 0.7451
0.47451 0.58431 0.74118
0.47451 0.58431 0.74118
0.48627 0.59608 0.75294
0.48235 0.59216 0.74902
0.48235 0.59216 0.7451
0.49412 0.60392 0.74902
0.48627 0.59608 0.74118
0.46667 0.58039 0.7451
0.46667 0.58039 0.7451
0.46667 0.58039 0.7451
0.46275 0.57647 0.74118
0.46275 0.57647 0.74118
0.47451 0.58431 0.74902
0.47843 0.58431 0.75294
0.47451 0.58431 0.7451
0.47059 0.58039 0.73725
0.48235 0.59216 0.74902
0.48235 0.59216 0.74902
0.48235 0.59216 0.74902
0.48235 0.59216 0.74902
0.48235 0.59216 0.74902
0.48235 0.59216 0.74902
0.49412 0.60392 0.74902
0.45098 0.57647 0.73725
0.45882 0.58431 0.7451
0.46275 0.58039 0.74118
0.46275 0.57647 0.74118
0.46275 0.57647 0.74118
0.46275 0.57647 0.74118
0.46667 0.58039 0.7451
0.47059 0.58431 0.74902
0.47059 0.58431 0.74902
0.47059 0.58431 0.74902
0.47843 0.59216 0.75686
0.47843 0.59216 0.75686
0.48627 0.59608 0.75686
0.48235 0.59216 0.74902
0.47843 0.58824 0.74118
0.48235 0.59216 0.7451
0.48627 0.59608 0.74902
0.48627 0.59608 0.7451
0.48627 0.59608 0.74118
0.47059 0.58431 0.74902
0.46275 0.57647 0.74118
0.46667 0.58039 0.7451
0.47059 0.58431 0.74902
0.46667 0.58039 0.7451
0.46667 0.58039 0.7451
0.46667 0.58039 0.7451
0.47059 0.58431 0.74902
0.47451 0.58824 0.75294
0.48235 0.59608 0.76078
0.47451 0.58824 0.74902
0.47843 0.58431 0.74118
0.48627 0.59608 0.74902
0.48235 0.59216 0.7451
0.48627 0.59608 0.74902
0.48235 0.59216 0.74118
0.48627 0.59608 0.74118
0.48627 0.59608 0.74118
0.46667 0.58039 0.74118
0.46275 0.57647 0.74118
0.47059 0.58431 0.74902
0.47059 0.58431 0.74902
0.46667 0.58039 0.7451
0.47451 0.58824 0.75294
0.47451 0.58824 0.75294
0.47059 0.58431 0.74902
0.47059 0.58431 0.74902
0.47059 0.58039 0.74118
0.47451 0.58431 0.74118
0.48627 0.59608 0.74902
0.48627 0.59608 0.74902
0.48627 0.59608 0.74902
0.48627 0.59608 0.74118
0.48627 0.59608 0.74118
0.48627 0.59608 0.74118
0.46275 0.57647 0.74118
0.45882 0.57255 0.73725
0.46667 0.58039 0.7451
0.47059 0.58431 0.74902
0.47451 0.58824 0.75294
0.48235 0.59608 0.75686
0.47451 0.58824 0.74902
0.47059 0.58431 0.7451
0.47059 0.58824 0.7451
0.47451 0.58824 0.7451
0.47843 0.59216 0.7451
0.49412 0.6 0.75294
0.49412 0.59608 0.7451
0.46667 0.58039 0.7451
0.46667 0.58039 0.7451
0.47059 0.58431 0.74902
0.47059 0.58431 0.74902
0.47843 0.59216 0.75294
0.47843 0.59216 0.74902
0.47451 0.58824 0.7451
0.48235 0.60392 0.75686
0.47843 0.59608 0.74902
0.47843 0.59216 0.74902
0.48627 0.59216 0.74902
0.49804 0.59608 0.7451
0.46667 0.58039 0.7451
0.46667 0.58039 0.7451
0.46275 0.57647 0.74118
0.47059 0.58431 0.74902
0.47451 0.58824 0.7451
0.47451 0.58824 0.7451
0.47451 0.58824 0.7451
0.47843 0.6 0.75686
0.47843 0.59608 0.75294
0.47059 0.58431 0.74118
0.48627 0.59216 0.74902
0.49804 0.59608 0.75294
0.49412 0.59216 0.74902
0.49412 0.59608 0.74902
0.47059 0.58431 0.74902
0.47451 0.58824 0.75686
0.47451 0.58824 0.75294
0.47059 0.58431 0.7451
0.47059 0.58431 0.74118
0.47059 0.58824 0.7451
0.47059 0.59608 0.74902
0.46275 0.58824 0.74118
0.47451 0.58824 0.7451
0.48235 0.59608 0.74902
0.48627 0.59216 0.74902
0.49412 0.59216 0.74902
0.48235 0.58824 0.74118
0.49412 0.59608 0.75294
0.47059 0.58431 0.74902
0.47451 0.58824 0.75686
0.47451 0.58824 0.75294
0.47451 0.58824 0.7451
0.47843 0.58824 0.7451
0.47059 0.58824 0.7451
0.47059 0.59608 0.74902
0.46667 0.58824 0.74118
0.47843 0.59216 0.74902
0.48627 0.59608 0.74902
0.48627 0.59216 0.7451
0.49412 0.58824 0.7451
0.48627 0.59216 0.7451
0.47451 0.58824 0.74902
0.47451 0.58824 0.7451
0.47843 0.59216 0.74902
0.47843 0.58824 0.7451
0.47451 0.58431 0.74118
0.47843 0.58824 0.7451
0.48627 0.58824 0.7451
0.4902 0.58824 0.7451
0.4902 0.58824 0.7451
0.47059 0.58431 0.74902
0.47059 0.58431 0.7451
0.47451 0.58824 0.7451
0.48235 0.59216 0.74902
0.4902 0.58824 0.74902
0.48627 0.58824 0.74902
0.49412 0.59608 0.75686
0.49804 0.59216 0.74902
0.49412 0.59216 0.74902
0.46667 0.58431 0.7451
0.47451 0.58824 0.74902
0.47451 0.58824 0.7451
0.48235 0.59216 0.74902
0.48627 0.59216 0.74902
0.48627 0.58431 0.7451
0.49412 0.59216 0.75294
0.49804 0.59608 0.75686
0.47451 0.58824 0.74902
0.48627 0.59216 0.75294
0.4902 0.58824 0.74902
0.48627 0.58824 0.74902
0.48627 0.58431 0.7451
