0.062745 0.26667 0.4549
0.054902 0.27059 0.45098
0.05098 0.26275 0.44706
0.054902 0.26667 0.45098
0.054902 0.26667 0.45098
0.062745 0.27451 0.4549
0.058824 0.27451 0.4549
0.054902 0.26667 0.44706
0.054902 0.26667 0.45098
0.05098 0.26667 0.45098
0.062745 0.27451 0.4549
0.07451 0.28627 0.46667
0.062745 0.27451 0.4549
0.058824 0.27059 0.45098
0.058824 0.27059 0.45098
0.047059 0.27059 0.44706
0.062745 0.27451 0.45882
0.07451 0.28627 0.47059
0.062745 0.27843 0.46275
0.062745 0.27843 0.46275
0.058824 0.27843 0.45882
0.054902 0.27451 0.45882
0.07451 0.28235 0.47059
0.082353 0.29412 0.47843
0.058824 0.27843 0.46275
0.062745 0.28235 0.46667
0.058824 0.27843 0.46275
0.05098 0.28235 0.46667
0.054902 0.28235 0.47059
0.062745 0.28235 0.46667
0.070588 0.2902 0.47451
0.058824 0.27843 0.47059
0.058824 0.28627 0.47451
0.062745 0.28235 0.46667
0.058824 0.27843 0.47059
0.058824 0.27451 0.46667
