0.56078 0.54902 0.54902
0.57255 0.54902 0.55294
0.56078 0.53725 0.54118
0.55686 0.52941 0.53725
0.55294 0.53725 0.53725
0.55686 0.53725 0.5451
0.56471 0.54902 0.5451
0.56471 0.54118 0.54118
0.56471 0.54118 0.54118
0.55686 0.53333 0.53333
0.55686 0.53333 0.54118
0.55294 0.52941 0.54118
0.56471 0.5451 0.54118
0.56863 0.5451 0.5451
0.55686 0.53333 0.53333
0.55686 0.52941 0.53333
0.55294 0.52549 0.53333
0.54902 0.52549 0.53333
0.56471 0.54118 0.54118
0.56078 0.53725 0.53725
0.55686 0.53333 0.53333
0.55294 0.52941 0.53333
0.54902 0.52157 0.53333
0.56471 0.53725 0.53725
0.55686 0.53725 0.53725
0.56078 0.53725 0.53725
0.55294 0.52941 0.52941
0.54902 0.52549 0.52549
0.5451 0.52549 0.53333
0.55686 0.53333 0.52941
0.56078 0.53725 0.53725
0.55294 0.52941 0.52941
0.5451 0.52549 0.52549
0.53725 0.52157 0.52549
0.56078 0.53725 0.53725
0.55686 0.53333 0.53333
0.54902 0.52549 0.52941
0.54118 0.52549 0.52941
0.5451 0.52157 0.52549
