0.79608 0.7451 0.68235
0.78824 0.73725 0.67451
0.79216 0.7451 0.68235
0.8 0.75294 0.6902
0.80784 0.75686 0.69412
0.81176 0.76471 0.70196
0.81569 0.76863 0.70588
0.82353 0.77647 0.71373
0.82745 0.78039 0.71373
0.83137 0.78824 0.71765
0.83137 0.78824 0.71765
0.83529 0.79216 0.72157
0.83922 0.79216 0.72549
0.83922 0.79216 0.72941
0.83922 0.79608 0.72549
0.88235 0.83922 0.77647
0.87843 0.83529 0.77255
0.87843 0.83529 0.77647
0.88235 0.83922 0.77255
0.88235 0.83922 0.77255
0.88235 0.84314 0.77647
0.87843 0.83529 0.77255
0.87843 0.83922 0.77647
0.88627 0.84314 0.77647
0.8902 0.84314 0.77647
0.8902 0.84706 0.77647
0.8902 0.84706 0.78039
0.89412 0.85098 0.78824
0.89412 0.84706 0.78431
0.86667 0.83137 0.77255
0.86667 0.83137 0.77255
0.87451 0.83922 0.78039
0.87451 0.83922 0.77255
0.87059 0.83922 0.76471
0.87059 0.83529 0.76863
0.87451 0.83922 0.77255
0.87451 0.83922 0.77255
0.87843 0.83922 0.77647
0.88627 0.83922 0.77647
0.88627 0.83922 0.77647
0.88627 0.84314 0.78039
0.88235 0.84706 0.78039
0.88627 0.83922 0.77647
0.8902 0.84314 0.78039
0.86667 0.83137 0.77255
0.86667 0.83137 0.77255
0.86667 0.83137 0.77255
0.87059 0.83529 0.77255
0.87451 0.83922 0.76863
0.87059 0.83922 0.76863
0.87059 0.84314 0.77255
0.87451 0.84706 0.77647
0.88235 0.84314 0.77647
0.8902 0.84314 0.78039
0.8902 0.84314 0.78039
0.88627 0.84706 0.78039
0.88627 0.85098 0.78431
0.89412 0.84314 0.78431
0.8902 0.84706 0.78039
0.86667 0.83137 0.77255
0.87059 0.83529 0.77255
0.86667 0.83137 0.77255
0.87059 0.83529 0.77255
0.87451 0.83922 0.76863
0.87059 0.84314 0.77255
0.87451 0.84706 0.77647
0.87451 0.84706 0.77647
0.87843 0.84314 0.77647
0.88235 0.83922 0.77647
0.88627 0.84314 0.78039
0.88627 0.84706 0.78431
0.88235 0.84706 0.78039
0.8902 0.84706 0.78431
0.8902 0.84706 0.78039
0.86667 0.83137 0.76863
0.87059 0.83529 0.76863
0.86667 0.83137 0.77255
0.87059 0.83529 0.77255
0.87843 0.84314 0.77255
0.87451 0.83922 0.77255
0.87843 0.84314 0.77647
0.87843 0.84314 0.77647
0.88235 0.84706 0.77647
0.87843 0.84706 0.77647
0.87843 0.84314 0.78039
0.88235 0.84706 0.78431
0.88627 0.85098 0.78431
0.88627 0.85098 0.78431
0.88627 0.85098 0.78431
0.87451 0.83922 0.77647
0.87451 0.83529 0.78039
0.87451 0.83922 0.78039
0.87059 0.83529 0.77647
0.87451 0.83922 0.76863
0.87451 0.83922 0.77255
0.87843 0.84314 0.77647
0.87843 0.84314 0.77647
0.88235 0.85098 0.77647
0.88235 0.84706 0.77647
0.87843 0.84314 0.78039
0.87843 0.84314 0.78039
0.88235 0.84706 0.78039
0.88235 0.84706 0.78039
0.88235 0.84706 0.78039
0.87451 0.83529 0.77647
0.87451 0.83922 0.78824
0.87843 0.83922 0.78431
0.87451 0.83922 0.77647
0.87451 0.83922 0.77255
0.87451 0.83922 0.77255
0.87843 0.84314 0.77647
0.87843 0.84314 0.77647
0.87843 0.84706 0.77647
0.88235 0.84706 0.78039
0.87843 0.84314 0.78431
0.88235 0.84706 0.78431
0.88235 0.84706 0.78039
0.88235 0.84706 0.78039
0.8902 0.8549 0.78431
0.87451 0.83922 0.77647
0.87843 0.84314 0.78431
0.87843 0.84314 0.78039
0.87843 0.84314 0.77647
0.87843 0.84314 0.77647
0.87843 0.84314 0.77647
0.88235 0.84706 0.78039
0.88235 0.84706 0.78039
0.88235 0.84706 0.78039
0.88627 0.85098 0.78431
0.88235 0.84706 0.78039
0.88235 0.84706 0.78039
0.88627 0.85098 0.78431
0.88627 0.85098 0.78431
0.8902 0.8549 0.78431
0.87843 0.84314 0.78039
0.87451 0.83922 0.78039
0.87843 0.84314 0.77647
0.88235 0.84706 0.78039
0.88235 0.84706 0.78039
0.88235 0.84706 0.78039
0.88235 0.84706 0.78039
0.88235 0.84706 0.78039
0.88627 0.85098 0.78431
0.88627 0.85098 0.78431
0.88627 0.85098 0.78431
0.88627 0.85098 0.78431
0.8902 0.8549 0.78824
0.89412 0.85882 0.79216
0.88627 0.85098 0.78431
0.88235 0.84706 0.78431
0.87843 0.84314 0.78431
0.87843 0.84314 0.77647
0.88235 0.84706 0.78039
0.88235 0.84706 0.78039
0.88627 0.85098 0.78431
0.88235 0.84706 0.78039
0.88627 0.85098 0.78431
0.88627 0.85098 0.78431
0.8902 0.8549 0.78824
0.8902 0.8549 0.78824
0.88627 0.85098 0.78431
0.8902 0.8549 0.78824
0.8902 0.8549 0.78824
0.8902 0.8549 0.78431
0.88235 0.84706 0.78039
0.87843 0.84314 0.78039
0.88235 0.84706 0.78039
0.88235 0.84706 0.78039
0.87843 0.84314 0.77647
0.88627 0.85098 0.78431
0.88627 0.85098 0.78431
0.88627 0.85098 0.78431
0.88627 0.85098 0.78431
0.8902 0.8549 0.78824
0.8902 0.8549 0.78824
0.88627 0.85098 0.78431
0.8902 0.8549 0.78824
0.89412 0.85882 0.79216
0.88235 0.84706 0.78039
0.88235 0.84706 0.78039
0.88235 0.84706 0.78039
0.88235 0.84706 0.78039
0.88627 0.85098 0.78431
0.88627 0.85098 0.78431
0.88627 0.85098 0.78431
0.88627 0.85098 0.78431
0.8902 0.8549 0.78824
0.8902 0.8549 0.78824
0.89412 0.85882 0.79216
0.89412 0.85882 0.79216
0.89412 0.85882 0.79216
0.8902 0.8549 0.78824
0.88627 0.85098 0.78431
0.88235 0.84706 0.78039
0.88235 0.84706 0.78039
0.88235 0.84706 0.78039
0.88627 0.85098 0.78431
0.88627 0.85098 0.78431
0.88627 0.85098 0.78431
0.8902 0.8549 0.78824
0.8902 0.8549 0.78824
0.8902 0.8549 0.78824
0.89412 0.85882 0.79216
0.89412 0.8549 0.79216
0.8902 0.8549 0.78824
0.88235 0.84706 0.78039
0.87843 0.84314 0.77647
0.88235 0.84706 0.78431
0.88235 0.84706 0.78039
0.88235 0.84706 0.78431
0.8902 0.84706 0.78431
0.8902 0.85098 0.78431
0.8902 0.85098 0.78431
0.8902 0.8549 0.78824
0.8902 0.8549 0.78824
0.8902 0.8549 0.78824
0.8902 0.85882 0.78824
0.89412 0.86275 0.79216
0.88235 0.8549 0.78431
0.88627 0.8549 0.78431
0.8902 0.8549 0.78824
0.8902 0.8549 0.78824
0.88627 0.85882 0.78824
0.89412 0.85882 0.79216
0.89804 0.86275 0.79608
0.90196 0.86275 0.79608
0.8902 0.85098 0.78431
0.88235 0.84706 0.78039
0.88235 0.84706 0.78039
0.88627 0.85098 0.78039
0.71373 0.6902 0.63529
0.80392 0.77647 0.70588
0.89412 0.86667 0.79608
0.88627 0.85882 0.78824
0.73725 0.72941 0.65098
