0.54118 0.63922 0.75294
0.54118 0.64314 0.75686
0.54118 0.64314 0.76078
0.54118 0.64314 0.75686
0.5451 0.64706 0.76078
0.53725 0.64314 0.75686
0.54118 0.64706 0.76078
0.54118 0.64314 0.76078
0.54118 0.63922 0.75686
0.54902 0.64706 0.76471
0.5451 0.64706 0.76078
0.53725 0.64314 0.75686
0.53333 0.64706 0.75686
0.53333 0.64706 0.76078
0.53725 0.64706 0.76078
0.54118 0.64314 0.75294
0.5451 0.64706 0.75686
0.53725 0.64314 0.75686
0.53333 0.64314 0.75294
0.53725 0.64706 0.76078
0.53725 0.64314 0.75686
0.53725 0.64314 0.75686
