0.82745 0.79608 0.74902
0.84314 0.81176 0.75686
0.85882 0.81961 0.77255
0.85882 0.82353 0.77255
0.8549 0.82353 0.77255
0.8549 0.82353 0.77647
0.8549 0.82353 0.77647
0.81961 0.78824 0.73725
0.83529 0.80392 0.74902
0.84706 0.81961 0.75686
0.8549 0.81961 0.76863
0.85882 0.82353 0.77647
0.85882 0.82353 0.77647
0.8549 0.82353 0.77255
0.8549 0.82353 0.77255
0.85882 0.82745 0.77647
0.85882 0.82745 0.77647
0.84706 0.81569 0.76471
0.85882 0.82353 0.77647
0.8549 0.82353 0.77255
0.85882 0.82745 0.77647
0.85882 0.82745 0.77647
0.85882 0.82745 0.77647
0.86275 0.83137 0.78039
0.86275 0.83137 0.78039
0.84706 0.81569 0.76471
0.85882 0.82745 0.77647
0.8549 0.82353 0.77255
0.85882 0.82745 0.77647
0.86275 0.83137 0.78039
0.86275 0.83137 0.78039
0.86275 0.83137 0.78039
0.86275 0.83137 0.78039
0.84314 0.81176 0.76078
0.8549 0.82353 0.77255
0.85882 0.82745 0.77647
0.85882 0.82745 0.77647
0.8549 0.82353 0.77255
0.85882 0.82745 0.77647
0.85882 0.82745 0.77647
0.85882 0.82745 0.77647
0.86275 0.83137 0.78039
0.86275 0.83529 0.78039
0.84314 0.81176 0.76078
0.85098 0.81961 0.76863
0.8549 0.82353 0.77255
0.8549 0.82353 0.77255
0.8549 0.82353 0.77255
0.8549 0.82353 0.77255
0.85882 0.82745 0.77647
0.85882 0.82745 0.77647
0.86275 0.83137 0.78039
0.86275 0.83137 0.78039
0.84706 0.81569 0.76471
0.85098 0.81961 0.76863
0.85098 0.81961 0.76863
0.85098 0.81961 0.76863
0.8549 0.82353 0.77255
0.8549 0.82353 0.77255
0.86275 0.83137 0.78039
0.86275 0.83137 0.78039
0.8549 0.82353 0.77255
0.8549 0.82353 0.77255
0.8549 0.82353 0.77255
0.85882 0.82745 0.77647
0.85882 0.82745 0.77647
0.85882 0.82745 0.77647
0.85882 0.82745 0.77647
0.85882 0.82745 0.77647
0.84706 0.81569 0.76471
0.85882 0.82745 0.77647
0.85882 0.82745 0.77647
0.85882 0.82745 0.77647
0.84706 0.81569 0.76471
0.85882 0.82745 0.77647
0.85882 0.82745 0.77647
0.85882 0.82745 0.77647
0.85882 0.82745 0.77647
0.85882 0.82745 0.77647
0.85882 0.82745 0.77255
0.84706 0.81569 0.76471
0.85882 0.82745 0.77647
0.86275 0.83137 0.77647
0.86275 0.83137 0.78039
0.85098 0.81961 0.77255
0.8549 0.82353 0.77647
0.85882 0.82745 0.78039
0.85882 0.82745 0.78039
0.85882 0.82745 0.78039
0.85882 0.82745 0.78039
0.86275 0.83137 0.78431
0.86275 0.83137 0.78431
0.85882 0.82745 0.78039
0.85882 0.82745 0.78039
0.8549 0.82745 0.77647
0.8549 0.81961 0.77647
0.85882 0.82353 0.78039
0.86275 0.83137 0.78824
0.86275 0.83137 0.78431
0.86275 0.83137 0.78824
0.86275 0.83137 0.78431
0.87059 0.83529 0.79216
0.87059 0.83922 0.79216
0.86667 0.83529 0.78824
0.86275 0.83529 0.78824
0.86667 0.84314 0.79216
