0.93333 0.87843 0.78039
0.91765 0.85882 0.76863
0.93725 0.87451 0.77647
0.92549 0.86667 0.76471
0.92157 0.85882 0.76471
0.92941 0.86667 0.77255
0.93333 0.87059 0.76863
0.92941 0.86667 0.76471
0.93333 0.87059 0.76863
0.92549 0.86275 0.76471
0.92941 0.86667 0.76863
0.9098 0.84706 0.7451
0.91765 0.8549 0.75294
0.92549 0.86275 0.76078
0.92941 0.86275 0.76471
0.93725 0.87451 0.77647
0.93333 0.87843 0.77255
0.91765 0.8549 0.75294
0.91765 0.8549 0.75294
0.92941 0.86667 0.76471
0.93725 0.87451 0.77647
0.94118 0.88235 0.78039
0.92157 0.86667 0.76078
0.91373 0.85098 0.74902
0.93725 0.87451 0.77255
0.9451 0.88235 0.78431
0.92941 0.86667 0.76471
