0.29804 0.41569 0.56471
0.2902 0.39216 0.54902
0.30196 0.41176 0.56471
0.29412 0.40784 0.55686
0.29804 0.41569 0.56471
0.29412 0.41176 0.56078
0.29804 0.41569 0.56471
0.29804 0.39608 0.55294
0.30588 0.41176 0.56471
0.29804 0.41569 0.56078
0.29804 0.41569 0.56471
0.29412 0.40784 0.56078
0.30588 0.42353 0.57255
0.30196 0.40392 0.55686
0.29804 0.40784 0.56078
0.30196 0.41961 0.56078
0.30588 0.42353 0.57255
0.29412 0.40784 0.56471
0.3098 0.42745 0.58039
0.28235 0.39216 0.5451
0.2902 0.40784 0.55686
0.30196 0.41961 0.56471
0.31373 0.42353 0.57255
0.30196 0.41569 0.56863
0.30588 0.41569 0.57255
0.29412 0.41176 0.56078
0.30588 0.41961 0.56863
0.31373 0.42353 0.57255
0.30588 0.41569 0.57255
0.30588 0.41569 0.57255
0.2902 0.4 0.55686
0.30588 0.41569 0.56863
0.29412 0.40784 0.56471
