0.13725 0.2902 0.1451
0.27451 0.38431 0.20392
0.14118 0.25882 0.15294
0.17647 0.2902 0.17255
0.24706 0.25882 0.16078
0.12157 0.2 0.15294
0.17647 0.23529 0.15294
0.31765 0.36471 0.24706
0.27843 0.30196 0.16471
0.18431 0.26275 0.17255
0.1098 0.22745 0.15686
0.11765 0.23529 0.16078
0.24706 0.28235 0.18431
0.23137 0.41569 0.24706
0.21569 0.36471 0.16471
0.12941 0.27451 0.16863
0.094118 0.25882 0.1451
0.062745 0.23922 0.1451
0.30588 0.43137 0.21961
0.11765 0.27059 0.12549
0.12549 0.29412 0.16078
0.086275 0.25098 0.13725
