0.95294 0.92549 0.86667
0.94902 0.92157 0.8549
0.95686 0.91765 0.8549
0.96863 0.92549 0.85882
0.95294 0.92941 0.87059
0.9451 0.91765 0.8549
0.95294 0.91765 0.85098
0.95686 0.91765 0.84706
0.96078 0.93333 0.86275
0.99216 0.94902 0.88235
0.95294 0.92941 0.86667
0.94118 0.91765 0.85098
0.95294 0.92549 0.8549
0.95294 0.92549 0.8549
0.96078 0.93333 0.86275
0.96863 0.91373 0.83137
0.94902 0.92549 0.86275
0.94118 0.91765 0.8549
0.9451 0.92941 0.8549
0.9451 0.92941 0.8549
0.96078 0.93725 0.86275
0.92941 0.8549 0.78431
0.94118 0.91373 0.85882
0.93725 0.91765 0.85098
0.94118 0.92549 0.85098
0.95294 0.92549 0.85882
0.96078 0.92157 0.83922
0.9451 0.92157 0.85098
0.95294 0.92549 0.85098
0.93725 0.87059 0.78824
0.90196 0.80784 0.72157
