0.93333 0.8902 0.83529
0.94118 0.90588 0.86275
0.92157 0.89804 0.83922
0.91373 0.88627 0.82745
0.94118 0.87843 0.79216
0.9451 0.91765 0.87843
0.90588 0.8902 0.83137
0.90588 0.87843 0.82353
0.94902 0.91373 0.85882
0.92157 0.9098 0.87059
0.89804 0.88235 0.83137
0.89804 0.87059 0.82353
0.94902 0.93725 0.8902
0.90196 0.88627 0.84314
0.89804 0.87451 0.82745
0.88627 0.87059 0.81961
0.88235 0.85098 0.77647
0.88627 0.87451 0.82353
0.91765 0.8902 0.83137
0.59608 0.5451 0.46667
0.69412 0.61961 0.51765
0.89412 0.87059 0.81569
0.7098 0.68235 0.60784
0.72157 0.68627 0.64314
