0.53333 0.66667 0.8
0.53333 0.66667 0.8
0.53333 0.66667 0.80392
0.52941 0.66275 0.8
0.52941 0.66275 0.8
0.53333 0.66667 0.80392
0.52941 0.66275 0.8
0.53333 0.66667 0.80392
0.52549 0.65882 0.79608
0.52941 0.66275 0.8
0.52549 0.65882 0.79608
0.52941 0.66667 0.8
0.53725 0.67059 0.80392
0.52941 0.66275 0.8
0.52941 0.66275 0.8
0.52941 0.66275 0.8
0.52941 0.66275 0.8
0.52941 0.66275 0.8
0.52941 0.66275 0.8
0.54118 0.67059 0.80392
0.53333 0.66667 0.80392
0.53333 0.66667 0.80392
0.53725 0.66667 0.8
0.53725 0.66667 0.8
0.53725 0.67059 0.80392
0.53725 0.67059 0.80392
0.53725 0.66667 0.80392
