0.2549 0.31765 0.45098
0.23529 0.29412 0.44314
0.23922 0.2902 0.44706
0.23529 0.2902 0.44314
0.29412 0.35294 0.48235
0.25098 0.3098 0.44314
0.23529 0.29804 0.43922
0.22745 0.28627 0.43529
0.22353 0.27843 0.43137
0.22745 0.28235 0.42745
0.33333 0.39216 0.52157
0.25098 0.31373 0.44314
0.24314 0.30196 0.44314
0.23922 0.29804 0.44706
0.23137 0.28627 0.43922
0.23529 0.2902 0.43529
0.36863 0.42745 0.55686
0.26275 0.31765 0.45098
0.24706 0.30196 0.44706
0.24314 0.29804 0.44706
0.23529 0.2902 0.44314
0.39608 0.45098 0.58039
0.25098 0.30196 0.43922
0.23922 0.2902 0.43137
0.24314 0.29412 0.43529
0.23922 0.29412 0.43529
0.42745 0.48235 0.61176
0.25098 0.30196 0.43922
0.24314 0.29412 0.43137
0.44314 0.49412 0.62745
0.24314 0.29412 0.43137
