0.15686 0.26275 0.38039
0.15294 0.25882 0.37647
0.15294 0.25882 0.37647
0.14902 0.2549 0.37255
0.16078 0.26667 0.38039
0.15686 0.26275 0.38039
0.13725 0.24314 0.36471
0.15686 0.26275 0.38039
0.15686 0.26275 0.38039
0.15294 0.25882 0.37647
0.16078 0.26275 0.39216
0.17647 0.27843 0.40392
0.16078 0.26667 0.38039
0.14118 0.24314 0.35686
0.16078 0.25882 0.38039
0.16078 0.26667 0.38431
0.14902 0.2549 0.37255
0.15686 0.2549 0.37647
0.15686 0.2549 0.38039
0.16078 0.25882 0.38039
0.15686 0.2549 0.37255
0.16078 0.25882 0.37255
0.17647 0.26667 0.38824
0.14902 0.2549 0.37255
0.15686 0.26667 0.38431
0.1451 0.2549 0.37255
0.15686 0.2549 0.37647
0.16078 0.25882 0.38039
0.15294 0.25098 0.37255
0.15294 0.25098 0.36863
0.16078 0.26275 0.38039
0.14902 0.2549 0.37255
0.14118 0.25882 0.37255
0.13725 0.25098 0.36863
0.15294 0.26275 0.38039
0.16863 0.26667 0.38824
0.16078 0.25882 0.38039
0.14902 0.24706 0.36471
0.16471 0.26667 0.38039
0.15686 0.26667 0.38039
0.1451 0.2549 0.36863
0.14902 0.2549 0.36863
0.15294 0.2549 0.37255
0.15686 0.25098 0.37255
0.14902 0.24706 0.36471
