0.25098 0.3451 0.47843
0.23137 0.33333 0.47059
0.23529 0.33333 0.47059
0.23529 0.33725 0.46667
0.23137 0.33725 0.46667
0.22353 0.33333 0.46667
0.22745 0.32941 0.46667
0.23137 0.33333 0.46667
0.23922 0.34118 0.47059
0.22745 0.33725 0.47451
0.23529 0.33725 0.47451
0.22353 0.32549 0.45882
0.23137 0.33333 0.46275
0.23529 0.3451 0.47843
0.23922 0.34118 0.47451
0.23922 0.34118 0.47059
0.24314 0.3451 0.47059
0.23529 0.33725 0.46667
0.23922 0.34118 0.47059
0.22745 0.32941 0.45882
0.23137 0.32941 0.45882
0.23137 0.33333 0.46667
0.23529 0.34118 0.47843
0.24314 0.3451 0.47451
0.23922 0.33725 0.47059
0.24314 0.34902 0.48627
0.23529 0.33725 0.47059
0.23922 0.34118 0.47059
