0.63137 0.59608 0.56471
0.64314 0.59608 0.57255
0.63922 0.6 0.56471
0.65882 0.61569 0.58039
0.63137 0.59216 0.55686
0.63529 0.59608 0.56471
0.63529 0.59608 0.55686
0.63529 0.6 0.54902
0.6902 0.65098 0.60784
0.6 0.57647 0.56471
0.62353 0.58039 0.56471
0.62353 0.58431 0.54902
0.62353 0.58431 0.55294
0.62745 0.59216 0.55294
0.63137 0.59608 0.54902
0.67451 0.63529 0.58039
0.61569 0.58431 0.56863
0.62745 0.58431 0.55294
0.62353 0.58431 0.54902
0.62745 0.58824 0.55294
0.63922 0.59608 0.56078
0.66667 0.61961 0.57255
0.59608 0.58431 0.58431
0.63922 0.58824 0.55294
0.63137 0.58039 0.54902
0.63529 0.58431 0.55294
0.64314 0.59216 0.55686
0.66275 0.61569 0.56078
0.56471 0.58039 0.6
0.63529 0.58824 0.55294
0.51765 0.56863 0.60392
0.47059 0.55686 0.60784
0.47059 0.56863 0.63529
0.47451 0.56471 0.64314
