0.31765 0.43529 0.58431
0.31765 0.43529 0.58431
0.31373 0.43137 0.58039
0.31765 0.43529 0.58431
0.3098 0.43137 0.58824
0.30196 0.41569 0.57255
0.30196 0.41569 0.57255
0.30196 0.41569 0.57255
0.30196 0.41961 0.56863
0.30196 0.41961 0.56863
0.31373 0.43137 0.58039
0.31373 0.43137 0.58431
0.30588 0.41961 0.58039
0.30588 0.41961 0.58431
0.29412 0.40784 0.56471
0.30196 0.41961 0.57255
0.3098 0.42353 0.58039
0.29412 0.41176 0.56078
0.28627 0.40392 0.55294
0.3098 0.42745 0.57647
0.29804 0.41569 0.56471
0.3098 0.43529 0.58431
0.31373 0.42745 0.58039
0.29412 0.40784 0.56863
0.29804 0.41176 0.57647
0.2902 0.40392 0.56078
0.29804 0.41176 0.56863
0.29804 0.41176 0.56863
0.29412 0.40784 0.56078
0.2902 0.40392 0.55686
0.29804 0.41176 0.56471
0.29804 0.41176 0.56471
0.31373 0.43529 0.58431
0.31373 0.42745 0.58039
0.29804 0.41176 0.57255
0.29804 0.41176 0.57647
0.2902 0.40392 0.56078
0.30196 0.41569 0.57255
0.30588 0.41961 0.57647
0.29804 0.40784 0.56863
0.29804 0.40784 0.56471
0.30196 0.41176 0.56863
0.30196 0.41961 0.56863
0.31373 0.43922 0.58824
0.30588 0.43529 0.59608
0.29804 0.41569 0.58039
0.30196 0.41569 0.58039
0.29804 0.41176 0.56863
0.30196 0.41569 0.57255
0.30196 0.41569 0.57255
0.29804 0.40784 0.56471
0.30196 0.41176 0.56863
0.30588 0.41569 0.57255
0.30196 0.41961 0.56863
0.31373 0.43529 0.58824
0.29804 0.42745 0.58824
0.29804 0.41961 0.58039
0.30588 0.41961 0.58039
0.29804 0.41176 0.56863
0.29804 0.41176 0.56863
0.30196 0.41569 0.57255
0.29804 0.40784 0.56471
0.29804 0.40784 0.56471
0.30588 0.41569 0.57255
0.31765 0.43137 0.58431
0.28627 0.40392 0.55294
0.24706 0.36078 0.50196
0.30196 0.42353 0.57647
0.30196 0.42745 0.58824
0.29804 0.41961 0.58431
0.31373 0.42745 0.58824
0.29804 0.41176 0.57255
0.30196 0.41569 0.57255
0.3098 0.42353 0.58039
0.29804 0.41176 0.56863
0.29804 0.41176 0.56863
0.29804 0.41176 0.57255
0.31765 0.43529 0.58431
0.28627 0.40392 0.55294
0.23922 0.34902 0.49412
0.30196 0.42353 0.57255
0.3098 0.42745 0.58431
0.29412 0.41176 0.56863
0.30196 0.41569 0.57647
0.30196 0.41569 0.57255
0.30196 0.41569 0.57255
0.29804 0.41176 0.56863
0.29412 0.41176 0.56078
0.29804 0.41569 0.56471
0.29804 0.41176 0.56471
0.31765 0.43529 0.58431
0.28627 0.40392 0.55294
0.24314 0.34902 0.49804
0.29412 0.41569 0.56471
0.30588 0.43137 0.58431
0.28627 0.41176 0.56471
0.29412 0.41569 0.56863
0.30588 0.41961 0.57647
0.30196 0.41569 0.57255
0.29804 0.41176 0.56863
0.28627 0.40392 0.55294
0.28627 0.40392 0.55294
0.28627 0.40392 0.55686
0.30196 0.41569 0.56863
0.28235 0.4 0.54902
0.23529 0.34118 0.48627
0.28627 0.41176 0.56078
0.29804 0.42745 0.57647
0.28627 0.41569 0.56863
0.29412 0.41961 0.57255
0.30588 0.41961 0.57647
0.30196 0.41176 0.56863
0.29804 0.41176 0.56863
0.2902 0.40392 0.56078
0.29412 0.40784 0.56471
0.2902 0.40392 0.56078
0.30196 0.41176 0.56863
0.29804 0.40784 0.56471
0.27451 0.4 0.55294
0.30196 0.43137 0.58431
0.28235 0.41176 0.56078
0.29804 0.42745 0.58039
0.29804 0.41961 0.57255
0.2902 0.41176 0.56471
0.29804 0.41961 0.57255
0.28627 0.4 0.55686
0.28627 0.4 0.55686
0.2902 0.40392 0.56078
0.29412 0.41176 0.56863
0.30196 0.41569 0.57255
0.27451 0.4 0.55294
0.30588 0.43137 0.58431
0.29412 0.41961 0.57255
0.30196 0.42745 0.58039
0.29804 0.42353 0.57647
0.29412 0.42353 0.57647
0.29804 0.42353 0.57647
0.28235 0.39608 0.55294
0.28627 0.4 0.55686
0.28627 0.4 0.55686
0.28627 0.4 0.55686
0.30196 0.41176 0.56863
0.2902 0.39216 0.55294
0.26667 0.38824 0.54118
0.29804 0.42353 0.57647
0.28627 0.41176 0.56471
0.30196 0.42745 0.58039
0.29412 0.41961 0.57255
0.2902 0.41569 0.56863
0.30196 0.42745 0.58039
0.29412 0.41176 0.56471
0.29412 0.40392 0.56078
0.2902 0.40392 0.56078
0.27843 0.4 0.55294
0.29412 0.41176 0.56471
0.2902 0.4 0.55686
0.26667 0.38824 0.54118
0.29804 0.41961 0.57255
0.28235 0.40784 0.56078
0.29804 0.42353 0.57647
0.2902 0.41569 0.56863
0.28627 0.41176 0.56471
0.30196 0.42745 0.58039
0.29804 0.41569 0.56863
0.28235 0.4 0.55686
0.29412 0.41176 0.56863
0.27451 0.40392 0.55294
0.27843 0.40784 0.56078
0.2549 0.37255 0.52157
0.29804 0.41176 0.56863
0.28235 0.40784 0.56078
0.29804 0.42353 0.57647
0.29412 0.41961 0.57255
0.29412 0.41961 0.57255
0.29412 0.41961 0.57255
0.28235 0.40784 0.56078
0.27059 0.4 0.55294
0.27843 0.40392 0.55686
0.27451 0.40784 0.55686
0.27843 0.40392 0.55686
0.27843 0.39608 0.55294
0.25098 0.36078 0.51373
0.30196 0.41176 0.56863
0.29804 0.41176 0.56863
0.30588 0.42353 0.58039
0.29412 0.41176 0.56471
0.29804 0.41569 0.57255
0.30196 0.41961 0.57647
0.28627 0.40784 0.56078
0.27451 0.4 0.55294
0.27451 0.4 0.55294
0.27451 0.40392 0.55686
0.28627 0.41176 0.56471
0.28627 0.4 0.55686
0.26275 0.36471 0.51765
0.30196 0.40784 0.56471
0.29412 0.40784 0.56471
0.30588 0.41961 0.57647
0.29804 0.41176 0.56863
0.29804 0.41569 0.56863
0.29804 0.41569 0.57255
0.28235 0.40784 0.56078
0.27843 0.40392 0.55686
0.27843 0.40392 0.56078
0.30588 0.41569 0.56863
0.29412 0.40784 0.56078
0.30588 0.41961 0.57647
0.29804 0.41176 0.56863
0.2902 0.41176 0.56863
0.29412 0.42353 0.57647
0.27843 0.40392 0.55686
0.3098 0.42353 0.57647
0.30196 0.41961 0.57255
