0.61961 0.72157 0.81961
0.61569 0.71765 0.81569
0.61176 0.71765 0.81176
0.61569 0.71765 0.81569
0.61569 0.71765 0.81176
0.61569 0.71765 0.81569
0.61176 0.71373 0.81176
0.61569 0.71765 0.81569
0.60784 0.71373 0.81176
0.61176 0.71373 0.81176
0.61176 0.71765 0.81569
0.61569 0.71765 0.81569
0.61569 0.72157 0.81569
0.61176 0.72157 0.81569
0.60784 0.72157 0.81176
0.61176 0.72157 0.81569
0.61569 0.71765 0.81569
0.61569 0.72157 0.81569
0.61569 0.72549 0.81961
0.61176 0.72157 0.81961
0.61569 0.72549 0.81961
0.61176 0.72157 0.81569
0.61569 0.71765 0.81569
0.61569 0.71765 0.81569
0.61569 0.72157 0.81569
0.61569 0.72549 0.81961
0.61961 0.72941 0.82353
0.61961 0.72549 0.82353
0.61569 0.72157 0.81961
0.61569 0.71765 0.81569
0.61569 0.71765 0.81569
0.62353 0.72549 0.82353
