0.26667 0.39216 0.54902
0.26275 0.39216 0.55294
0.27843 0.40784 0.55686
0.27059 0.39608 0.54902
0.26667 0.39216 0.55294
0.28235 0.39608 0.55686
0.2902 0.40392 0.56078
0.27451 0.4 0.55294
0.27059 0.39608 0.54902
0.27059 0.39608 0.54902
0.28627 0.4 0.55686
0.30196 0.41569 0.57255
0.29804 0.40784 0.56471
0.27843 0.40392 0.55686
0.28235 0.40784 0.56078
0.27451 0.40392 0.55294
0.27843 0.4 0.55294
0.2902 0.40784 0.56471
0.28627 0.40784 0.56078
0.28235 0.40784 0.56078
0.27843 0.40392 0.55686
0.27059 0.39608 0.54902
0.27059 0.4 0.54902
0.27843 0.40392 0.55686
0.27451 0.4 0.55294
