0.60784 0.67843 0.76471
0.60392 0.67451 0.76471
0.6 0.68235 0.76471
0.6 0.68235 0.76471
0.60784 0.68235 0.76471
0.60784 0.67843 0.76078
0.60392 0.68627 0.77255
0.6 0.68235 0.76471
0.61176 0.68627 0.77255
0.61176 0.68235 0.76471
0.61176 0.68235 0.76863
0.60392 0.68627 0.76863
0.6 0.68235 0.76471
0.61176 0.68627 0.76863
0.61176 0.68235 0.76471
0.60392 0.67843 0.76471
0.60392 0.67843 0.76471
0.61176 0.68235 0.76863
0.60784 0.67843 0.76078
0.61176 0.68235 0.76863
0.60784 0.67843 0.76471
0.60784 0.67843 0.76471
0.61176 0.68235 0.76471
0.61176 0.68235 0.76863
0.60784 0.67843 0.76471
0.61176 0.68235 0.76863
0.61176 0.68235 0.76471
