0.63137 0.72157 0.81569
0.62745 0.72157 0.81569
0.62353 0.72157 0.81569
0.63137 0.72549 0.81961
0.62353 0.71765 0.81176
0.62353 0.71765 0.81176
0.63137 0.72549 0.81961
0.63137 0.72549 0.81961
0.63137 0.72549 0.81961
0.62745 0.72157 0.81569
0.63137 0.72157 0.81569
0.63137 0.72157 0.81569
0.63529 0.72549 0.81569
0.63137 0.72549 0.81961
0.63137 0.72549 0.81961
0.62745 0.72157 0.81569
0.63137 0.72549 0.81961
0.63137 0.72941 0.81961
0.63137 0.72549 0.82353
0.63137 0.72549 0.81961
0.63137 0.72549 0.81961
0.62745 0.72157 0.81569
0.63137 0.72549 0.81569
0.61961 0.71373 0.80784
0.63137 0.72157 0.81569
0.62745 0.72157 0.81961
0.63137 0.72549 0.81569
