0.51373 0.59608 0.7098
0.52157 0.6 0.71373
0.52157 0.59608 0.71373
0.51373 0.59608 0.71373
0.51373 0.59608 0.71373
0.51765 0.59608 0.71373
0.52157 0.6 0.71373
0.52157 0.59216 0.7098
0.51373 0.6 0.71373
0.5098 0.59216 0.70588
0.51373 0.59216 0.70588
0.51765 0.58824 0.70588
0.52941 0.59608 0.71373
0.52941 0.59608 0.71373
0.51765 0.6 0.71373
0.52157 0.6 0.71373
0.51765 0.59216 0.7098
0.52941 0.59608 0.71373
0.52549 0.59216 0.7098
0.51373 0.59608 0.7098
0.52157 0.6 0.71765
0.52549 0.6 0.71765
0.52549 0.59608 0.71373
0.53333 0.6 0.71765
0.52549 0.59608 0.71373
0.51373 0.59216 0.7098
0.51765 0.59216 0.7098
0.51765 0.59216 0.7098
0.51765 0.59608 0.71373
0.52157 0.6 0.71373
