0.10588 0.41961 0.63529
0.11373 0.42745 0.64706
0.10588 0.41961 0.63137
0.10588 0.42353 0.63137
0.10588 0.42353 0.64314
0.10588 0.42353 0.64314
0.10196 0.41961 0.63137
0.1098 0.42353 0.63529
0.11373 0.43137 0.65098
0.1098 0.43137 0.64706
0.098039 0.41961 0.63922
0.10588 0.42745 0.64706
0.10196 0.41961 0.63922
0.11373 0.43922 0.64706
0.10588 0.42745 0.64314
0.10588 0.42745 0.64314
0.10588 0.42353 0.64314
0.11373 0.43922 0.65098
0.1098 0.43137 0.65098
0.11373 0.43137 0.65098
0.11373 0.43529 0.6549
0.10588 0.42745 0.65098
0.11765 0.43922 0.66275
0.10588 0.42745 0.6549
