0.27843 0.38824 0.54902
0.27843 0.38824 0.55294
0.2902 0.4 0.56078
0.29412 0.40392 0.57255
0.28627 0.39216 0.55686
0.29804 0.40784 0.56471
0.29412 0.40392 0.56078
0.28627 0.39216 0.55294
0.27843 0.39608 0.56078
0.28627 0.39608 0.56471
0.2902 0.39216 0.56078
0.30588 0.40784 0.56863
0.2902 0.39216 0.55294
0.29412 0.39216 0.55294
0.28235 0.39608 0.56078
0.28627 0.39608 0.56078
0.2902 0.39216 0.55686
0.30588 0.40392 0.56471
0.29804 0.39608 0.55686
0.29412 0.39216 0.55294
0.28627 0.39608 0.55294
0.2902 0.39608 0.55294
0.30588 0.40392 0.56471
0.29804 0.39608 0.55294
0.29804 0.4 0.56078
