0.20784 0.20392 0.10588
0.1451 0.14902 0.054902
0.27843 0.26667 0.17647
0.19608 0.23529 0.10588
0.24314 0.28627 0.15294
0.13333 0.18039 0.054902
0.2549 0.30196 0.16863
0.33725 0.36471 0.22745
0.17647 0.23529 0.15686
0.15686 0.20784 0.07451
0.23529 0.2902 0.16078
0.22745 0.28627 0.17255
0.23922 0.28235 0.15294
0.26275 0.28627 0.14902
0.21569 0.26275 0.18824
0.12941 0.18431 0.1098
0.20392 0.25098 0.16471
0.2 0.22745 0.1098
0.29804 0.32549 0.19216
0.26667 0.32941 0.3098
0.20392 0.24706 0.15294
0.23137 0.25882 0.14118
0.23529 0.25882 0.15686
0.24314 0.2549 0.15294
0.24706 0.25098 0.15686
