0.89804 0.88235 0.88627
0.86667 0.8549 0.84706
0.91765 0.89804 0.90588
0.85882 0.84706 0.83922
0.89804 0.88627 0.87451
0.90196 0.88235 0.87451
0.9098 0.8902 0.89804
0.86667 0.85098 0.84706
0.88235 0.86667 0.85882
0.93333 0.91765 0.90588
0.89804 0.87843 0.88627
0.88235 0.86667 0.86275
0.88235 0.86667 0.8549
0.90588 0.8902 0.87843
0.86667 0.84706 0.85098
0.8902 0.87451 0.88235
0.89412 0.87843 0.87451
0.88627 0.87059 0.86275
0.89804 0.88235 0.87059
0.88627 0.86667 0.87059
0.89412 0.87451 0.88235
0.90588 0.88627 0.88627
0.89412 0.87843 0.87059
0.89804 0.88627 0.87059
0.8902 0.87059 0.87843
0.9098 0.89412 0.89804
0.90196 0.8902 0.88627
0.91373 0.89804 0.89412
0.92157 0.9098 0.89412
