0.41569 0.51765 0.71765
0.42353 0.52941 0.72549
0.41176 0.52549 0.72157
0.41569 0.53333 0.72941
0.42745 0.53725 0.72941
0.43529 0.54118 0.72941
0.43137 0.52941 0.71765
0.44314 0.53725 0.72549
0.43529 0.53333 0.71765
0.44706 0.54118 0.72941
0.44706 0.54118 0.72941
0.43529 0.52941 0.71765
0.44314 0.53725 0.72549
0.45098 0.5451 0.72941
0.45098 0.55294 0.72941
0.43922 0.54902 0.71765
0.43529 0.55686 0.71765
0.44314 0.54902 0.71765
0.45882 0.55294 0.72549
0.45882 0.54902 0.71373
0.45882 0.5451 0.71373
0.46275 0.55294 0.71765
0.46667 0.56078 0.72549
0.42353 0.52549 0.72549
0.42353 0.52941 0.72941
0.40784 0.52549 0.72157
0.40784 0.52941 0.72157
0.42745 0.53725 0.72549
0.43529 0.54118 0.72549
0.43137 0.53725 0.71765
0.43137 0.53725 0.72157
0.43529 0.5451 0.72941
0.43529 0.53725 0.72157
0.44706 0.54118 0.72549
0.45098 0.5451 0.72941
0.45098 0.5451 0.72549
0.4549 0.54902 0.72549
0.44706 0.5451 0.71765
0.44706 0.55686 0.71765
0.44706 0.56078 0.72157
0.45098 0.55686 0.72157
0.4549 0.55294 0.72157
0.46275 0.55294 0.72157
0.45882 0.55294 0.71765
0.46275 0.55686 0.71765
0.45882 0.55686 0.71765
0.41961 0.52157 0.72157
0.41961 0.52549 0.72157
0.40784 0.52157 0.71765
0.41569 0.53725 0.72549
0.42745 0.54118 0.72549
0.44314 0.54902 0.72549
0.44314 0.54902 0.72941
0.43922 0.54902 0.73333
0.43529 0.5451 0.72941
0.43922 0.54118 0.72549
0.45098 0.5451 0.72157
0.4549 0.54902 0.72549
0.44706 0.54118 0.72157
0.4549 0.54902 0.72157
0.44706 0.55294 0.71373
0.45098 0.56078 0.71765
0.44706 0.55686 0.71373
0.45098 0.56471 0.71765
0.44706 0.55686 0.71373
0.46275 0.56078 0.72157
0.46667 0.56471 0.72549
0.45882 0.55686 0.71765
0.45882 0.55686 0.71765
0.42353 0.52549 0.72549
0.41961 0.52157 0.71765
0.43137 0.53725 0.72941
0.43922 0.55294 0.72941
0.43529 0.54902 0.71765
0.43922 0.55294 0.71765
0.44706 0.55686 0.72549
0.43922 0.55294 0.72941
0.43922 0.54902 0.72941
0.44314 0.54902 0.73333
0.44706 0.54902 0.72549
0.43922 0.5451 0.72157
0.44706 0.54902 0.72549
0.4549 0.54902 0.72941
0.45098 0.54902 0.72157
0.4549 0.55294 0.72157
0.45098 0.55686 0.72157
0.45098 0.55686 0.72549
0.45098 0.56078 0.73333
0.45098 0.55686 0.72157
0.45882 0.55686 0.72157
0.46667 0.56078 0.72157
0.46667 0.56078 0.72157
0.43137 0.53333 0.73333
0.42745 0.52941 0.72549
0.43137 0.53725 0.72549
0.43529 0.5451 0.72549
0.43137 0.5451 0.71765
0.43922 0.54902 0.71765
0.43529 0.54902 0.71373
0.43529 0.54902 0.71765
0.43922 0.54902 0.72941
0.43529 0.54118 0.72549
0.43922 0.5451 0.72157
0.44314 0.54902 0.72549
0.44314 0.54902 0.72549
0.4549 0.55294 0.72941
0.45882 0.55294 0.72941
0.45882 0.55294 0.72549
0.45098 0.55686 0.72549
0.45098 0.55686 0.72941
0.44314 0.54902 0.72549
0.44706 0.54902 0.72157
0.4549 0.54902 0.71765
0.47059 0.56078 0.72549
0.47451 0.56471 0.72941
0.46667 0.55686 0.72549
0.43137 0.53333 0.73333
0.43137 0.52941 0.72549
0.43137 0.53725 0.72157
0.43922 0.5451 0.73333
0.43529 0.54118 0.72549
0.44706 0.55294 0.72941
0.44706 0.55294 0.72157
0.43922 0.5451 0.71765
0.44314 0.54902 0.72941
0.44706 0.55294 0.73333
0.43922 0.5451 0.72157
0.44314 0.54902 0.72549
0.44314 0.54902 0.72549
0.43922 0.5451 0.72157
0.44706 0.55294 0.72549
0.44706 0.55294 0.72157
0.44706 0.55294 0.72157
0.45882 0.56471 0.73333
0.45098 0.55686 0.73333
0.44706 0.55294 0.72941
0.45882 0.55294 0.72549
0.47059 0.56078 0.72549
0.47451 0.56471 0.72941
0.43529 0.53725 0.73725
0.43137 0.53333 0.72549
0.43137 0.53725 0.72549
0.45098 0.54902 0.73725
0.44706 0.5451 0.73333
0.45098 0.54902 0.73333
0.45098 0.55294 0.73333
0.44314 0.54902 0.72157
0.43922 0.5451 0.72549
0.44314 0.54902 0.72549
0.44706 0.55294 0.73333
0.43922 0.5451 0.72157
0.43922 0.5451 0.72157
0.44314 0.54902 0.72941
0.4549 0.56078 0.72941
0.45098 0.55686 0.72549
0.45098 0.55294 0.72157
0.45098 0.54902 0.72549
0.4549 0.55294 0.73333
0.4549 0.55294 0.72941
0.4549 0.54902 0.72941
0.46667 0.55294 0.73333
0.47059 0.55686 0.72549
0.43137 0.53333 0.73333
0.43137 0.53333 0.72549
0.42745 0.53333 0.71765
0.44314 0.54118 0.72549
0.45098 0.5451 0.73333
0.44706 0.54118 0.72941
0.44706 0.54902 0.73333
0.43529 0.54118 0.72157
0.43529 0.54118 0.72549
0.43529 0.54118 0.72549
0.43922 0.5451 0.72941
0.44314 0.54902 0.72549
0.44314 0.54902 0.72549
0.44314 0.54902 0.72549
0.45098 0.55686 0.72941
0.4549 0.56078 0.72941
0.45098 0.55686 0.72549
0.45882 0.55294 0.72549
0.4549 0.54118 0.72549
0.45882 0.54902 0.72941
0.46275 0.54902 0.73333
0.47059 0.55294 0.73725
0.47059 0.55294 0.72941
0.46667 0.55294 0.72157
0.43137 0.53333 0.73333
0.43529 0.53725 0.72941
0.43137 0.53725 0.72157
0.44706 0.54118 0.72941
0.45098 0.5451 0.73333
0.44706 0.53725 0.72549
0.44706 0.5451 0.73333
0.43922 0.5451 0.72941
0.43922 0.5451 0.73333
0.43922 0.5451 0.72941
0.43137 0.53725 0.72157
0.43922 0.5451 0.72157
0.43922 0.5451 0.72157
0.44706 0.55294 0.72941
0.44706 0.55294 0.72549
0.44706 0.55294 0.72157
0.4549 0.55686 0.72549
0.46667 0.56078 0.73725
0.46275 0.54902 0.73333
0.46275 0.55294 0.73333
0.45882 0.54902 0.73333
0.47059 0.55294 0.73725
0.47451 0.55686 0.73725
0.47059 0.55686 0.72941
0.43137 0.53725 0.73725
0.43137 0.53333 0.72941
0.43922 0.54118 0.73333
0.44314 0.54118 0.72941
0.44314 0.54118 0.72549
0.43922 0.54118 0.72549
0.43922 0.5451 0.73333
0.43922 0.5451 0.73725
0.43922 0.5451 0.73333
0.43922 0.54118 0.72941
0.43922 0.5451 0.73333
0.44706 0.55294 0.73333
0.44314 0.54902 0.72157
0.4549 0.56078 0.73333
0.44314 0.54902 0.72157
0.45098 0.55294 0.72157
0.46667 0.56471 0.73333
0.46667 0.55686 0.73333
0.46667 0.55294 0.74118
0.46667 0.55686 0.73333
0.47451 0.55686 0.74118
0.47059 0.55294 0.73333
0.46667 0.54902 0.72941
0.47059 0.55686 0.72941
0.42353 0.53725 0.73333
0.43137 0.53725 0.73725
0.43922 0.54118 0.74118
0.43529 0.53725 0.72549
0.44314 0.54902 0.73333
0.44706 0.55294 0.73725
0.43137 0.54118 0.72941
0.43529 0.5451 0.74118
0.43137 0.53725 0.72549
0.44706 0.55294 0.73725
0.44706 0.55294 0.73725
0.4549 0.56078 0.73333
0.45098 0.55686 0.72549
0.45098 0.55686 0.72549
0.4549 0.55294 0.72157
0.4549 0.54902 0.72157
0.4549 0.54902 0.71765
0.46275 0.54902 0.72941
0.47059 0.55294 0.74118
0.47451 0.55686 0.73725
0.47059 0.55294 0.72941
0.46667 0.55294 0.72941
0.46667 0.55686 0.72549
0.46275 0.55686 0.71765
0.41961 0.54118 0.73725
0.42353 0.53725 0.73333
0.43137 0.53725 0.73725
0.42745 0.53725 0.72549
0.43922 0.5451 0.73333
0.43922 0.54902 0.73725
0.43529 0.5451 0.74118
0.43137 0.54118 0.73333
0.44314 0.5451 0.73333
0.44314 0.54902 0.73333
0.45098 0.55686 0.73725
0.44706 0.55294 0.72941
0.45098 0.55686 0.72549
0.44314 0.54902 0.72549
0.45882 0.56078 0.73725
0.46667 0.56078 0.73725
0.4549 0.54902 0.72941
0.4549 0.54118 0.72157
0.47059 0.55294 0.72941
0.47843 0.56471 0.74118
0.47451 0.56078 0.73725
0.46275 0.55686 0.72941
0.46667 0.56078 0.72941
0.47451 0.56471 0.72941
0.41961 0.53725 0.73333
0.41569 0.52941 0.72549
0.42353 0.53333 0.72941
0.42745 0.53725 0.72549
0.43529 0.5451 0.73333
0.43529 0.5451 0.73333
0.43529 0.5451 0.73725
0.44314 0.54902 0.74118
0.44314 0.5451 0.73725
0.43529 0.54118 0.72549
0.44314 0.54902 0.72941
0.44314 0.54902 0.72549
0.44706 0.54902 0.72157
0.45098 0.55294 0.73333
0.46275 0.56078 0.74118
0.46667 0.56078 0.74118
0.45098 0.5451 0.72941
0.46275 0.54902 0.72941
0.46275 0.5451 0.72157
0.47059 0.55294 0.72941
0.47059 0.56078 0.73333
0.45882 0.56078 0.72941
0.4549 0.55686 0.71765
0.46667 0.55686 0.72549
0.42745 0.53725 0.73333
0.42745 0.53725 0.73333
0.43529 0.5451 0.74118
0.43137 0.54118 0.73725
0.43137 0.54118 0.73725
0.43922 0.54902 0.7451
0.44314 0.54902 0.74118
0.43922 0.54118 0.73333
0.43922 0.5451 0.72941
0.44314 0.54902 0.73333
0.44314 0.54902 0.73333
0.4549 0.55294 0.73333
0.4549 0.54902 0.72941
0.45098 0.5451 0.72549
0.45882 0.55294 0.73333
0.45882 0.55294 0.73333
0.45882 0.5451 0.72941
0.46667 0.55294 0.73725
0.46275 0.5451 0.72941
0.45882 0.55686 0.72941
0.46275 0.56078 0.72941
0.46667 0.57255 0.72941
0.4549 0.55686 0.72157
0.42353 0.53333 0.72941
0.43922 0.54902 0.7451
0.43137 0.54118 0.73725
0.43529 0.54118 0.73333
0.43922 0.5451 0.73725
0.43922 0.5451 0.74118
0.43922 0.54118 0.73725
0.44314 0.5451 0.73725
0.43922 0.5451 0.72941
0.45098 0.55686 0.74118
0.45098 0.55686 0.74118
0.45098 0.54902 0.72941
0.4549 0.54902 0.72941
0.45098 0.5451 0.72549
0.4549 0.54902 0.72941
0.4549 0.54902 0.72941
0.46275 0.54902 0.73333
0.42745 0.53725 0.73725
0.43137 0.54118 0.73725
0.43922 0.54902 0.7451
0.44314 0.54902 0.74118
0.43922 0.54118 0.73333
0.43529 0.53725 0.72941
0.43137 0.53333 0.72549
0.44314 0.5451 0.73725
0.44314 0.54902 0.73333
0.45098 0.55686 0.74118
0.44314 0.54902 0.73333
0.45098 0.54902 0.72941
0.4549 0.5451 0.72549
0.42745 0.53333 0.74118
0.43137 0.53725 0.73725
0.43137 0.53333 0.72941
0.43922 0.54118 0.73333
0.43529 0.53725 0.72941
0.43922 0.54118 0.73333
0.43529 0.53725 0.72941
0.44314 0.5451 0.73725
0.44314 0.54902 0.73333
0.43529 0.53725 0.72157
