0.24706 0.32157 0.4549
0.24314 0.31765 0.46275
0.23922 0.31373 0.45882
0.24706 0.31765 0.45098
0.2549 0.32157 0.4549
0.23922 0.31373 0.46275
0.23529 0.31373 0.45882
0.24706 0.32549 0.46667
0.25098 0.31765 0.4549
0.27451 0.34118 0.47451
0.24314 0.32157 0.46275
0.24706 0.32549 0.46667
0.24314 0.32157 0.46275
0.25098 0.32549 0.45882
0.26667 0.3451 0.47059
0.25098 0.32941 0.45882
0.24314 0.32157 0.4549
0.23529 0.31373 0.45098
0.24706 0.33333 0.45882
0.27843 0.34902 0.47843
0.25882 0.32941 0.45882
0.23529 0.31373 0.45098
