0.54118 0.6549 0.78039
0.5451 0.65882 0.78431
0.54118 0.6549 0.78039
0.53725 0.65098 0.77647
0.53725 0.65098 0.77647
0.54118 0.6549 0.78039
0.53333 0.64706 0.77255
0.53333 0.64706 0.77255
0.53725 0.65098 0.77647
0.53725 0.65098 0.77647
0.53725 0.65098 0.77647
0.53725 0.65098 0.77647
0.54118 0.6549 0.78039
0.53725 0.65098 0.77647
0.53725 0.65098 0.77647
0.54118 0.6549 0.78039
0.54118 0.6549 0.78039
0.53725 0.65098 0.77647
0.53725 0.65098 0.77647
0.53725 0.65098 0.77647
0.54118 0.6549 0.78039
0.54118 0.6549 0.78431
