0.35294 0.31373 0.28235
0.32157 0.26667 0.24314
0.28235 0.24314 0.18824
0.29804 0.25098 0.20392
0.29804 0.2549 0.20784
0.24314 0.2 0.15686
0.20392 0.17647 0.13333
0.20392 0.18431 0.14902
0.2549 0.20392 0.18824
0.2902 0.22745 0.19216
0.27451 0.25098 0.17647
0.30588 0.28627 0.20392
0.25882 0.26667 0.15686
0.20784 0.20392 0.12941
0.19216 0.15294 0.12157
0.3451 0.28627 0.25098
0.26667 0.23137 0.17647
0.25882 0.27843 0.15294
0.23922 0.24706 0.14902
0.22353 0.20392 0.13333
0.26275 0.26667 0.16471
0.29412 0.27843 0.20784
0.22745 0.21569 0.15294
0.25098 0.24706 0.14118
0.27843 0.27843 0.16863
