0.92941 0.84706 0.72549
0.93725 0.8549 0.73333
0.92549 0.83922 0.71765
0.92549 0.84314 0.72157
0.92941 0.84706 0.72549
0.92157 0.85098 0.72157
0.92941 0.85098 0.72941
0.92941 0.84706 0.72549
0.92549 0.83529 0.71765
0.92941 0.83922 0.71765
0.92157 0.83922 0.71373
0.92941 0.84706 0.72157
0.92549 0.84314 0.72157
0.92549 0.85098 0.72549
0.92941 0.85098 0.72941
0.94118 0.85882 0.73725
0.92941 0.84706 0.72549
0.93333 0.84314 0.72549
0.92549 0.83137 0.71373
0.92941 0.83922 0.72157
0.92549 0.84314 0.71765
0.92549 0.84706 0.72157
0.93333 0.8549 0.73725
0.9451 0.86275 0.7451
0.94118 0.85882 0.73725
0.93333 0.85098 0.72941
0.93333 0.84314 0.72549
0.92549 0.83137 0.71373
0.92549 0.83529 0.71373
0.91765 0.83529 0.7098
0.92157 0.83922 0.71765
0.94118 0.85882 0.74118
0.92941 0.84314 0.72157
0.92157 0.83137 0.70588
0.92157 0.83137 0.70588
0.92549 0.83529 0.71373
0.92157 0.83922 0.71765
0.93725 0.85098 0.72941
0.92941 0.83922 0.71373
0.93725 0.84706 0.72157
0.94118 0.85098 0.72941
0.92549 0.84314 0.72157
0.92941 0.84706 0.72549
0.94118 0.8549 0.73333
0.93725 0.84706 0.72157
0.92941 0.84314 0.71765
0.92941 0.84314 0.71765
