0.13333 0.41569 0.61176
0.12549 0.40784 0.60392
0.12549 0.4 0.6
0.13333 0.40784 0.60784
0.11765 0.39216 0.59216
0.11373 0.38824 0.58824
0.12549 0.4 0.6
0.11765 0.39216 0.59216
0.14902 0.43137 0.62745
0.14118 0.42353 0.61961
0.12941 0.40784 0.60784
0.13333 0.40784 0.60784
0.12549 0.4 0.6
0.12941 0.40392 0.60392
0.14118 0.41569 0.61569
0.12549 0.40392 0.60392
0.14118 0.41569 0.61569
0.1451 0.41961 0.61961
0.12941 0.40784 0.60784
0.14118 0.41569 0.61569
0.1451 0.41961 0.61961
0.1451 0.42353 0.62353
0.13725 0.41569 0.61961
