0.44314 0.43922 0.41176
0.45098 0.44706 0.4902
0.44314 0.44314 0.48627
0.42745 0.43529 0.47843
0.41961 0.42745 0.47451
0.39608 0.41569 0.46275
0.36863 0.38824 0.44706
0.36471 0.37647 0.44706
0.35686 0.36863 0.43137
0.33725 0.3451 0.40392
0.32941 0.33333 0.38824
0.34118 0.3451 0.39608
0.33725 0.3451 0.39608
0.3451 0.35686 0.4
0.3451 0.35686 0.38824
0.33725 0.34118 0.36863
0.34902 0.35294 0.38039
0.35294 0.36078 0.38039
0.4 0.39216 0.38039
0.47059 0.46667 0.50196
0.4549 0.4549 0.4902
0.44314 0.44706 0.48235
0.42745 0.43529 0.48235
0.38039 0.4 0.44706
0.35686 0.38039 0.44314
0.36471 0.37647 0.44314
0.35686 0.36863 0.42745
0.3451 0.35294 0.40784
0.33333 0.33333 0.38431
0.34118 0.34118 0.38824
0.34118 0.34902 0.39216
0.3451 0.35686 0.39216
0.35686 0.36471 0.39608
0.3451 0.3451 0.37647
0.34902 0.35294 0.37647
0.35686 0.36471 0.38431
0.40392 0.39608 0.38039
0.47451 0.47059 0.49412
0.46667 0.46275 0.49804
0.44706 0.45098 0.4902
0.41176 0.42353 0.47059
0.36863 0.38824 0.43529
0.36078 0.38039 0.44314
0.36471 0.37647 0.44706
0.34902 0.36078 0.42353
0.34118 0.34902 0.40392
0.33333 0.33333 0.38431
0.33725 0.34118 0.38824
0.33333 0.3451 0.38431
0.33725 0.34902 0.37647
0.33725 0.34902 0.37647
0.33725 0.33725 0.37255
0.35294 0.35294 0.37647
0.34902 0.35294 0.37255
0.41961 0.40392 0.39216
0.47451 0.47059 0.49804
0.4549 0.4549 0.4902
0.43529 0.44314 0.48235
0.4 0.41176 0.4549
0.36471 0.38039 0.43137
0.36863 0.38431 0.44706
0.36078 0.37255 0.43529
0.3451 0.35686 0.41176
0.33333 0.3451 0.39608
0.32549 0.32941 0.37255
0.33333 0.33725 0.37255
0.33333 0.34118 0.37255
0.32549 0.33333 0.36078
0.32549 0.33333 0.35686
0.34118 0.34118 0.37255
0.3451 0.34118 0.37647
0.34902 0.34902 0.38431
0.43529 0.41176 0.4
0.45882 0.46275 0.49412
0.45098 0.45098 0.4902
0.43529 0.44314 0.48235
0.38824 0.40392 0.44706
0.36471 0.37647 0.43529
0.36471 0.37647 0.43529
0.36078 0.37255 0.43137
0.34902 0.36078 0.41176
0.32941 0.33725 0.38431
0.32941 0.33333 0.36863
0.3451 0.34118 0.37255
0.34118 0.34118 0.37255
0.33333 0.33333 0.36471
0.33333 0.33333 0.36471
0.3451 0.34902 0.36471
0.3451 0.3451 0.36863
0.35294 0.34902 0.38431
0.4549 0.42745 0.40784
0.45098 0.4549 0.49412
0.44314 0.44314 0.48627
0.41961 0.42353 0.47059
0.38039 0.39216 0.43922
0.36471 0.38039 0.43529
0.36863 0.38039 0.43922
0.36078 0.37255 0.43137
0.34118 0.35686 0.40784
0.32549 0.33333 0.38039
0.32549 0.33333 0.36863
0.33725 0.33725 0.36863
0.34118 0.34118 0.37255
0.34118 0.34118 0.37255
0.3451 0.3451 0.37647
0.36471 0.36863 0.38431
0.35686 0.35686 0.37255
0.36078 0.36078 0.38039
0.47451 0.44706 0.42745
0.45882 0.4549 0.49412
0.4549 0.45098 0.49804
0.43137 0.43137 0.47843
0.41176 0.41569 0.46667
0.36863 0.38039 0.43529
0.36471 0.37647 0.43529
0.36863 0.38039 0.43922
0.35686 0.36471 0.42353
0.34118 0.34902 0.4
0.33725 0.3451 0.38824
0.34118 0.34118 0.38039
0.33725 0.33725 0.36863
0.32941 0.32941 0.36078
0.32941 0.32941 0.36078
0.33725 0.33725 0.36863
0.35686 0.36078 0.38431
0.36471 0.36471 0.38431
0.35294 0.35294 0.37255
0.48627 0.45882 0.43529
0.45882 0.45098 0.49412
0.44314 0.43529 0.48235
0.41961 0.42745 0.47059
0.39608 0.40784 0.45098
0.36471 0.38039 0.42745
0.35686 0.36863 0.43529
0.37255 0.38039 0.44314
0.36863 0.36471 0.42353
0.3451 0.34118 0.39216
0.33333 0.32941 0.37255
0.33333 0.32549 0.36471
0.33333 0.32941 0.36078
0.31765 0.31765 0.34902
0.34118 0.34118 0.37255
0.33333 0.33333 0.36471
0.3451 0.34902 0.36863
0.35686 0.36078 0.38039
0.34902 0.35294 0.37255
0.50196 0.47451 0.44314
0.45098 0.44314 0.48627
0.43922 0.43137 0.48235
0.41176 0.41961 0.46667
0.38039 0.39216 0.44314
0.35294 0.36471 0.41961
0.36078 0.37255 0.43922
0.37255 0.38039 0.44314
0.37255 0.36863 0.42745
0.3451 0.3451 0.39608
0.33725 0.33725 0.38039
0.34118 0.33333 0.37255
0.32941 0.32549 0.35686
0.31373 0.31373 0.3451
0.33333 0.32941 0.36078
0.33725 0.33725 0.36471
0.3451 0.34902 0.36863
0.35686 0.36078 0.38039
0.34902 0.35294 0.37255
0.49412 0.46667 0.43529
0.44706 0.43922 0.48627
0.43137 0.42353 0.47451
0.40784 0.41176 0.46667
0.37255 0.38431 0.43922
0.36863 0.38039 0.44314
0.36471 0.37647 0.44314
0.36471 0.37255 0.43529
0.37255 0.36863 0.42745
0.34902 0.34902 0.39608
0.3451 0.3451 0.38824
0.34118 0.33725 0.37647
0.34118 0.33725 0.36863
0.32157 0.31765 0.34902
0.33333 0.32941 0.36078
0.33725 0.33333 0.36078
0.34118 0.3451 0.36471
0.35294 0.35686 0.37647
0.3451 0.3451 0.36863
0.49412 0.46667 0.43529
0.43529 0.43922 0.48235
0.41961 0.42745 0.47451
0.39216 0.40784 0.4549
0.36078 0.37647 0.42745
0.36078 0.36863 0.43137
0.36078 0.37255 0.43137
0.36078 0.37255 0.42353
0.35686 0.36471 0.41176
0.34118 0.34118 0.38824
0.33725 0.33725 0.37647
0.33333 0.33725 0.36078
0.32549 0.32941 0.34902
0.32941 0.32549 0.34902
0.33333 0.32941 0.35686
0.32941 0.32549 0.35294
0.34118 0.33725 0.36078
0.35294 0.3451 0.37255
0.35686 0.34902 0.37255
0.4902 0.45098 0.42353
0.42745 0.43529 0.47843
0.41176 0.41961 0.47059
0.38824 0.40392 0.45098
0.36863 0.38039 0.43529
0.35686 0.36863 0.42745
0.35294 0.36471 0.42353
0.35294 0.36471 0.41961
0.3451 0.35294 0.40392
0.3451 0.3451 0.39216
0.34118 0.34118 0.37647
0.33725 0.34118 0.36471
0.32549 0.32941 0.3451
0.32549 0.32549 0.34902
0.33333 0.33333 0.35686
0.34118 0.34118 0.36471
0.34902 0.3451 0.36863
0.36471 0.35686 0.38431
0.35686 0.3451 0.37255
0.47843 0.43922 0.41961
0.42353 0.42745 0.47059
0.41569 0.42353 0.47059
0.38824 0.40392 0.45098
0.36863 0.38039 0.43137
0.36078 0.37255 0.43137
0.34902 0.36078 0.41961
0.3451 0.36078 0.41176
0.34902 0.35686 0.40392
0.34118 0.3451 0.39216
0.33333 0.33333 0.36863
0.32941 0.33333 0.35686
0.32941 0.33333 0.35294
0.32157 0.32549 0.3451
0.33333 0.33725 0.35686
0.3451 0.3451 0.36471
0.35294 0.34902 0.36863
0.35294 0.3451 0.36863
0.35294 0.34118 0.36863
0.46667 0.42745 0.41176
0.42745 0.43529 0.47843
0.40784 0.41961 0.46667
0.37647 0.38824 0.44314
0.36471 0.37647 0.43137
0.35294 0.36471 0.42353
0.34902 0.36078 0.41569
0.35686 0.36471 0.41569
0.34118 0.35294 0.40392
0.33333 0.3451 0.38431
0.32549 0.33333 0.36863
0.33333 0.33333 0.36471
0.32941 0.33333 0.35294
0.31373 0.31765 0.33333
0.31765 0.31765 0.3451
0.34118 0.34118 0.36863
0.35294 0.34902 0.36863
0.34902 0.3451 0.36471
0.34118 0.33725 0.35686
0.44706 0.42745 0.40784
0.41961 0.42745 0.47451
0.4 0.41569 0.46275
0.37255 0.38431 0.44314
0.34902 0.36078 0.41961
0.34118 0.35294 0.41176
0.34902 0.36471 0.41176
0.35294 0.36471 0.41569
0.34902 0.35686 0.40784
0.34118 0.34902 0.39216
0.31765 0.32941 0.36471
0.33333 0.33333 0.36471
0.32941 0.32941 0.35686
0.31765 0.32157 0.34118
0.32941 0.33333 0.35686
0.34902 0.34902 0.37255
0.34902 0.3451 0.36471
0.35294 0.34902 0.36863
0.34902 0.3451 0.36471
0.44706 0.43529 0.41961
0.34902 0.36078 0.41961
0.32941 0.34118 0.4
0.33725 0.36471 0.40784
0.34118 0.35686 0.4
0.34902 0.35294 0.4
0.34118 0.3451 0.38431
0.31373 0.32549 0.36078
0.32941 0.32941 0.36078
0.33333 0.33333 0.36471
0.32549 0.32941 0.35294
0.33725 0.34118 0.36078
0.35686 0.35686 0.37255
0.36078 0.35294 0.37255
0.35294 0.34902 0.36863
0.34902 0.34118 0.36471
0.43137 0.41569 0.40784
0.34118 0.35686 0.40392
0.34902 0.36078 0.40784
0.36078 0.36471 0.41176
0.34118 0.34902 0.39216
0.31373 0.32549 0.36471
0.33333 0.33333 0.36863
0.33333 0.33333 0.36471
0.3451 0.3451 0.37255
0.34118 0.34118 0.36863
0.35686 0.35686 0.38039
0.35686 0.35686 0.37647
0.36078 0.36078 0.38039
0.3451 0.3451 0.36471
0.41176 0.40392 0.39608
0.34118 0.34902 0.39608
0.32549 0.33333 0.37647
0.33333 0.33333 0.37255
0.34118 0.34118 0.37255
0.3451 0.3451 0.37647
0.34118 0.34118 0.37255
0.35686 0.36078 0.38824
0.35686 0.36078 0.38039
0.36078 0.36471 0.38039
0.35294 0.35686 0.37647
0.40392 0.4 0.39216
0.3451 0.3451 0.37647
0.3451 0.3451 0.37647
0.34118 0.34118 0.37255
0.35294 0.35294 0.38039
0.35294 0.35686 0.37647
0.33725 0.34118 0.35686
0.34902 0.35294 0.36863
0.40392 0.4 0.38431
0.35686 0.36078 0.38039
0.35294 0.35686 0.37647
0.34902 0.35294 0.37255
0.41176 0.40392 0.39216
0.41961 0.40784 0.39608
