0.078431 0.31765 0.51765
0.086275 0.32157 0.52549
0.07451 0.31373 0.51765
0.078431 0.32157 0.52157
0.07451 0.31765 0.51765
0.07451 0.3098 0.51373
0.086275 0.31373 0.52157
0.078431 0.3098 0.51373
0.07451 0.30196 0.5098
0.078431 0.30196 0.50196
0.090196 0.33333 0.53333
0.082353 0.31765 0.52157
0.082353 0.31373 0.51765
0.062745 0.29804 0.50196
0.082353 0.32549 0.52941
0.062745 0.30588 0.50588
0.07451 0.3098 0.51373
0.062745 0.29804 0.50196
0.070588 0.32157 0.52157
0.070588 0.31765 0.51765
0.070588 0.3098 0.51373
0.058824 0.30588 0.50588
