0.13333 0.20392 0.33333
0.13725 0.21176 0.34118
0.12941 0.20784 0.33333
0.12941 0.20392 0.33333
0.13333 0.20784 0.33725
0.12941 0.20392 0.33333
0.13333 0.20784 0.34118
0.12941 0.20392 0.33725
0.11765 0.19216 0.32549
0.12941 0.20392 0.33333
0.12941 0.20392 0.33333
0.13333 0.20784 0.33725
0.12941 0.20784 0.34118
0.11373 0.19216 0.32549
0.12549 0.20392 0.33725
0.12941 0.20392 0.33333
0.13333 0.20784 0.33725
0.12549 0.20392 0.32941
0.12549 0.20392 0.33333
0.12941 0.20784 0.33725
0.12157 0.2 0.32941
0.12157 0.2 0.32941
