0.3098 0.38824 0.49804
0.29412 0.37255 0.48627
0.31373 0.39216 0.5098
0.29804 0.38039 0.50196
0.30196 0.38039 0.48627
0.32157 0.39216 0.50588
0.29804 0.37255 0.49412
0.2902 0.37255 0.49412
0.30196 0.37647 0.48627
0.31765 0.38824 0.49804
0.31373 0.38431 0.4902
0.3098 0.38039 0.4902
0.30196 0.38039 0.50196
0.30588 0.38431 0.4902
0.30588 0.38039 0.4902
0.32941 0.39608 0.5098
0.32157 0.38824 0.50196
0.31373 0.38039 0.49412
0.30196 0.38039 0.50196
0.29804 0.37255 0.4902
0.31765 0.38431 0.50196
0.31765 0.38039 0.50196
0.29804 0.36471 0.48235
