0.16863 0.50588 0.72941
0.17255 0.5098 0.73333
0.17647 0.51373 0.73725
0.17255 0.5098 0.73333
0.16471 0.5098 0.72941
0.16471 0.5098 0.73333
0.16863 0.51373 0.73333
0.17255 0.5098 0.73333
0.16863 0.50588 0.72941
0.16863 0.5098 0.73333
0.17255 0.5098 0.72941
0.17647 0.51373 0.73725
0.16471 0.5098 0.72941
0.16471 0.51373 0.74118
0.16078 0.5098 0.73725
0.16078 0.5098 0.73725
0.18039 0.51765 0.74118
0.18039 0.52157 0.7451
0.17255 0.52157 0.74118
0.16471 0.51765 0.74118
0.15686 0.5098 0.73725
0.16078 0.51373 0.74118
0.16471 0.5098 0.72941
0.16863 0.5098 0.73333
0.16471 0.51373 0.73333
0.16471 0.52157 0.73725
0.16471 0.52157 0.7451
0.16471 0.52157 0.7451
0.16863 0.52549 0.74902
0.16863 0.50588 0.72941
0.16471 0.50588 0.73333
0.16863 0.51373 0.74118
0.16078 0.51765 0.74118
0.16078 0.51765 0.74118
0.16471 0.52157 0.7451
0.16863 0.52941 0.75294
0.17255 0.5098 0.73725
0.16471 0.50196 0.73333
0.16471 0.5098 0.73725
0.17255 0.52549 0.75294
0.16863 0.52549 0.74902
0.18039 0.51373 0.74118
0.17647 0.51373 0.7451
0.16863 0.51373 0.74118
0.17255 0.52549 0.75294
