0.26275 0.38824 0.54118
0.26275 0.39216 0.54118
0.2549 0.38039 0.52941
0.26667 0.39216 0.54118
0.26275 0.39216 0.54118
0.2549 0.38039 0.52941
0.27843 0.39608 0.55294
0.27451 0.38824 0.5451
0.26667 0.39216 0.5451
0.25098 0.37647 0.52941
0.25098 0.37647 0.52549
0.27451 0.39216 0.5451
0.27059 0.39216 0.5451
0.2549 0.38039 0.52941
0.2549 0.38039 0.52941
0.25098 0.37647 0.52549
0.26667 0.39608 0.5451
0.27059 0.39608 0.54118
0.26275 0.38824 0.53725
0.2549 0.38039 0.52941
0.27059 0.39608 0.54902
0.26275 0.38824 0.53725
0.2549 0.38039 0.52941
0.27059 0.39608 0.5451
