0.6549 0.60784 0.56863
0.65882 0.61176 0.58039
0.65882 0.60784 0.56863
0.65098 0.61176 0.58039
0.65882 0.61176 0.58039
0.65882 0.60784 0.58039
0.66667 0.61176 0.56863
0.65098 0.61176 0.58039
0.6549 0.61176 0.58824
0.66275 0.61176 0.58431
0.66275 0.60784 0.58039
0.66667 0.61176 0.57647
0.65098 0.61176 0.58824
0.6549 0.61569 0.58431
0.6549 0.60784 0.57647
0.66667 0.61176 0.57647
0.65098 0.61569 0.58039
0.65882 0.61569 0.58039
0.66275 0.61176 0.57647
0.65882 0.61569 0.58039
0.66667 0.61569 0.58431
0.66275 0.61176 0.57647
0.67059 0.61961 0.57255
0.64314 0.60392 0.56863
0.6549 0.61176 0.57647
0.66275 0.61176 0.58039
0.66667 0.61176 0.57255
0.67843 0.61569 0.56863
0.65098 0.61176 0.57255
0.6549 0.61176 0.58039
0.66275 0.61176 0.58039
0.66275 0.61569 0.57647
0.67451 0.61961 0.57255
0.65098 0.61569 0.58039
0.65098 0.61961 0.58431
0.65882 0.61176 0.57647
0.66275 0.61569 0.57647
0.66275 0.61176 0.56863
0.6549 0.61569 0.58431
0.64706 0.61176 0.57647
0.66275 0.61961 0.58039
0.65882 0.61569 0.57647
