0.63922 0.56863 0.47843
0.59216 0.51765 0.41961
0.69412 0.62745 0.55686
0.54118 0.47059 0.38824
0.55294 0.51765 0.48627
0.57255 0.53333 0.49412
0.6 0.55294 0.50196
0.6 0.54902 0.49412
0.56471 0.51765 0.45882
0.53333 0.48627 0.43137
0.51765 0.47843 0.42745
0.52549 0.49412 0.44706
0.57255 0.52549 0.48627
0.56863 0.52549 0.47843
0.56078 0.52157 0.47451
0.55686 0.51765 0.46667
0.56471 0.52549 0.47451
0.56471 0.52549 0.47451
0.56863 0.52941 0.48235
0.56863 0.52941 0.48235
0.56471 0.5098 0.46275
0.57255 0.52549 0.47451
0.56078 0.51765 0.47059
0.57255 0.52157 0.47451
0.57255 0.52157 0.47451
0.57255 0.52157 0.47451
0.57647 0.52941 0.48235
0.57647 0.53333 0.47843
0.56863 0.51765 0.45098
0.58824 0.53333 0.46667
0.59608 0.53725 0.47451
0.58824 0.53725 0.47843
0.6 0.54902 0.4902
0.6 0.5451 0.48627
0.60392 0.55294 0.4902
