0.21569 0.32549 0.47843
0.22353 0.33333 0.48627
0.22353 0.33333 0.48627
0.22353 0.33725 0.4902
0.23137 0.3451 0.49804
0.22745 0.33725 0.4902
0.23137 0.34118 0.49412
0.22745 0.33725 0.4902
0.21961 0.32941 0.47451
0.20784 0.31765 0.47843
0.22745 0.31373 0.45098
0.22745 0.34902 0.49804
0.22353 0.34118 0.4902
0.22745 0.33725 0.4902
0.22353 0.33725 0.48627
0.21961 0.33725 0.48627
0.21176 0.32549 0.46275
0.2 0.31765 0.46275
0.22745 0.35294 0.50196
0.22745 0.35294 0.50196
0.22745 0.35294 0.50196
0.21569 0.33725 0.4902
0.20784 0.33333 0.48627
0.21176 0.32941 0.47843
0.21176 0.32941 0.47843
0.20784 0.32549 0.47059
0.20784 0.32549 0.46667
0.23529 0.36471 0.51373
0.22745 0.35294 0.50196
0.21961 0.3451 0.4902
0.21961 0.3451 0.49412
0.21176 0.33725 0.4902
0.21961 0.33725 0.4902
0.21569 0.33333 0.48235
0.20784 0.32549 0.47451
0.20784 0.32549 0.46667
0.20392 0.32549 0.46275
0.25098 0.37255 0.52157
0.23922 0.36471 0.51373
0.22353 0.34902 0.49804
0.21569 0.34118 0.4902
0.21176 0.33725 0.48627
0.20784 0.33333 0.48627
0.21569 0.33333 0.48235
0.21961 0.33725 0.48627
0.20784 0.32549 0.47451
0.20392 0.32157 0.46275
0.20784 0.32941 0.46667
0.23922 0.36471 0.51373
0.22745 0.35294 0.50196
0.21961 0.3451 0.49804
0.21176 0.33725 0.4902
0.20392 0.32941 0.48235
0.21176 0.32941 0.47843
0.21961 0.33725 0.48627
0.20784 0.32549 0.47451
0.20392 0.32157 0.46275
0.20392 0.32157 0.46275
0.23137 0.35686 0.50588
0.22353 0.34902 0.50196
0.22353 0.34902 0.50196
0.21176 0.33725 0.4902
0.21176 0.32941 0.48235
0.21961 0.33725 0.48627
0.21176 0.32941 0.48235
0.2 0.31765 0.46275
0.19608 0.31373 0.4549
0.22745 0.35294 0.50196
0.21961 0.3451 0.49804
0.21961 0.3451 0.49804
0.21176 0.33725 0.4902
0.21176 0.32941 0.47843
0.21176 0.32941 0.47843
0.21961 0.33725 0.48627
