0.23137 0.29412 0.43529
0.23529 0.29412 0.43922
0.23529 0.29412 0.43922
0.23922 0.29804 0.44314
0.24706 0.29804 0.44706
0.27059 0.33725 0.48235
0.23137 0.28627 0.43922
0.22745 0.28235 0.43529
0.23529 0.28627 0.43922
0.27843 0.34902 0.49412
0.21961 0.28235 0.43529
0.22353 0.27843 0.43137
0.23922 0.29804 0.44706
0.27451 0.3451 0.4902
0.20784 0.28235 0.43137
0.21961 0.28235 0.43529
0.23922 0.29804 0.45098
0.26667 0.3451 0.48235
0.29804 0.37647 0.5098
0.28235 0.36078 0.4902
0.27843 0.35294 0.48235
0.30196 0.37647 0.50588
