0.99608 0.93333 0.83922
0.99216 0.92941 0.83529
0.98824 0.92549 0.83137
0.98039 0.92157 0.82745
0.99216 0.93725 0.84314
0.99216 0.92941 0.83529
0.98431 0.92157 0.83137
0.97647 0.91765 0.82745
0.99608 0.93725 0.84706
0.99216 0.93725 0.84706
0.99608 0.93725 0.84314
1 0.94118 0.85098
0.99216 0.93333 0.84314
0.99216 0.93333 0.84314
1 0.9451 0.85098
0.99216 0.93333 0.83922
0.99216 0.92549 0.83137
0.99608 0.93333 0.83922
1 0.9451 0.85098
0.99608 0.94118 0.84706
0.99216 0.93725 0.84314
0.98824 0.93333 0.83922
0.99608 0.94118 0.84314
0.98039 0.91765 0.81569
0.99216 0.93333 0.83137
0.99216 0.94118 0.83922
0.98824 0.94118 0.83922
0.98431 0.93725 0.83529
0.99216 0.94118 0.83922
0.97647 0.91373 0.81176
0.98039 0.92157 0.81569
0.99216 0.94118 0.83922
1 0.95294 0.8549
0.95294 0.8902 0.78039
0.98824 0.92549 0.82353
0.98824 0.92157 0.82745
0.87451 0.79608 0.6902
0.9098 0.82353 0.72157
