0.58431 0.70588 0.82745
0.58824 0.7098 0.83137
0.6 0.71765 0.84314
0.6 0.71765 0.83922
0.59608 0.71765 0.83922
0.59216 0.71373 0.83137
0.58824 0.7098 0.83137
0.58431 0.70588 0.82745
0.59216 0.71373 0.83137
0.59216 0.71373 0.83529
0.59216 0.71373 0.83529
0.59608 0.71765 0.83922
0.58824 0.7098 0.83137
0.58824 0.7098 0.83137
0.58824 0.7098 0.83137
0.59216 0.71373 0.83529
0.59608 0.71765 0.83922
0.58824 0.7098 0.83137
0.59608 0.71765 0.83922
0.59216 0.71373 0.83529
0.59216 0.71373 0.83529
0.59216 0.71373 0.83529
0.59608 0.71373 0.83529
0.59216 0.71373 0.83529
0.59216 0.71373 0.83529
0.59216 0.71373 0.83529
0.59216 0.71373 0.83529
0.59608 0.71765 0.83922
0.59608 0.71765 0.83922
0.59216 0.71373 0.83529
0.59608 0.7098 0.83137
0.59216 0.7098 0.83137
0.59216 0.71373 0.83529
0.59216 0.71765 0.83922
0.58824 0.71373 0.83529
0.59608 0.71765 0.83922
0.59608 0.71765 0.83922
0.59608 0.71373 0.83529
