0.16863 0.28235 0.41961
0.17255 0.28627 0.41961
0.16471 0.27843 0.40784
0.17647 0.2902 0.41569
0.17255 0.28627 0.41176
0.17647 0.2902 0.41961
0.16863 0.28235 0.41176
0.16471 0.27843 0.41176
0.15686 0.27059 0.4
0.16078 0.27451 0.40392
0.18431 0.29804 0.41961
0.16863 0.28235 0.40784
0.16078 0.27451 0.4
0.15686 0.27059 0.39608
0.16078 0.27059 0.39216
0.16471 0.27059 0.4
0.16863 0.27059 0.40392
0.17255 0.27451 0.40392
0.16863 0.26667 0.4
0.16863 0.26275 0.39608
0.17255 0.28627 0.41176
0.16471 0.27843 0.40392
0.17255 0.28627 0.41176
0.16078 0.27451 0.4
0.15686 0.27059 0.39608
0.17647 0.2902 0.41569
0.16471 0.27843 0.40392
0.16471 0.27843 0.40392
0.15294 0.26667 0.39216
0.15294 0.27059 0.39608
0.15686 0.26667 0.39608
0.16863 0.27059 0.4
0.16471 0.26667 0.39608
0.16863 0.27059 0.4
0.16078 0.26275 0.39216
0.17647 0.27451 0.41176
0.17255 0.28627 0.41176
0.16863 0.28235 0.40784
0.16078 0.27451 0.4
0.16863 0.28235 0.40784
0.16078 0.27451 0.4
0.17255 0.28627 0.41176
0.16471 0.27843 0.40392
0.16471 0.27843 0.40392
0.14902 0.26667 0.39216
0.1451 0.26667 0.38824
0.1451 0.25882 0.38431
0.16863 0.27059 0.4
0.17647 0.27843 0.40784
0.16471 0.26667 0.39608
0.16471 0.26667 0.39608
0.17255 0.27451 0.41176
0.17647 0.2902 0.41569
0.17255 0.28627 0.41569
0.17647 0.2902 0.41569
0.17255 0.28627 0.41176
0.16863 0.27843 0.40392
0.18039 0.2902 0.41569
0.16863 0.27843 0.40784
0.16863 0.28235 0.40784
0.16078 0.27451 0.4
0.15294 0.26667 0.39216
0.15294 0.26275 0.38824
0.16078 0.26275 0.39216
0.17647 0.27843 0.40392
0.17255 0.27451 0.4
0.15294 0.2549 0.38039
0.17647 0.27843 0.41176
0.17255 0.28235 0.41176
0.16863 0.28235 0.41569
0.16863 0.28235 0.41961
0.17255 0.28627 0.41569
0.16078 0.27451 0.4
0.18039 0.28627 0.41569
0.18824 0.2902 0.41961
0.18039 0.28235 0.41569
0.17647 0.27843 0.40784
0.16863 0.27059 0.4
0.16471 0.26667 0.39608
0.16471 0.26667 0.39608
0.16863 0.27059 0.4
0.17647 0.28235 0.4
0.16471 0.27059 0.38824
0.15294 0.25882 0.37647
0.17255 0.27451 0.4
0.16471 0.26275 0.39608
0.16078 0.27451 0.40784
0.16078 0.27451 0.40784
0.15686 0.27059 0.4
0.16471 0.27059 0.39608
0.18824 0.28235 0.41569
0.18431 0.28235 0.41176
0.18039 0.28235 0.40392
0.18431 0.2902 0.41176
0.17255 0.27843 0.4
0.17255 0.27843 0.4
0.17647 0.27843 0.4
0.17255 0.27843 0.4
0.17647 0.27843 0.39608
0.16471 0.26667 0.38824
0.16863 0.27059 0.38824
0.18039 0.28627 0.40784
0.16078 0.26275 0.38824
0.16078 0.27843 0.40784
0.16471 0.27843 0.41176
0.16078 0.27059 0.4
0.18039 0.28235 0.41176
0.18431 0.28235 0.41176
0.18431 0.28235 0.41176
0.18039 0.28627 0.40392
0.18039 0.2902 0.40392
0.16863 0.27451 0.39216
0.18039 0.28627 0.4
0.17647 0.28235 0.4
0.16863 0.27451 0.39216
0.16863 0.26667 0.38824
0.17647 0.27451 0.39608
0.18431 0.28235 0.40392
0.17647 0.27843 0.39608
0.16471 0.27451 0.38824
0.16471 0.27059 0.38431
0.16078 0.27843 0.40392
0.16471 0.28235 0.40784
0.17255 0.28235 0.40784
0.18431 0.2902 0.41961
0.16863 0.28235 0.40784
0.16863 0.28627 0.40784
0.16863 0.28235 0.4
0.17647 0.28627 0.4
0.18039 0.28627 0.40392
0.17647 0.28235 0.4
0.16471 0.27059 0.38824
0.16863 0.27451 0.39216
0.16471 0.26275 0.38431
0.18039 0.27451 0.4
0.18824 0.28627 0.40784
0.18039 0.27451 0.39608
0.15686 0.25882 0.37647
0.18431 0.2902 0.40784
0.17255 0.28235 0.39608
0.15686 0.27059 0.39608
0.16078 0.27843 0.40392
0.17255 0.27843 0.40784
0.17255 0.27843 0.40392
0.16078 0.27843 0.40392
0.16863 0.2902 0.40784
0.16471 0.28627 0.40392
0.17647 0.28627 0.40784
0.17255 0.27843 0.4
0.17647 0.28235 0.4
0.17255 0.27843 0.39608
0.17255 0.28235 0.4
0.17255 0.27451 0.39216
0.17647 0.27843 0.39608
0.17255 0.27451 0.39216
0.18431 0.28235 0.40392
0.16863 0.27059 0.38824
0.16471 0.27451 0.39216
0.15686 0.26667 0.38431
0.18039 0.28627 0.4
0.16863 0.27451 0.40392
0.18039 0.29412 0.41961
0.16078 0.28235 0.40392
0.18039 0.29804 0.41961
0.19216 0.30196 0.42745
0.16863 0.27059 0.4
0.16863 0.27451 0.39216
0.17255 0.27843 0.39608
0.16863 0.27451 0.39216
0.17647 0.28235 0.39608
0.16863 0.27451 0.38824
0.17255 0.27843 0.38824
0.17255 0.27451 0.39216
0.15686 0.25882 0.38039
0.15294 0.26275 0.38039
0.17255 0.27843 0.4
0.17647 0.28627 0.40784
0.18431 0.30196 0.42745
0.17255 0.28627 0.41176
0.16863 0.28235 0.40784
0.17255 0.28627 0.40392
0.17255 0.28235 0.4
0.16863 0.27451 0.39216
0.16863 0.27451 0.39216
0.16471 0.27451 0.39216
0.16078 0.27451 0.4
0.16471 0.27451 0.39608
0.15686 0.26667 0.38431
0.18431 0.2902 0.41176
0.18039 0.2902 0.41961
0.17647 0.28627 0.41569
0.17255 0.28627 0.40784
0.16863 0.28235 0.4
0.17255 0.28235 0.4
0.16863 0.27451 0.39216
0.17647 0.28235 0.4
0.16471 0.27451 0.39608
0.16078 0.27451 0.4
0.16078 0.27451 0.39216
0.18431 0.28235 0.41569
0.16471 0.27059 0.39608
0.17255 0.28627 0.40392
0.16863 0.27843 0.39608
0.15686 0.26275 0.38039
0.17255 0.27451 0.40392
0.16471 0.27059 0.39608
0.15294 0.26667 0.39216
0.15686 0.26667 0.39608
