0.29412 0.57647 0.76863
0.3098 0.59216 0.78824
0.29412 0.58039 0.77255
0.30196 0.58824 0.78431
0.29412 0.58039 0.77647
0.29804 0.58039 0.77647
0.29412 0.58431 0.77647
0.2902 0.58039 0.77255
0.29804 0.58039 0.77647
0.29804 0.57255 0.77255
0.2902 0.57255 0.76863
0.30196 0.59216 0.78824
0.30196 0.58824 0.78039
0.3098 0.59216 0.78431
0.3098 0.58431 0.78039
0.30196 0.57647 0.76863
0.30588 0.59216 0.78824
0.30588 0.58824 0.78431
0.31373 0.59608 0.78824
0.31765 0.59216 0.78431
0.30196 0.57647 0.76863
0.31765 0.6 0.78824
0.3098 0.59216 0.78824
0.31373 0.58431 0.77647
0.30588 0.58039 0.77255
