0.67059 0.73333 0.79608
0.67451 0.73725 0.8
0.67059 0.73333 0.8
0.66275 0.72549 0.79608
0.67059 0.73333 0.8
0.67451 0.73725 0.8
0.67843 0.74118 0.80392
0.66667 0.73333 0.8
0.66275 0.73333 0.8
0.6549 0.72941 0.8
0.67059 0.73333 0.80392
0.67059 0.73333 0.8
0.67451 0.73725 0.8
0.67451 0.73725 0.8
0.66667 0.73333 0.8
0.6549 0.72549 0.79608
0.64706 0.72549 0.79216
0.64706 0.72549 0.8
0.64314 0.72157 0.80392
0.66667 0.73725 0.81176
0.66667 0.73333 0.80392
0.67059 0.73725 0.8
0.67451 0.73725 0.8
0.66667 0.72941 0.79216
0.66667 0.73333 0.8
0.6549 0.72941 0.79608
0.64314 0.72549 0.79216
0.64314 0.72549 0.8
0.63529 0.71765 0.8
0.63922 0.72157 0.79608
0.66667 0.73333 0.81176
0.67059 0.73725 0.80784
0.66667 0.73333 0.79608
0.67059 0.73333 0.79608
0.67451 0.73725 0.8
0.66667 0.73333 0.80392
0.6549 0.72549 0.8
0.64706 0.71765 0.79608
0.64314 0.72157 0.79608
0.63529 0.72157 0.79216
0.63922 0.72157 0.79608
0.63529 0.71765 0.79216
0.63529 0.71373 0.79216
0.65098 0.72549 0.81176
0.66275 0.73333 0.80784
0.66667 0.73333 0.80392
0.67451 0.73725 0.8
0.67451 0.73725 0.8
0.67451 0.73725 0.80392
0.67059 0.73725 0.80784
0.65098 0.71765 0.8
0.64706 0.71765 0.8
0.63922 0.71765 0.79608
0.63529 0.72157 0.79608
0.63137 0.71765 0.79216
0.63922 0.72157 0.79608
0.63529 0.71765 0.79216
0.64706 0.72549 0.80784
0.66275 0.72941 0.80784
0.66667 0.73333 0.80392
0.67451 0.73725 0.80392
0.67451 0.73725 0.8
0.67451 0.73333 0.8
0.66667 0.72941 0.80392
0.65098 0.72157 0.8
0.65098 0.71765 0.80392
0.63922 0.71765 0.80392
0.63529 0.71765 0.80392
0.63529 0.71765 0.79608
0.63529 0.71765 0.78824
0.62745 0.7098 0.78431
0.63137 0.72157 0.79216
0.63922 0.72157 0.80392
0.65098 0.72941 0.80784
0.65882 0.72941 0.80392
0.67059 0.73725 0.80784
0.67451 0.73725 0.80392
0.67059 0.73725 0.8
0.67059 0.73333 0.80392
0.67059 0.73725 0.80784
0.66275 0.73333 0.80392
0.64706 0.72157 0.8
0.63529 0.71765 0.79608
0.63529 0.72157 0.80392
0.63529 0.71765 0.8
0.63529 0.71765 0.79608
0.63529 0.71765 0.79608
0.63529 0.72157 0.79608
0.62745 0.72549 0.81176
0.62745 0.72157 0.80392
0.64314 0.72549 0.80784
0.6549 0.72941 0.80784
0.66275 0.73333 0.80784
0.66667 0.73333 0.80392
0.67059 0.73333 0.80784
0.66667 0.73725 0.80784
0.66667 0.73333 0.80392
0.66275 0.73333 0.80392
0.6549 0.73333 0.8
0.63922 0.72157 0.79608
0.63922 0.72157 0.8
0.63922 0.72157 0.80392
0.63922 0.72157 0.80392
0.63922 0.72157 0.80392
0.64314 0.72549 0.80784
0.63922 0.72157 0.8
0.63529 0.71765 0.79216
0.63137 0.72941 0.81569
0.63922 0.72941 0.81569
0.64314 0.72549 0.80784
0.64706 0.72549 0.8
0.66667 0.73725 0.81176
0.67059 0.73725 0.80784
0.66667 0.72549 0.8
0.66667 0.73725 0.80392
0.66275 0.72941 0.8
0.6549 0.72549 0.79216
0.65098 0.72549 0.79216
0.64314 0.72549 0.79608
0.63529 0.71765 0.79608
0.63137 0.71373 0.79608
0.62745 0.7098 0.79216
0.63137 0.71373 0.79608
0.63529 0.71765 0.8
0.63529 0.71765 0.79608
0.63529 0.71765 0.79216
0.63137 0.71373 0.78431
0.62745 0.72157 0.81961
0.62353 0.72157 0.81176
0.63529 0.72941 0.81176
0.64314 0.72941 0.80784
0.65098 0.72941 0.80784
0.66275 0.73333 0.80784
0.66667 0.72941 0.80784
0.67059 0.73333 0.80392
0.66667 0.73725 0.80392
0.66275 0.72941 0.8
0.6549 0.72549 0.8
0.6549 0.72549 0.80392
0.64314 0.72549 0.8
0.63529 0.71765 0.79608
0.63922 0.72157 0.80392
0.63137 0.71373 0.8
0.63137 0.7098 0.8
0.63137 0.7098 0.8
0.63137 0.71373 0.79608
0.63529 0.71765 0.79216
0.63529 0.71765 0.78824
0.63529 0.71765 0.78431
0.63529 0.71373 0.78039
0.61961 0.72157 0.81176
0.62745 0.72157 0.81961
0.62745 0.72549 0.81569
0.63137 0.72941 0.81176
0.64314 0.72941 0.81176
0.65098 0.72941 0.80392
0.66667 0.73725 0.81569
0.67059 0.73725 0.81569
0.67059 0.74118 0.81176
0.67059 0.73725 0.80784
0.6549 0.72941 0.8
0.65882 0.72549 0.80784
0.64706 0.71765 0.80784
0.64314 0.72157 0.80392
0.63529 0.71765 0.8
0.63529 0.71765 0.8
0.63529 0.71765 0.8
0.63529 0.71373 0.8
0.63529 0.71765 0.80392
0.63529 0.71765 0.79608
0.63529 0.71765 0.78824
0.63922 0.72157 0.79608
0.63922 0.72157 0.79216
0.63922 0.71765 0.78431
0.63137 0.7098 0.79216
0.62353 0.72549 0.81569
0.62745 0.72549 0.82353
0.62745 0.72157 0.81961
0.62745 0.72549 0.81569
0.63137 0.72941 0.81176
0.63922 0.72549 0.80784
0.65098 0.72549 0.80392
0.66667 0.73333 0.81176
0.67059 0.73725 0.81569
0.67059 0.73725 0.81176
0.66667 0.73333 0.80392
0.6549 0.72941 0.8
0.6549 0.72549 0.80784
0.64706 0.72157 0.80392
0.63922 0.72157 0.80392
0.63922 0.72157 0.80392
0.63529 0.71765 0.8
0.63922 0.72157 0.8
0.63137 0.71765 0.79608
0.63922 0.72157 0.80392
0.63922 0.72157 0.79608
0.63922 0.72157 0.78431
0.63922 0.72157 0.78824
0.63922 0.72157 0.78431
0.63529 0.72157 0.78824
0.55686 0.63529 0.72941
0.61961 0.72157 0.81176
0.62353 0.72549 0.81569
0.62353 0.72157 0.81569
0.62353 0.71765 0.81176
0.62353 0.71765 0.80784
0.62745 0.72157 0.80784
0.63922 0.72549 0.80784
0.65098 0.72549 0.80392
0.66275 0.73333 0.81176
0.67059 0.73725 0.81569
0.67451 0.74118 0.81176
0.67059 0.73725 0.80784
0.6549 0.72549 0.8
0.6549 0.72549 0.80392
0.64706 0.72157 0.80392
0.63922 0.72157 0.80392
0.63922 0.72157 0.80392
0.63922 0.72157 0.80392
0.63529 0.71765 0.79608
0.63529 0.71765 0.79216
0.63922 0.72157 0.79608
0.63922 0.72157 0.79216
0.63529 0.71765 0.78431
0.63529 0.71765 0.78824
0.63137 0.71765 0.78039
0.63529 0.72157 0.79216
0.51373 0.6 0.6902
0.62745 0.72157 0.81569
0.62745 0.72157 0.81569
0.61961 0.71373 0.80784
0.62353 0.71765 0.81176
0.63137 0.72549 0.81569
0.63922 0.72549 0.81176
0.64706 0.72549 0.80784
0.66667 0.73333 0.81176
0.67451 0.74118 0.81176
0.67059 0.73725 0.80784
0.66667 0.73333 0.80392
0.65882 0.72941 0.80392
0.65098 0.72157 0.80392
0.64314 0.72157 0.80392
0.63922 0.72157 0.80392
0.63922 0.72157 0.80392
0.63922 0.72157 0.80392
0.64314 0.72549 0.8
0.63922 0.72157 0.79608
0.64314 0.72549 0.8
0.63529 0.71765 0.79608
0.63529 0.71765 0.79216
0.63922 0.72157 0.79608
0.63137 0.71373 0.78824
0.64314 0.72157 0.80784
0.42745 0.51373 0.60784
0.62745 0.72157 0.81569
0.62353 0.71765 0.81176
0.61961 0.71373 0.80784
0.62353 0.71765 0.81176
0.62353 0.71765 0.81176
0.63137 0.72549 0.81569
0.63922 0.72549 0.81176
0.65098 0.72549 0.80784
0.66667 0.73333 0.81176
0.67059 0.73725 0.81569
0.67059 0.73725 0.81176
0.67059 0.73725 0.81176
0.66275 0.72941 0.80784
0.65098 0.72157 0.80392
0.64314 0.72157 0.80784
0.64314 0.72549 0.80784
0.63922 0.72157 0.80392
0.63922 0.72157 0.80392
0.64314 0.72549 0.8
0.63922 0.72157 0.79608
0.63922 0.72157 0.79608
0.63137 0.71373 0.78824
0.63529 0.71765 0.79216
0.63529 0.71765 0.79216
0.63529 0.71765 0.79608
0.58039 0.65882 0.75294
0.62745 0.72157 0.81569
0.63137 0.72549 0.81961
0.62353 0.71765 0.81176
0.62745 0.72157 0.81569
0.63529 0.72549 0.82353
0.63137 0.72549 0.81569
0.64314 0.72549 0.81176
0.64706 0.72157 0.80392
0.66667 0.73333 0.81176
0.67451 0.74118 0.81961
0.67059 0.73725 0.81569
0.66275 0.73333 0.81176
0.65882 0.72549 0.80392
0.64706 0.71765 0.8
0.64314 0.72157 0.80392
0.63922 0.72157 0.80392
0.63137 0.71765 0.8
0.63529 0.71765 0.8
0.64314 0.72549 0.8
0.63922 0.72157 0.79608
0.63922 0.72157 0.79608
0.63529 0.71765 0.79216
0.63529 0.71765 0.79216
0.63529 0.71765 0.79216
0.63922 0.72157 0.80392
0.62745 0.72941 0.81961
0.62353 0.72549 0.81569
0.61961 0.72157 0.81176
0.62353 0.72549 0.81961
0.62353 0.72157 0.81569
0.63529 0.72549 0.81569
0.63137 0.72157 0.80392
0.63922 0.72549 0.80784
0.65098 0.72549 0.80392
0.66275 0.73333 0.81176
0.67059 0.73725 0.81569
0.67451 0.73725 0.81569
0.66667 0.73333 0.81176
0.6549 0.72549 0.80392
0.64706 0.72157 0.8
0.63922 0.72157 0.80392
0.63529 0.71765 0.8
0.63529 0.72157 0.80392
0.63529 0.72157 0.80392
0.63922 0.72157 0.80392
0.64314 0.72549 0.80784
0.64314 0.72549 0.8
0.63922 0.72157 0.79608
0.63922 0.72157 0.79608
0.64314 0.72549 0.80392
0.58431 0.66275 0.74902
0.62353 0.72549 0.81961
0.62353 0.72549 0.81569
0.62353 0.72157 0.80784
0.63922 0.72549 0.80784
0.63922 0.72549 0.80784
0.65098 0.73333 0.81569
0.6549 0.72941 0.80784
0.66667 0.73725 0.81176
0.67451 0.74118 0.81569
0.67451 0.73725 0.81569
0.66275 0.73333 0.80784
0.65882 0.72941 0.80784
0.65098 0.72941 0.80784
0.64314 0.72549 0.80784
0.63529 0.72157 0.80392
0.63922 0.72549 0.80784
0.63529 0.72157 0.80392
0.63529 0.71765 0.8
0.63922 0.72157 0.80392
0.63922 0.72157 0.79608
0.63922 0.72157 0.79608
0.63922 0.72157 0.79608
0.64314 0.72549 0.80784
0.55294 0.63137 0.72157
0.63137 0.72549 0.81961
0.63529 0.72549 0.81569
0.64314 0.72941 0.81569
0.64706 0.73333 0.81569
0.65882 0.73333 0.81176
0.67059 0.7451 0.81569
0.67451 0.74118 0.81176
0.67451 0.73333 0.80784
0.66275 0.73333 0.80392
0.6549 0.72549 0.80392
0.65098 0.72549 0.80784
0.64314 0.72549 0.80784
0.63922 0.72549 0.80784
0.63137 0.71765 0.8
0.63529 0.72157 0.80392
0.63922 0.72157 0.80784
0.63529 0.71765 0.8
0.63137 0.71373 0.78824
0.63922 0.72157 0.79608
0.63529 0.71765 0.79216
0.63922 0.72157 0.80392
0.56863 0.65098 0.73725
0.62353 0.72157 0.81569
0.62745 0.72157 0.81569
0.62745 0.72157 0.81569
0.63922 0.72941 0.81569
0.64314 0.72549 0.80784
0.65098 0.72941 0.80392
0.66275 0.73725 0.80784
0.66667 0.74118 0.80784
0.66667 0.73333 0.80392
0.66667 0.73333 0.80392
0.6549 0.72549 0.80392
0.65098 0.72549 0.80784
0.64314 0.72549 0.80784
0.63922 0.72549 0.80784
0.63922 0.72157 0.80392
0.63137 0.71373 0.79608
0.63922 0.72157 0.80784
0.64314 0.72549 0.80392
0.63922 0.72157 0.79608
0.63922 0.72157 0.79608
0.63137 0.71373 0.79216
0.64314 0.72549 0.80784
0.59608 0.67451 0.76471
0.63137 0.72549 0.81961
0.62745 0.71765 0.81176
0.63137 0.72549 0.81961
0.63529 0.72157 0.81569
0.64314 0.72549 0.80784
0.65098 0.72941 0.80784
0.66275 0.73333 0.80784
0.66667 0.73725 0.80784
0.67059 0.73725 0.81176
0.67059 0.73725 0.81176
0.65882 0.72941 0.80784
0.65098 0.72549 0.80784
0.64314 0.72549 0.80784
0.63922 0.72157 0.80392
0.64314 0.72549 0.80784
0.64314 0.72549 0.80784
0.63922 0.72157 0.80392
0.64314 0.72549 0.80392
0.63922 0.72157 0.79608
0.63922 0.72157 0.79608
0.63137 0.71373 0.78824
0.63922 0.72157 0.80392
0.63137 0.71373 0.80392
0.64314 0.72549 0.81961
0.63922 0.72549 0.81961
0.63529 0.72157 0.81569
0.63922 0.72157 0.81176
0.6549 0.72941 0.81569
0.66275 0.73333 0.81569
0.66667 0.73725 0.81569
0.67059 0.73725 0.81569
0.66667 0.73333 0.81176
0.6549 0.72549 0.80392
0.64706 0.72549 0.80784
0.63922 0.72157 0.80392
0.63922 0.72157 0.80392
0.64314 0.72549 0.80784
0.63922 0.72157 0.80392
0.63529 0.71765 0.8
0.63529 0.71765 0.8
0.63922 0.72157 0.79608
0.63529 0.71765 0.79216
0.63922 0.72157 0.79608
0.63922 0.72157 0.80392
0.63922 0.72157 0.81176
0.63137 0.72157 0.81569
0.63529 0.72549 0.81961
0.64314 0.72549 0.81961
0.64706 0.72549 0.82353
0.6549 0.72549 0.81961
0.66667 0.73333 0.81961
0.66667 0.73725 0.81961
0.66275 0.73333 0.81176
0.66275 0.73333 0.81176
0.6549 0.72549 0.81176
0.6549 0.72941 0.81176
0.65098 0.72549 0.81176
0.64314 0.72549 0.80392
0.63922 0.72157 0.8
0.63529 0.71765 0.79608
0.64314 0.72157 0.8
0.63529 0.72157 0.79608
0.63529 0.72157 0.79608
0.62745 0.72157 0.79216
0.63529 0.72157 0.79608
0.63922 0.72157 0.79608
0.63529 0.71765 0.80392
0.63529 0.72157 0.81569
0.64314 0.72549 0.81961
0.64706 0.72549 0.81961
0.6549 0.72549 0.81569
0.66275 0.73333 0.81961
0.66667 0.73725 0.82353
0.65882 0.72941 0.81176
0.66275 0.73333 0.81176
0.66275 0.73333 0.81961
0.65882 0.72941 0.81176
0.65882 0.72941 0.81176
0.65098 0.73333 0.80784
0.64314 0.72549 0.8
0.64314 0.72549 0.8
0.64314 0.72549 0.8
0.63922 0.72157 0.79608
0.63137 0.72157 0.79216
0.63137 0.72549 0.79608
0.63529 0.72157 0.79608
0.63529 0.72157 0.81569
0.63529 0.72157 0.81569
0.63922 0.72157 0.81176
0.6549 0.73333 0.81569
0.66275 0.73333 0.81961
0.66275 0.73333 0.81569
0.65882 0.72941 0.80784
0.65882 0.72941 0.80784
0.6549 0.72549 0.80392
0.65098 0.72157 0.8
0.64706 0.73333 0.80784
0.64706 0.73333 0.80392
0.64314 0.72549 0.8
0.64314 0.72549 0.8
0.63922 0.72549 0.8
0.63137 0.72157 0.79216
0.63529 0.72549 0.81569
0.64314 0.72549 0.81569
0.65098 0.72941 0.81569
0.6549 0.72941 0.81961
0.65882 0.72941 0.81176
0.65882 0.72941 0.80784
0.6549 0.72549 0.80392
0.65882 0.72941 0.80784
0.6549 0.72549 0.80392
0.65098 0.72941 0.80392
0.6549 0.73333 0.80784
0.65098 0.72941 0.80784
0.63922 0.71765 0.79608
0.63922 0.72941 0.81569
0.64314 0.72549 0.81569
0.64314 0.72157 0.81569
0.64706 0.72941 0.81961
0.6549 0.72941 0.81569
0.66275 0.73333 0.81176
0.65882 0.72941 0.80784
0.65882 0.72941 0.80784
0.65882 0.72941 0.80784
0.6549 0.72157 0.8
0.65882 0.72549 0.80784
0.65098 0.72157 0.80784
0.64706 0.72549 0.81961
0.65098 0.73333 0.82353
0.66275 0.73725 0.82353
0.66275 0.73333 0.81569
0.66275 0.73333 0.81176
0.66667 0.73725 0.81569
0.6549 0.72549 0.80392
0.6549 0.73333 0.82745
0.65098 0.73333 0.82353
0.66275 0.73725 0.82353
0.66275 0.73333 0.81176
0.64706 0.72941 0.82353
0.65098 0.72941 0.82353
0.64706 0.73333 0.82353
