0.49804 0.6 0.7451
0.50196 0.60392 0.74902
0.49412 0.59608 0.74118
0.4902 0.59608 0.74902
0.48627 0.59608 0.7451
0.50196 0.60392 0.74902
0.49804 0.6 0.7451
0.49804 0.6 0.7451
0.4902 0.6 0.75294
0.4902 0.6 0.7451
0.49804 0.6 0.7451
0.49804 0.6 0.74902
0.48627 0.59608 0.74902
0.4902 0.6 0.74902
0.49412 0.60784 0.7451
0.49804 0.60392 0.74902
0.4902 0.59608 0.7451
0.48235 0.58824 0.73725
0.48627 0.59608 0.7451
0.4902 0.6 0.7451
0.4902 0.6 0.7451
0.48627 0.59608 0.74902
0.48627 0.59608 0.74118
0.4902 0.6 0.7451
0.48235 0.59608 0.73725
0.4902 0.6 0.7451
0.49412 0.60392 0.74902
0.49804 0.60392 0.75294
0.49412 0.60784 0.7451
0.4902 0.60392 0.73725
0.49804 0.6 0.73725
0.50196 0.6 0.7451
0.50196 0.60392 0.7451
0.48627 0.59608 0.74902
0.48627 0.59608 0.7451
0.4902 0.6 0.7451
0.4902 0.6 0.7451
0.49412 0.60392 0.74902
0.4902 0.6 0.7451
0.49412 0.60392 0.74902
0.49412 0.60392 0.74902
0.49412 0.60392 0.74902
0.4902 0.6 0.7451
0.50196 0.60392 0.74902
0.50196 0.60392 0.74902
0.50588 0.60784 0.74902
0.49412 0.59608 0.75294
0.4902 0.59608 0.75294
0.48235 0.59216 0.7451
0.48627 0.59608 0.7451
0.4902 0.6 0.74902
0.49804 0.60784 0.75294
0.48627 0.59608 0.7451
0.4902 0.6 0.74902
0.49804 0.60784 0.74902
0.4902 0.6 0.7451
0.4902 0.6 0.7451
0.49804 0.60392 0.74902
0.50196 0.60392 0.74902
0.50588 0.60784 0.7451
0.50196 0.60392 0.74118
0.49412 0.59216 0.74902
0.49412 0.6 0.75686
0.48627 0.6 0.75686
0.4902 0.6 0.75686
0.4902 0.6 0.75686
0.48627 0.59608 0.74902
0.48627 0.59608 0.74902
0.4902 0.6 0.75294
0.4902 0.6 0.75294
0.49412 0.60392 0.74902
0.49804 0.61176 0.74902
0.49412 0.60392 0.7451
0.49412 0.60392 0.74902
0.49804 0.60784 0.75294
0.49804 0.60392 0.7451
0.50588 0.60392 0.74118
0.50196 0.60392 0.7451
0.47843 0.59216 0.74902
0.47843 0.58824 0.7451
0.48627 0.59216 0.74902
0.48235 0.58824 0.7451
0.48235 0.59216 0.74902
0.48627 0.59608 0.75294
0.48627 0.59608 0.75294
0.4902 0.6 0.75686
0.4902 0.6 0.75294
0.49412 0.60392 0.75686
0.4902 0.6 0.75294
0.4902 0.6 0.75294
0.4902 0.6 0.7451
0.4902 0.6 0.74118
0.49412 0.60784 0.74118
0.49804 0.61176 0.74902
0.49804 0.61176 0.74902
0.50196 0.61176 0.74902
0.47451 0.58824 0.74902
0.47451 0.58824 0.7451
0.47451 0.58431 0.74118
0.48627 0.59608 0.75294
0.48627 0.59216 0.75294
0.48627 0.59608 0.75294
0.48235 0.59608 0.74902
0.48627 0.59608 0.75294
0.4902 0.6 0.75686
0.48627 0.59608 0.75294
0.4902 0.6 0.75294
0.4902 0.60392 0.75686
0.49412 0.60392 0.75686
0.4902 0.6 0.75294
0.4902 0.6 0.75294
0.4902 0.6 0.74902
0.4902 0.60392 0.74118
0.49412 0.60784 0.74118
0.47451 0.58824 0.7451
0.48235 0.59608 0.75294
0.47843 0.59216 0.74902
0.47843 0.58824 0.7451
0.47059 0.58431 0.74118
0.47843 0.59216 0.74902
0.48235 0.59608 0.75294
0.48235 0.59216 0.74902
0.49804 0.60784 0.76078
0.49412 0.60392 0.75686
0.4902 0.6 0.75294
0.48627 0.60392 0.75294
0.48235 0.59608 0.74902
0.4902 0.6 0.75294
0.49412 0.60392 0.74902
0.49412 0.60392 0.74902
0.49412 0.60392 0.74902
0.49804 0.60784 0.7451
0.47451 0.58824 0.74902
0.47451 0.58824 0.7451
0.47843 0.59216 0.74902
0.47843 0.58824 0.7451
0.47843 0.58824 0.7451
0.48235 0.59216 0.74902
0.48627 0.59608 0.75294
0.47843 0.58824 0.74902
0.47843 0.58824 0.7451
0.48627 0.59608 0.74902
0.4902 0.6 0.75294
0.48627 0.59608 0.74902
0.48627 0.60392 0.74902
0.48627 0.6 0.74902
0.4902 0.6 0.74902
0.4902 0.6 0.7451
0.4902 0.6 0.7451
0.4902 0.6 0.7451
0.49412 0.60392 0.74902
0.49804 0.61176 0.74902
0.47843 0.59216 0.75294
0.47059 0.58431 0.74118
0.47059 0.58431 0.74118
0.48235 0.59608 0.75294
0.48627 0.59608 0.75294
0.48627 0.59608 0.75294
0.48627 0.59608 0.75294
0.48235 0.59216 0.74902
0.48627 0.59608 0.74902
0.4902 0.6 0.75294
0.48627 0.59608 0.74902
0.48235 0.59608 0.7451
0.48627 0.60392 0.7451
0.48627 0.59608 0.74118
0.4902 0.6 0.7451
0.4902 0.6 0.7451
0.4902 0.6 0.7451
0.49412 0.60392 0.74902
0.48627 0.59608 0.7451
0.49412 0.60392 0.74902
0.49412 0.60784 0.7451
0.50196 0.61569 0.75294
0.47843 0.59216 0.75294
0.47843 0.59216 0.74902
0.47451 0.58824 0.7451
0.47843 0.59216 0.74902
0.48235 0.59216 0.74902
0.47843 0.59216 0.74902
0.48235 0.59216 0.74902
0.48627 0.59608 0.75294
0.4902 0.6 0.75294
0.4902 0.6 0.75294
0.48627 0.59608 0.74902
0.48627 0.59608 0.74902
0.48627 0.59608 0.74118
0.4902 0.6 0.7451
0.4902 0.6 0.7451
0.49412 0.60392 0.74902
0.49412 0.60392 0.74902
0.49804 0.60784 0.75294
0.49412 0.60392 0.75686
0.4902 0.6 0.74902
0.49804 0.60784 0.7451
0.47843 0.59216 0.75294
0.47451 0.58824 0.7451
0.47451 0.58824 0.7451
0.47843 0.59216 0.74902
0.47843 0.59216 0.74902
0.47843 0.59216 0.74902
0.48235 0.59216 0.74902
0.4902 0.6 0.75294
0.49412 0.60392 0.75686
0.4902 0.6 0.75294
0.48627 0.59608 0.74902
0.4902 0.6 0.75294
0.49412 0.60392 0.74902
0.49804 0.60784 0.75294
0.49412 0.60392 0.74902
0.4902 0.6 0.7451
0.4902 0.6 0.7451
0.4902 0.6 0.7451
0.4902 0.6 0.75294
0.4902 0.6 0.74902
0.49412 0.60392 0.7451
0.47059 0.58431 0.74118
0.47451 0.58824 0.74118
0.47843 0.59216 0.74902
0.47451 0.58824 0.74902
0.47843 0.59216 0.74902
0.47843 0.59216 0.74902
0.48627 0.59608 0.75294
0.4902 0.6 0.75294
0.4902 0.6 0.75294
0.4902 0.6 0.75294
0.4902 0.6 0.75686
0.49412 0.60392 0.75686
0.49412 0.60392 0.74902
0.49412 0.60392 0.74902
0.4902 0.6 0.7451
0.4902 0.6 0.7451
0.49804 0.60784 0.75294
0.50196 0.61176 0.75686
0.49412 0.60392 0.75294
0.49412 0.60392 0.75686
0.49412 0.60784 0.7451
0.47059 0.59216 0.75294
0.47059 0.58431 0.74902
0.48235 0.59216 0.75686
0.48235 0.59216 0.75294
0.47843 0.58824 0.7451
0.48627 0.59608 0.75294
0.48627 0.59608 0.75294
0.4902 0.6 0.75294
0.4902 0.60392 0.75294
0.48235 0.6 0.74902
0.48627 0.6 0.75294
0.4902 0.60392 0.75686
0.49412 0.60392 0.75686
0.4902 0.6 0.74902
0.4902 0.6 0.74902
0.49804 0.60784 0.74902
0.49412 0.60392 0.74902
0.49804 0.60784 0.75294
0.49804 0.60784 0.7451
0.49804 0.60784 0.74902
0.50196 0.61176 0.75294
0.47451 0.59216 0.75294
0.47059 0.59216 0.75294
0.47059 0.58431 0.74902
0.48235 0.58824 0.75686
0.48235 0.59216 0.75294
0.48235 0.59216 0.74902
0.48627 0.59216 0.75294
0.48627 0.59608 0.74902
0.49412 0.60392 0.75686
0.48627 0.60392 0.75294
0.48235 0.6 0.74902
0.48235 0.6 0.74902
0.4902 0.60392 0.75294
0.4902 0.6 0.75294
0.4902 0.6 0.75294
0.4902 0.6 0.74902
0.49412 0.60392 0.74902
0.49412 0.60392 0.74902
0.49412 0.60392 0.7451
0.4902 0.60392 0.73725
0.49412 0.60784 0.73725
0.49412 0.60784 0.74118
0.47843 0.59216 0.75294
0.46667 0.59216 0.7451
0.47451 0.58824 0.7451
0.48235 0.59216 0.74902
0.48627 0.59608 0.75294
0.48235 0.59216 0.74902
0.48235 0.59216 0.74902
0.48627 0.59608 0.74902
0.48627 0.59608 0.74902
0.48627 0.60392 0.75294
0.48627 0.60392 0.75294
0.48235 0.6 0.74902
0.4902 0.6 0.75294
0.49412 0.60392 0.75686
0.4902 0.6 0.75294
0.49412 0.60392 0.75294
0.49412 0.60392 0.7451
0.4902 0.6 0.7451
0.49804 0.60784 0.74902
0.50196 0.61569 0.74902
0.49804 0.61176 0.7451
0.49804 0.61176 0.7451
0.47843 0.59216 0.74902
0.4902 0.6 0.75686
0.4902 0.6 0.75686
0.48235 0.59608 0.75294
0.48235 0.59216 0.74902
0.48235 0.59608 0.74902
0.48235 0.59608 0.74902
0.48235 0.6 0.74902
0.48235 0.6 0.74902
0.48235 0.6 0.74902
0.4902 0.60392 0.75294
0.4902 0.60392 0.75294
0.49412 0.60392 0.75294
0.49804 0.60784 0.75294
0.49804 0.60784 0.75294
0.49412 0.60392 0.74902
0.50196 0.61176 0.75294
0.49804 0.61176 0.7451
0.49412 0.60784 0.74118
0.50196 0.61569 0.74902
0.50588 0.61176 0.74902
0.47843 0.59216 0.74902
0.47843 0.59216 0.75294
0.48235 0.59608 0.75294
0.47451 0.58824 0.7451
0.48235 0.59608 0.75294
0.48627 0.6 0.75686
0.4902 0.60784 0.75686
0.4902 0.60784 0.75686
0.48627 0.60392 0.75294
0.48627 0.60392 0.75294
0.48627 0.60392 0.75294
0.4902 0.6 0.74118
0.49412 0.60392 0.74902
0.49804 0.60784 0.75294
0.50196 0.61176 0.75686
0.49412 0.60392 0.7451
0.49412 0.60784 0.74118
0.49804 0.61176 0.7451
0.50196 0.61176 0.74902
0.5098 0.60784 0.7451
0.50588 0.61176 0.74902
0.48235 0.59608 0.75294
0.47843 0.60392 0.75686
0.47451 0.6 0.75294
0.47059 0.59608 0.74902
0.47843 0.59608 0.74902
0.47843 0.59216 0.74902
0.48235 0.59608 0.74902
0.48627 0.60392 0.75294
0.4902 0.60784 0.75686
0.4902 0.60784 0.75686
0.49804 0.61176 0.76078
0.49412 0.60392 0.75294
0.4902 0.6 0.74902
0.4902 0.6 0.75294
0.49804 0.60784 0.75294
0.49412 0.60784 0.7451
0.49412 0.60784 0.74118
0.49804 0.61176 0.7451
0.50196 0.61176 0.7451
0.50588 0.60784 0.7451
0.48627 0.6 0.75294
0.47451 0.59608 0.74902
0.47451 0.6 0.75294
0.47843 0.60392 0.75686
0.47451 0.59608 0.74902
0.48235 0.6 0.75294
0.48627 0.60392 0.75294
0.48235 0.6 0.74902
0.48235 0.6 0.74902
0.48627 0.60392 0.74902
0.4902 0.60784 0.75686
0.4902 0.60392 0.75686
0.48235 0.59608 0.7451
0.48627 0.59608 0.7451
0.49804 0.60392 0.75294
0.49804 0.60784 0.74902
0.50196 0.61176 0.74902
0.50196 0.61569 0.74902
0.49804 0.60784 0.74118
0.50196 0.60784 0.74118
0.47843 0.59608 0.7451
0.48235 0.6 0.7451
0.47451 0.6 0.74902
0.47843 0.60392 0.75686
0.47059 0.59608 0.74902
0.47451 0.59608 0.7451
0.48627 0.60392 0.75294
0.48627 0.60392 0.75686
0.4902 0.60784 0.75294
0.4902 0.60784 0.74902
0.48627 0.60392 0.7451
0.48627 0.60392 0.74902
0.48627 0.60784 0.75686
0.4902 0.60392 0.74902
0.49412 0.60392 0.74902
0.49804 0.60784 0.75294
0.4902 0.6 0.7451
0.4902 0.6 0.7451
0.47843 0.59608 0.74902
0.48235 0.6 0.75294
0.48627 0.60392 0.75294
0.4902 0.60784 0.75686
0.48627 0.60392 0.74902
0.4902 0.60784 0.75294
0.4902 0.60784 0.75294
0.4902 0.60784 0.75294
0.4902 0.60784 0.75686
0.49412 0.60784 0.75294
0.49804 0.60784 0.75294
0.50196 0.61176 0.75686
0.49804 0.60784 0.75294
0.49804 0.60392 0.75294
0.50196 0.61569 0.74902
0.48235 0.6 0.75294
0.48235 0.6 0.74902
0.4902 0.60784 0.75686
0.4902 0.60784 0.75686
0.4902 0.60392 0.75686
0.48627 0.60392 0.75294
0.4902 0.60784 0.75686
0.4902 0.60784 0.75686
0.49412 0.60784 0.75294
0.49412 0.60392 0.74902
0.49804 0.60784 0.75294
0.49804 0.60784 0.75294
0.49412 0.60392 0.74902
0.49804 0.61176 0.74902
0.48235 0.6 0.74902
0.48235 0.6 0.74902
0.48627 0.60392 0.75294
0.4902 0.60784 0.75686
0.4902 0.6 0.75294
0.48627 0.60392 0.7451
0.48627 0.60392 0.7451
0.4902 0.6 0.7451
0.48627 0.59608 0.74118
0.49412 0.60392 0.74902
0.49804 0.60784 0.75294
0.49412 0.61176 0.74902
0.4902 0.61176 0.7451
0.48627 0.61569 0.75294
0.49412 0.61569 0.75686
0.49804 0.61176 0.75686
0.5098 0.61176 0.75294
0.5098 0.61176 0.74902
0.5098 0.61176 0.74902
0.48235 0.6 0.74902
0.47843 0.59608 0.7451
0.48235 0.6 0.74902
0.48235 0.6 0.74902
0.48627 0.59608 0.74902
0.4902 0.60784 0.75294
0.49412 0.60784 0.74902
0.4902 0.6 0.7451
0.4902 0.6 0.7451
0.50196 0.61176 0.75686
0.50196 0.61176 0.75686
0.49412 0.60784 0.7451
0.4902 0.61569 0.7451
0.4902 0.61569 0.75294
0.49412 0.61176 0.75294
0.49412 0.60784 0.75294
0.49804 0.60784 0.7451
0.50588 0.61176 0.74902
0.50588 0.61176 0.74902
0.47843 0.59608 0.7451
0.48235 0.6 0.74902
0.48627 0.60392 0.75294
0.4902 0.60392 0.75294
0.49804 0.60784 0.76078
0.4902 0.60392 0.74902
0.4902 0.60784 0.74902
0.49412 0.60392 0.74902
0.49804 0.60784 0.75294
0.49804 0.60784 0.75294
0.49804 0.60784 0.75294
0.4902 0.60784 0.74902
0.4902 0.61569 0.7451
0.48627 0.61569 0.74902
0.4902 0.61176 0.75294
0.49804 0.61176 0.75686
0.50196 0.61569 0.75294
0.47843 0.6 0.74902
0.47843 0.60392 0.74902
0.4902 0.60784 0.75686
0.49412 0.60784 0.75686
0.49412 0.60784 0.75294
0.49412 0.60784 0.74902
0.49412 0.60784 0.74902
0.49412 0.60392 0.74902
0.49412 0.60392 0.74902
0.4902 0.6 0.7451
0.49412 0.60392 0.75294
0.49412 0.60392 0.75686
0.49804 0.61176 0.76078
0.49804 0.61176 0.75686
0.49412 0.60392 0.74902
0.49804 0.60784 0.75294
0.50196 0.61569 0.75294
0.47843 0.60392 0.75294
0.4902 0.60784 0.75686
0.49412 0.61176 0.75686
0.48627 0.60392 0.7451
0.49412 0.60392 0.74902
0.49412 0.60392 0.74902
0.49412 0.60392 0.74902
0.49412 0.60392 0.74902
0.49412 0.60392 0.74902
0.49412 0.60392 0.76078
0.49804 0.60784 0.76078
0.49804 0.60784 0.76078
0.50196 0.61176 0.76078
0.50196 0.61176 0.75686
0.49804 0.60784 0.75294
0.50196 0.61569 0.75294
0.48627 0.60392 0.75294
0.49412 0.61176 0.75686
0.49412 0.61176 0.75294
0.49412 0.60784 0.75294
0.49412 0.60392 0.74902
0.49412 0.60392 0.74902
0.49804 0.60784 0.75294
0.49804 0.60784 0.75294
0.49412 0.60392 0.75686
0.49804 0.60784 0.76078
0.49804 0.60784 0.76078
0.49804 0.60784 0.75686
0.49804 0.60784 0.75294
0.50196 0.61176 0.75686
0.50196 0.61176 0.74902
0.49412 0.60784 0.75686
0.49412 0.61176 0.75686
0.49804 0.61176 0.75686
0.49804 0.60784 0.75294
0.49804 0.60784 0.75294
0.50196 0.61176 0.75686
0.49412 0.60392 0.75294
0.4902 0.6 0.74902
0.4902 0.6 0.74902
0.49412 0.60784 0.75294
0.49804 0.61569 0.75686
0.50196 0.61569 0.75294
0.49804 0.61176 0.74902
0.4902 0.60784 0.75686
0.49412 0.60784 0.75686
0.49412 0.60784 0.74902
0.49804 0.61176 0.75686
0.49804 0.61176 0.75294
0.49804 0.60784 0.75294
0.49412 0.60392 0.74902
0.49412 0.60784 0.74902
0.49412 0.61176 0.75294
0.49412 0.60784 0.75686
0.4902 0.60784 0.75294
0.49412 0.61176 0.75294
0.49412 0.61176 0.75294
0.49804 0.60784 0.75294
0.49804 0.60784 0.75294
0.49412 0.61176 0.76078
0.4902 0.60784 0.75294
0.48627 0.60392 0.7451
