0.87059 0.78824 0.67451
0.87843 0.79608 0.68627
0.90196 0.82353 0.71373
0.87059 0.78824 0.67451
0.87451 0.79216 0.67843
0.89804 0.81569 0.70196
0.8902 0.81569 0.69804
0.87843 0.79608 0.68627
0.86667 0.78039 0.67451
0.86275 0.78039 0.66667
0.87451 0.79216 0.67451
0.8902 0.80784 0.6902
0.87451 0.8 0.67451
0.87843 0.78039 0.67451
0.87843 0.78824 0.67059
0.87059 0.78824 0.66667
0.88627 0.80784 0.68627
0.8902 0.80392 0.6902
0.87843 0.79216 0.67451
0.88235 0.8 0.68235
0.90196 0.82353 0.7098
0.89412 0.81569 0.7098
0.88627 0.80392 0.69804
