0.15294 0.22353 0.36471
0.15686 0.22745 0.36863
0.15686 0.22745 0.36863
0.15686 0.22745 0.36863
0.16078 0.23137 0.37255
0.14902 0.21961 0.36078
0.15686 0.22745 0.36471
0.14902 0.21961 0.36471
0.1451 0.21569 0.36078
0.15294 0.22353 0.36078
0.15686 0.22745 0.36863
0.1451 0.21961 0.35686
0.14902 0.21961 0.36471
0.15294 0.22353 0.37255
0.15294 0.22353 0.36471
0.14118 0.21569 0.35294
0.14118 0.21961 0.35686
0.14902 0.21961 0.35686
0.14902 0.21961 0.36471
0.15294 0.22353 0.37255
0.15294 0.22353 0.36471
0.14902 0.22353 0.36471
0.1451 0.22353 0.36078
0.14902 0.21961 0.36078
0.16078 0.23137 0.36863
0.16471 0.23137 0.36863
0.16078 0.23137 0.36863
