0.47843 0.46667 0.50196
0.46275 0.4549 0.49412
0.45098 0.45098 0.4902
0.44314 0.44314 0.48627
0.48235 0.47451 0.5098
0.46667 0.46275 0.49412
0.45882 0.45882 0.49804
0.45098 0.4549 0.49412
0.44314 0.44314 0.48627
0.47843 0.47059 0.50588
0.47059 0.46667 0.49804
0.45882 0.46275 0.49804
0.43922 0.44706 0.48235
0.47059 0.46275 0.49804
0.46667 0.46667 0.49804
0.45882 0.46275 0.49412
0.44314 0.44706 0.48235
0.43922 0.43922 0.47843
0.47843 0.47059 0.50196
0.46667 0.46275 0.49412
0.46275 0.46275 0.49412
0.4549 0.4549 0.48627
0.44706 0.44706 0.47843
0.47843 0.47451 0.50588
0.45882 0.45882 0.4902
0.45098 0.45098 0.48235
0.44706 0.44706 0.47843
0.46667 0.45098 0.47843
0.46275 0.4549 0.48627
0.44706 0.44314 0.47843
0.43137 0.43137 0.46667
0.42745 0.42745 0.45882
