0.95294 0.83922 0.71373
0.94118 0.82745 0.69804
0.93725 0.82353 0.6902
0.95294 0.83529 0.70196
0.94902 0.83137 0.71765
0.94118 0.83137 0.70588
0.93725 0.82353 0.69412
0.95686 0.83922 0.70196
0.95294 0.83922 0.70588
0.87843 0.76863 0.65098
0.95294 0.84314 0.70196
0.95294 0.83137 0.69804
0.95294 0.83529 0.70196
0.94902 0.83529 0.70196
0.96078 0.84706 0.71373
0.75686 0.66667 0.55294
0.96078 0.84706 0.70196
0.95294 0.83529 0.7098
0.95294 0.83922 0.70588
0.96078 0.84314 0.7098
0.60784 0.53725 0.42745
0.96078 0.85098 0.70588
0.94902 0.83137 0.71373
0.95294 0.83529 0.7098
0.96078 0.84314 0.7098
0.3451 0.32941 0.26275
0.41961 0.36078 0.28627
0.93725 0.83529 0.71373
0.95686 0.83922 0.70588
0.94902 0.83529 0.70588
0.84314 0.74118 0.64706
0.7098 0.61176 0.53333
0.53725 0.45882 0.38431
