0.05098 0.17255 0.2549
0.027451 0.16471 0.24314
0.027451 0.16471 0.24314
0.027451 0.16863 0.24314
0.027451 0.16078 0.23922
0.027451 0.16471 0.24314
0.027451 0.16863 0.24314
0.027451 0.16863 0.24314
0.023529 0.16078 0.23922
0.031373 0.17255 0.24706
0.027451 0.17255 0.24706
0.027451 0.16863 0.24314
0.023529 0.16863 0.24314
0.019608 0.16471 0.23922
0.023529 0.17255 0.24314
0.015686 0.17255 0.24314
0.015686 0.16471 0.23922
0.023529 0.16863 0.24314
0.023529 0.16863 0.24314
0.011765 0.16863 0.23922
0.0039216 0.16863 0.23922
0.0078431 0.16863 0.23922
0.027451 0.17647 0.24706
0.023529 0.16863 0.24314
0.019608 0.17255 0.24314
