0.4549 0.56471 0.74118
0.4549 0.56471 0.74118
0.47059 0.57647 0.75294
0.45882 0.56471 0.74118
0.46275 0.56863 0.7451
0.46667 0.57255 0.74902
0.4549 0.56078 0.73725
0.45882 0.56471 0.74118
0.46275 0.56863 0.7451
0.46275 0.56863 0.7451
0.46275 0.56863 0.7451
0.46275 0.56863 0.7451
0.45882 0.56471 0.74118
0.45882 0.56471 0.74118
0.46275 0.56863 0.7451
0.46275 0.56471 0.74118
0.46667 0.57255 0.74902
0.4549 0.56078 0.73725
0.45882 0.56471 0.74118
0.46275 0.56863 0.7451
0.46667 0.57255 0.74902
0.45882 0.56471 0.74118
0.46275 0.56863 0.7451
