0.2 0.31373 0.44706
0.21961 0.32549 0.46275
0.21176 0.32157 0.45882
0.21176 0.31765 0.4549
0.20784 0.32157 0.45098
0.21176 0.32549 0.45882
0.20784 0.31765 0.4549
0.20392 0.31373 0.44706
0.20392 0.31765 0.44706
0.20784 0.32157 0.4549
0.20392 0.31765 0.45098
0.20392 0.31765 0.45098
0.20392 0.31765 0.45098
0.21176 0.32549 0.45882
0.20392 0.31765 0.45098
0.20392 0.31765 0.45098
0.2 0.31373 0.44706
0.20784 0.31373 0.45098
0.20392 0.31373 0.44706
0.21176 0.31765 0.4549
0.21961 0.32157 0.45882
0.21569 0.31765 0.4549
