0.95686 0.83922 0.69804
0.94902 0.83137 0.6902
0.95294 0.83529 0.70196
0.95686 0.83922 0.69804
0.95294 0.83529 0.69412
0.9451 0.82745 0.6902
0.9451 0.82745 0.6902
0.94902 0.82745 0.68627
0.95686 0.83922 0.69804
0.95686 0.83922 0.69804
0.94902 0.83137 0.6902
0.94902 0.83137 0.6902
0.9451 0.82745 0.68627
0.9451 0.82745 0.68627
0.95294 0.83529 0.69412
0.94902 0.83137 0.6902
0.94902 0.83137 0.6902
0.94902 0.83137 0.6902
0.94902 0.83137 0.6902
0.94902 0.83137 0.6902
0.95294 0.83529 0.69412
0.95686 0.83922 0.69804
0.95686 0.83922 0.69804
0.95686 0.83922 0.69804
0.95294 0.83529 0.69412
0.94902 0.83137 0.6902
0.95294 0.83529 0.69412
0.95294 0.83529 0.69412
