0.043137 0.22745 0.40784
0.047059 0.21961 0.39608
0.05098 0.22353 0.4
0.043137 0.23137 0.41569
0.047059 0.22353 0.40784
0.05098 0.22353 0.4
0.043137 0.21569 0.39608
0.039216 0.23529 0.41961
0.039216 0.23137 0.41569
0.031373 0.21961 0.40392
0.039216 0.22353 0.40392
0.031373 0.21569 0.4
0.039216 0.22353 0.4
0.031373 0.23529 0.41961
0.027451 0.22745 0.40784
0.035294 0.22745 0.40784
0.035294 0.22353 0.40392
0.019608 0.22745 0.4
0.027451 0.22353 0.40392
0.031373 0.23137 0.41569
0.031373 0.23137 0.40784
0.027451 0.23137 0.41176
