0.26667 0.3451 0.47059
0.27059 0.3451 0.47059
0.26667 0.34118 0.47059
0.26667 0.34118 0.46667
0.27059 0.3451 0.47059
0.27059 0.3451 0.47451
0.27843 0.34902 0.47451
0.26667 0.34118 0.46667
0.26275 0.33725 0.46275
0.25882 0.33725 0.45882
0.26667 0.3451 0.47059
0.28235 0.35686 0.48235
0.2902 0.36471 0.4902
0.27843 0.35294 0.47843
0.25882 0.33333 0.45882
0.27059 0.3451 0.47059
0.27059 0.3451 0.47059
0.26667 0.34118 0.46667
0.26667 0.34118 0.46667
0.26275 0.33725 0.46275
0.27059 0.3451 0.46667
0.26667 0.34118 0.46275
0.27059 0.3451 0.47059
0.27059 0.3451 0.47451
0.26667 0.34118 0.46667
0.27451 0.34902 0.46667
0.27843 0.35294 0.47059
0.27451 0.34902 0.46667
0.27451 0.34902 0.46667
