0.59608 0.71765 0.82353
0.59216 0.71373 0.82353
0.6 0.71765 0.82745
0.59608 0.71373 0.82745
0.59216 0.7098 0.81961
0.59216 0.71373 0.82353
0.59608 0.71373 0.82353
0.6 0.71765 0.82745
0.6 0.71765 0.82745
0.59608 0.71765 0.82745
0.59608 0.71373 0.82353
0.59216 0.7098 0.82353
0.59608 0.71373 0.82353
0.6 0.71765 0.82745
0.60392 0.71765 0.82745
0.59608 0.71373 0.82745
0.59608 0.71373 0.82353
0.60392 0.71765 0.82745
0.60392 0.72157 0.83529
0.6 0.71765 0.82745
0.60392 0.71765 0.82745
0.60392 0.72157 0.83137
0.60392 0.72157 0.83137
0.6 0.71765 0.82745
0.6 0.71765 0.82745
0.60392 0.71765 0.82745
0.6 0.71765 0.83137
0.6 0.72157 0.82745
0.60392 0.72157 0.83137
