0.60784 0.67451 0.75686
0.60392 0.67451 0.75294
0.6 0.67059 0.74902
0.61176 0.67843 0.75686
0.60784 0.67451 0.75294
0.6 0.67451 0.74902
0.61176 0.68235 0.76471
0.61569 0.68235 0.75294
0.61176 0.67843 0.75686
0.60784 0.67451 0.75294
0.61569 0.68235 0.76078
0.56078 0.63529 0.72549
0.61961 0.68235 0.75294
0.61569 0.68235 0.75294
0.61176 0.67843 0.75686
0.61176 0.67451 0.75294
0.61961 0.68627 0.76078
0.42353 0.49412 0.59216
0.61961 0.68235 0.75686
0.61569 0.68235 0.75294
0.61569 0.68235 0.76078
0.61961 0.6902 0.77255
0.48627 0.55294 0.63529
0.32549 0.39216 0.50196
0.61569 0.68235 0.75686
0.61569 0.68235 0.76078
0.61961 0.68235 0.76863
0.56863 0.64706 0.73333
0.3098 0.39216 0.4902
0.30196 0.38431 0.50196
0.58824 0.65098 0.7451
0.38824 0.47059 0.56863
