0.55686 0.67451 0.81569
0.56471 0.67843 0.81961
0.55686 0.67843 0.81961
0.55294 0.67843 0.81569
0.55294 0.67843 0.81569
0.56078 0.67843 0.81569
0.56078 0.67843 0.81961
0.55686 0.67843 0.81569
0.56078 0.67843 0.81569
0.56078 0.67843 0.81176
0.56078 0.67843 0.81176
0.55294 0.67451 0.81176
0.56078 0.67843 0.81176
0.56078 0.67843 0.81176
0.56078 0.67843 0.81176
0.56078 0.67843 0.81176
0.55294 0.67451 0.81176
0.56078 0.67451 0.80784
0.56078 0.67843 0.81176
0.56078 0.67843 0.81176
0.55686 0.67451 0.80784
