0.33333 0.63137 0.82353
0.32941 0.62745 0.81961
0.33333 0.63137 0.82353
0.32941 0.62745 0.81961
0.33725 0.63922 0.83529
0.33333 0.63529 0.83137
0.33333 0.63529 0.82745
0.32941 0.63137 0.81961
0.33725 0.64314 0.83529
0.33333 0.63922 0.83137
0.32941 0.63529 0.82353
0.31765 0.62745 0.81569
0.31765 0.62353 0.81176
0.33333 0.64314 0.83529
0.32549 0.63922 0.83137
0.32941 0.63922 0.83137
0.32549 0.63137 0.82353
0.32941 0.63529 0.82745
0.32549 0.63137 0.82353
0.32941 0.64706 0.83922
0.32549 0.63922 0.83529
0.32941 0.63922 0.83137
0.32157 0.63137 0.81961
0.32549 0.63529 0.82745
0.32941 0.63922 0.83137
0.31373 0.62353 0.81569
0.32941 0.65098 0.84706
0.32941 0.64314 0.84314
0.32549 0.64314 0.83922
0.32157 0.63922 0.83529
0.31765 0.63529 0.83137
0.31765 0.63922 0.83529
0.3098 0.63137 0.82745
