0.12157 0.21176 0.34118
0.13333 0.22353 0.34902
0.13725 0.21961 0.34902
0.1451 0.21961 0.35294
0.1451 0.21961 0.34902
0.14902 0.23137 0.35294
0.1451 0.22745 0.34902
0.13725 0.22745 0.35294
0.13333 0.22353 0.34902
0.1451 0.22745 0.35294
0.1451 0.22353 0.34902
0.15294 0.23137 0.35686
0.14902 0.23137 0.35294
0.1451 0.22745 0.34902
0.14118 0.23529 0.35686
0.12941 0.22353 0.34118
0.13725 0.22353 0.3451
0.15294 0.23137 0.35294
0.14902 0.22745 0.34902
0.14902 0.23137 0.35294
0.14902 0.23137 0.35294
0.1451 0.22353 0.35294
0.13725 0.21961 0.34902
0.13725 0.23137 0.35294
0.13333 0.22745 0.3451
0.14118 0.22745 0.34902
0.15294 0.23137 0.35686
0.14902 0.22745 0.34902
0.14902 0.23137 0.35294
0.1451 0.22745 0.34902
0.15686 0.23529 0.37255
0.15686 0.23529 0.37255
0.15294 0.23137 0.36471
0.15294 0.23137 0.36078
0.15294 0.23137 0.36078
0.14902 0.22745 0.36078
0.14118 0.21961 0.35294
0.13725 0.22745 0.34902
0.13333 0.22353 0.3451
0.1451 0.23137 0.35294
0.15294 0.23137 0.35686
0.15294 0.23137 0.35686
0.15294 0.23529 0.35686
0.14902 0.23137 0.35294
0.16078 0.23922 0.37647
0.16078 0.23922 0.37647
0.15294 0.23137 0.36863
0.14902 0.22745 0.36471
0.15686 0.23529 0.36471
0.1451 0.22353 0.36078
0.14118 0.21961 0.35294
0.14902 0.22745 0.35686
0.14118 0.22353 0.3451
0.14902 0.23137 0.35294
0.15686 0.23137 0.35686
0.15686 0.23137 0.35686
0.14902 0.23137 0.35294
0.15294 0.23529 0.35686
0.14902 0.23137 0.35294
0.16078 0.24706 0.38039
0.1451 0.23137 0.36863
0.14902 0.22745 0.36471
0.1451 0.22353 0.36078
0.15294 0.23137 0.35686
0.14118 0.21961 0.35686
0.14118 0.21569 0.35294
0.1451 0.22745 0.35294
0.1451 0.22745 0.34902
0.14118 0.23137 0.35294
0.15686 0.23529 0.36078
0.15294 0.23137 0.35294
0.14902 0.23137 0.35294
0.1451 0.22745 0.34902
0.14902 0.23137 0.35294
0.14118 0.22745 0.36078
0.14902 0.23137 0.36863
0.14902 0.22745 0.36078
0.1451 0.22745 0.35686
0.15294 0.23137 0.36471
0.1451 0.22745 0.36078
0.13725 0.21961 0.3451
0.13725 0.22745 0.34902
0.14118 0.23529 0.35686
0.16078 0.24706 0.36863
0.15686 0.23922 0.36078
0.1451 0.22745 0.34902
0.14118 0.22353 0.3451
0.1451 0.22745 0.34902
0.15294 0.23529 0.37255
0.15294 0.23529 0.37255
0.15294 0.23137 0.36471
0.15294 0.22745 0.35686
0.16078 0.23137 0.36078
0.15294 0.22745 0.36078
0.14118 0.22353 0.3451
0.14118 0.22353 0.34902
0.15294 0.23922 0.36078
0.15686 0.23922 0.35686
0.16078 0.24314 0.36078
0.15294 0.23137 0.35686
0.14118 0.21961 0.34118
0.15686 0.23922 0.36078
0.14902 0.23529 0.36863
0.15294 0.23529 0.37255
0.15686 0.23137 0.36863
0.16078 0.22745 0.35686
0.16471 0.23529 0.36078
0.15294 0.22353 0.34902
0.1451 0.21569 0.34902
0.15294 0.22353 0.36078
0.16863 0.23137 0.36078
0.16078 0.23137 0.35686
0.16863 0.23922 0.36863
0.16863 0.23137 0.36078
0.1451 0.22353 0.3451
0.14902 0.23922 0.37255
0.1451 0.23922 0.37255
0.14902 0.23922 0.36863
0.14118 0.22353 0.35294
0.16471 0.25098 0.38824
0.23922 0.28627 0.4
0.26667 0.28627 0.38431
0.27059 0.2902 0.38431
0.27059 0.2902 0.37647
0.2549 0.28627 0.38039
0.21961 0.26667 0.37255
0.16471 0.22745 0.35686
0.16078 0.22745 0.35686
0.14902 0.23922 0.37255
0.14118 0.23137 0.36863
0.12549 0.22745 0.36078
0.16863 0.32941 0.47843
0.3451 0.50588 0.64314
0.20392 0.23529 0.33725
0.15294 0.23137 0.36471
0.14902 0.23922 0.37647
0.12941 0.22353 0.37255
0.21961 0.41569 0.56471
0.29804 0.55294 0.71765
0.34118 0.55294 0.69412
0.11373 0.21961 0.35686
0.066667 0.18039 0.33333
0.21961 0.43529 0.61961
0.29804 0.56863 0.76471
0.31373 0.54902 0.70196
0.48235 0.56471 0.60784
0.062745 0.17255 0.32549
0.054902 0.16078 0.31765
0.14118 0.31373 0.49412
0.3098 0.56471 0.76078
0.32157 0.55294 0.70588
0.44706 0.55294 0.63529
0.05098 0.16863 0.34118
0.066667 0.16863 0.33333
0.062745 0.20392 0.36863
0.29412 0.52549 0.70588
0.32157 0.55294 0.7098
0.41176 0.54902 0.6549
0.062745 0.17647 0.33333
0.039216 0.15686 0.32157
0.22745 0.41569 0.58039
0.32157 0.56078 0.72549
0.36471 0.53333 0.66275
0.054902 0.17255 0.32941
0.047059 0.15686 0.3098
0.13725 0.2902 0.45098
0.32549 0.55686 0.73333
0.34118 0.53333 0.68235
0.039216 0.15686 0.32157
0.047059 0.16078 0.31373
0.066667 0.2 0.36078
0.30196 0.51765 0.69412
0.30588 0.52549 0.6902
0.039216 0.16471 0.31373
0.22745 0.43922 0.6
0.28627 0.53725 0.70196
0.47059 0.55686 0.60784
0.19216 0.36863 0.52941
0.2902 0.54118 0.7098
0.47059 0.56863 0.63529
0.12941 0.29804 0.45098
0.30588 0.55294 0.70588
0.47451 0.56471 0.64314
0.29804 0.52941 0.6902
0.42353 0.54902 0.64314
0.26667 0.48627 0.6549
0.37647 0.5451 0.6549
0.21961 0.44314 0.61176
0.3098 0.52549 0.68235
0.15686 0.36078 0.53725
0.29412 0.52549 0.69804
0.53333 0.57255 0.62353
0.27059 0.53333 0.69412
0.50196 0.56863 0.63137
0.23529 0.51373 0.68235
0.41961 0.54118 0.61176
0.21961 0.48235 0.6549
0.38431 0.53725 0.62353
0.2 0.44706 0.61176
0.36078 0.53333 0.64314
0.16078 0.37647 0.52549
0.33725 0.54118 0.66275
0.29804 0.52549 0.67843
0.52549 0.56078 0.60392
0.25882 0.5098 0.67451
0.47843 0.54118 0.60392
0.25098 0.50588 0.66275
0.43529 0.52941 0.58824
0.23922 0.47843 0.65098
0.38039 0.52549 0.59608
0.20392 0.43137 0.60392
0.32157 0.51373 0.61961
0.31373 0.51373 0.65882
0.29804 0.51373 0.66667
0.27451 0.5098 0.67843
0.24706 0.50196 0.68235
0.23529 0.50588 0.68235
0.23529 0.50588 0.68627
0.35294 0.51765 0.62353
0.22353 0.48627 0.67451
0.32941 0.52157 0.65098
0.20392 0.4549 0.63137
0.32157 0.52549 0.67059
0.18039 0.41176 0.58431
0.31373 0.53725 0.6902
0.27843 0.53725 0.6902
0.26667 0.53333 0.69804
0.43137 0.54902 0.61176
0.27451 0.53725 0.71373
0.39216 0.5451 0.63529
0.27059 0.53333 0.7098
0.36471 0.54118 0.64314
0.27059 0.52941 0.70196
0.32941 0.53333 0.64706
0.26667 0.51765 0.6902
0.30588 0.53333 0.66667
0.26275 0.5098 0.67843
0.2902 0.53725 0.6902
0.51373 0.58824 0.62745
0.24314 0.48627 0.65098
0.26275 0.54118 0.70588
0.44314 0.56471 0.62745
0.21961 0.47059 0.61961
0.25882 0.5451 0.7098
0.41176 0.56078 0.63529
0.21176 0.44314 0.60392
0.27059 0.55294 0.71373
0.37647 0.56078 0.65098
0.20784 0.42353 0.58431
0.27059 0.54902 0.71373
0.33725 0.54902 0.67843
0.18431 0.4 0.56078
0.27059 0.54902 0.71373
0.31373 0.54118 0.6902
0.17255 0.36863 0.54118
0.27843 0.5451 0.71765
0.29804 0.54118 0.70588
0.49412 0.56863 0.61569
0.16471 0.35294 0.52941
0.2902 0.54902 0.73333
0.27451 0.53725 0.72549
0.44706 0.55294 0.63529
0.29804 0.55686 0.74902
0.25882 0.54118 0.72157
0.39216 0.52941 0.64314
0.26667 0.55686 0.74902
0.23529 0.5451 0.72549
0.34902 0.52157 0.6549
0.24706 0.55294 0.73725
0.23922 0.54902 0.73725
0.31373 0.53725 0.68235
0.23922 0.55294 0.73333
0.24706 0.54902 0.74902
0.29412 0.5451 0.70588
0.23137 0.54118 0.73333
0.23922 0.5451 0.74902
0.25882 0.53333 0.7098
0.24314 0.53333 0.73725
0.23529 0.5451 0.74118
0.23922 0.53725 0.73333
0.43922 0.56078 0.63137
0.24314 0.52157 0.73725
0.24314 0.55294 0.73725
0.23529 0.54902 0.74902
0.38824 0.54902 0.6549
0.22745 0.50588 0.71765
0.2549 0.55294 0.75294
0.2549 0.56078 0.74902
0.35686 0.54902 0.66275
0.21961 0.49804 0.70588
0.2549 0.54902 0.7451
0.3451 0.55294 0.68235
