0.91373 0.84314 0.75294
0.93333 0.87451 0.76863
0.94902 0.87843 0.78431
0.92549 0.87059 0.75686
0.94118 0.87451 0.77255
0.93333 0.86275 0.76471
0.92941 0.87451 0.77647
0.91373 0.8549 0.74902
0.94118 0.87843 0.77647
0.93333 0.87059 0.76863
0.85098 0.80784 0.73333
0.91765 0.86275 0.75686
0.94118 0.87843 0.77647
0.94118 0.87843 0.77647
0.70196 0.67451 0.61961
0.91373 0.85882 0.75294
0.92157 0.85882 0.76078
0.52157 0.5098 0.4902
0.93333 0.86667 0.76863
0.36471 0.35686 0.38431
0.22745 0.24706 0.29804
0.15686 0.18824 0.25098
