0.9098 0.79216 0.67843
0.90196 0.78824 0.67059
0.90196 0.78431 0.67451
0.9098 0.79216 0.68235
0.90588 0.79216 0.67451
0.90196 0.78824 0.67059
0.90588 0.78824 0.67843
0.90588 0.78824 0.67843
0.90196 0.78431 0.67451
0.90196 0.78431 0.67451
0.90196 0.78824 0.67451
0.90196 0.78824 0.67059
0.90588 0.79216 0.67843
0.90196 0.78431 0.67059
0.90196 0.78824 0.67451
0.90588 0.79216 0.67451
0.90196 0.78824 0.67059
0.90196 0.78824 0.67059
0.90196 0.78824 0.67059
0.90588 0.79216 0.67451
0.90196 0.78824 0.67059
0.89804 0.78431 0.66667
0.90196 0.78824 0.67059
