0.55686 0.68235 0.83529
0.55686 0.68235 0.83137
0.55686 0.68235 0.83529
0.55686 0.68235 0.83529
0.56078 0.68627 0.83922
0.56078 0.68627 0.83922
0.55686 0.68235 0.83529
0.55294 0.67843 0.83137
0.55294 0.67843 0.83137
0.55686 0.68235 0.83529
0.56078 0.68627 0.83922
0.55294 0.67843 0.83137
0.56078 0.68627 0.83922
0.55686 0.68235 0.83529
0.55686 0.68235 0.83529
0.56078 0.68627 0.83529
0.55686 0.68235 0.83137
0.56078 0.68627 0.83922
0.55294 0.67843 0.83137
0.56078 0.68627 0.83922
0.56471 0.6902 0.84314
0.55686 0.68235 0.83137
0.56078 0.68627 0.83922
