0.58039 0.6549 0.72941
0.57255 0.6549 0.73333
0.58824 0.65882 0.73725
0.58039 0.6549 0.72941
0.57255 0.6549 0.73333
0.56863 0.65098 0.73725
0.58824 0.65882 0.73725
0.58431 0.6549 0.73333
0.57647 0.6549 0.72941
0.56863 0.65098 0.72941
0.56471 0.64706 0.73333
0.58039 0.66275 0.73725
0.57647 0.65882 0.74118
0.57647 0.65882 0.74118
0.57255 0.6549 0.73333
0.56078 0.64706 0.72941
0.56078 0.64706 0.72941
0.58039 0.66275 0.73725
0.57255 0.6549 0.73725
0.57255 0.6549 0.73725
0.56863 0.65098 0.73333
0.56078 0.64706 0.72941
0.55686 0.64314 0.72549
0.57647 0.65882 0.73333
0.57647 0.65882 0.74118
0.57255 0.6549 0.73725
0.57255 0.6549 0.73725
0.56471 0.65098 0.73333
0.55294 0.64314 0.72549
0.58039 0.65882 0.73725
0.57255 0.6549 0.72941
0.57255 0.6549 0.73333
0.56863 0.65098 0.73333
0.56863 0.65098 0.73333
