0.96471 0.89804 0.77647
0.96863 0.89804 0.76471
0.96471 0.89804 0.76863
0.96078 0.8902 0.76078
0.97255 0.90588 0.78039
0.95686 0.89412 0.76863
0.95686 0.89412 0.76471
0.95294 0.8902 0.75686
0.95294 0.8902 0.75686
0.94902 0.88627 0.75686
0.93725 0.87843 0.7451
0.93725 0.88627 0.78431
0.97255 0.9098 0.77647
0.96471 0.90588 0.77255
0.96471 0.90196 0.77255
0.96078 0.89804 0.76863
0.94902 0.88627 0.75686
0.94902 0.89412 0.76471
0.94902 0.8902 0.76863
0.9451 0.87843 0.76078
0.9451 0.87451 0.75294
0.95686 0.90588 0.8
0.97255 0.9098 0.78431
0.96863 0.90588 0.78431
0.97255 0.9098 0.78431
0.96078 0.89804 0.77255
0.95686 0.89412 0.76863
0.96078 0.89804 0.77647
0.95294 0.8902 0.77255
0.95294 0.88235 0.76471
0.95294 0.87451 0.75686
0.97255 0.90588 0.78824
0.96863 0.90588 0.79608
0.96863 0.90588 0.78824
0.96471 0.89804 0.78039
0.96863 0.90196 0.78431
0.96078 0.89412 0.77647
0.95686 0.88627 0.77255
0.94902 0.87843 0.76078
0.9451 0.86667 0.74902
0.96471 0.90588 0.78824
0.96078 0.89804 0.78039
0.96471 0.90196 0.78039
0.96078 0.89804 0.78039
0.95686 0.89412 0.77647
0.95686 0.8902 0.76863
0.9451 0.87059 0.74902
0.93333 0.8549 0.72941
0.96471 0.90588 0.78431
0.96078 0.90196 0.78039
0.96471 0.90588 0.78431
0.96078 0.90588 0.78039
0.95686 0.89412 0.76863
0.9451 0.87451 0.7451
0.92941 0.8549 0.72549
0.96078 0.90196 0.78039
0.96078 0.90196 0.78039
0.96471 0.90588 0.78431
0.96078 0.90196 0.78039
0.95686 0.89412 0.76863
0.9451 0.87451 0.7451
0.96471 0.90588 0.78431
0.96078 0.90196 0.78039
0.95294 0.89412 0.77255
0.94902 0.88235 0.76078
0.94902 0.87843 0.74902
0.9451 0.87451 0.74118
0.93333 0.86275 0.73725
0.94118 0.87059 0.74118
