0.14902 0.15294 0.098039
0.098039 0.10196 0.07451
0.14902 0.16471 0.12549
0.18431 0.21569 0.15686
0.1451 0.14902 0.090196
0.12941 0.13725 0.070588
0.13333 0.14118 0.10588
0.12549 0.14118 0.10196
0.11373 0.14118 0.094118
0.10588 0.12157 0.07451
0.13333 0.1451 0.098039
0.11373 0.12549 0.058824
0.16078 0.17255 0.11765
0.1098 0.12549 0.086275
0.13333 0.16078 0.1098
0.12157 0.15686 0.10588
0.11765 0.14118 0.094118
0.1451 0.17255 0.10588
0.10196 0.11373 0.07451
0.14118 0.16863 0.12157
0.11765 0.14902 0.10196
0.12157 0.13725 0.098039
0.18039 0.19216 0.13333
0.19216 0.21176 0.16471
