0.61961 0.72157 0.81961
0.62745 0.72941 0.82745
0.62745 0.72941 0.82745
0.62353 0.72549 0.82353
0.62745 0.72941 0.82745
0.62353 0.72549 0.82353
0.61961 0.72549 0.81961
0.62745 0.72941 0.83137
0.62745 0.72941 0.82745
0.62745 0.72941 0.82745
0.62353 0.72549 0.82353
0.61961 0.72549 0.81961
0.62353 0.72941 0.83137
0.62745 0.72941 0.82745
0.62353 0.72549 0.82353
0.62353 0.72549 0.82353
0.62353 0.72549 0.82745
0.62745 0.72941 0.82745
0.62353 0.72549 0.82353
0.61961 0.72157 0.81961
0.62745 0.72941 0.82745
0.62745 0.72941 0.82745
0.62745 0.72941 0.82745
0.62745 0.72941 0.82353
0.62745 0.72941 0.82745
0.62353 0.72549 0.82353
0.62353 0.72549 0.82353
0.62353 0.72549 0.82353
