0.40784 0.38039 0.38431
0.33333 0.33725 0.38431
0.35686 0.3451 0.37647
0.32941 0.34902 0.4
0.31373 0.32157 0.35686
0.29412 0.31373 0.35686
0.32941 0.34118 0.38039
0.32941 0.34118 0.38039
0.31373 0.32549 0.36471
0.29804 0.31765 0.36471
0.38431 0.37647 0.4
0.32941 0.34902 0.39216
0.33725 0.3451 0.38824
0.32549 0.33725 0.38039
0.31373 0.32549 0.37255
0.35294 0.3451 0.39216
0.3451 0.35294 0.40392
0.32157 0.33725 0.39216
0.31765 0.32941 0.38039
0.31373 0.32157 0.36863
0.35294 0.35294 0.40784
0.35294 0.35686 0.40392
0.32549 0.34118 0.39608
0.32157 0.33725 0.38824
0.3098 0.32549 0.37255
0.41961 0.37647 0.39608
0.35294 0.35686 0.42745
0.34902 0.35686 0.40784
0.33725 0.3451 0.39608
0.3098 0.32941 0.37647
0.33333 0.34118 0.39216
