0.65098 0.60784 0.57255
0.6549 0.60392 0.56863
0.65098 0.60784 0.56863
0.65882 0.61176 0.57255
0.65098 0.60784 0.57647
0.64706 0.60784 0.57255
0.65098 0.61176 0.57255
0.66667 0.62353 0.58824
0.63137 0.59608 0.55686
0.6549 0.60784 0.56863
0.65098 0.60784 0.58039
0.64706 0.60784 0.57647
0.65098 0.61176 0.57255
0.64706 0.60784 0.56863
0.64706 0.61176 0.57255
0.6549 0.61569 0.57647
0.65098 0.61176 0.57255
0.65098 0.61176 0.57255
0.65098 0.61176 0.57647
0.65098 0.61176 0.57647
0.6549 0.61569 0.57647
0.6549 0.61569 0.57255
0.65882 0.61961 0.58039
0.6549 0.61569 0.58039
