0.4 0.52157 0.66275
0.38431 0.50588 0.6549
0.36863 0.49804 0.64314
0.35294 0.48627 0.63529
0.43529 0.55686 0.6902
0.4 0.53333 0.67059
0.37647 0.5098 0.6549
0.36471 0.50196 0.64314
0.34902 0.48235 0.62745
0.43922 0.55686 0.6902
0.40392 0.53333 0.66667
0.38039 0.51373 0.65098
0.36471 0.49804 0.63922
0.34902 0.48235 0.62745
0.34118 0.47451 0.61961
0.43529 0.55294 0.68235
0.40784 0.53333 0.66667
0.38039 0.51373 0.65098
0.36471 0.49804 0.64314
0.35294 0.48627 0.63137
0.35686 0.4902 0.63529
0.43922 0.55686 0.6902
0.40784 0.53333 0.66667
0.38039 0.51373 0.65098
0.36078 0.49412 0.63529
0.35294 0.48627 0.63137
0.35686 0.4902 0.63529
0.32549 0.45882 0.60392
0.44314 0.55686 0.6902
0.41961 0.53725 0.67059
0.38431 0.5098 0.65098
0.36471 0.49804 0.63922
0.34902 0.48235 0.62745
0.33725 0.47059 0.61569
0.33333 0.46667 0.61176
0.44706 0.56078 0.69412
0.41569 0.53333 0.67059
0.38824 0.5098 0.65098
0.36471 0.49804 0.63922
0.34902 0.48235 0.62745
0.35294 0.48627 0.63137
0.33725 0.47059 0.61961
0.44314 0.55686 0.6902
0.41569 0.52941 0.66667
0.39216 0.51765 0.6549
0.36471 0.49804 0.63922
0.35686 0.4902 0.63529
0.35294 0.48627 0.63137
0.32941 0.46275 0.61176
0.3098 0.44314 0.59216
0.30588 0.43922 0.58824
0.43922 0.55686 0.6902
0.41176 0.52941 0.66667
0.38431 0.5098 0.6549
0.36471 0.49804 0.63922
0.35686 0.4902 0.63529
0.35686 0.4902 0.63529
0.33333 0.46667 0.61569
0.30588 0.43922 0.58824
0.30196 0.43922 0.58824
0.30588 0.43529 0.58431
0.44314 0.56078 0.69412
0.40784 0.52941 0.67059
0.38431 0.5098 0.65882
0.36471 0.49412 0.64314
0.35686 0.4902 0.63529
0.35686 0.4902 0.63137
0.33725 0.47059 0.61961
0.3098 0.44314 0.59216
0.3098 0.44314 0.59216
0.30196 0.43529 0.58431
0.41569 0.53725 0.67843
0.38431 0.5098 0.65882
0.36471 0.49804 0.64314
0.34902 0.48235 0.62745
0.35686 0.4902 0.63529
0.3451 0.47843 0.62745
0.3098 0.44314 0.59216
0.31373 0.44706 0.59608
0.30588 0.43922 0.58824
0.41176 0.53725 0.67451
0.38431 0.51373 0.65882
0.36471 0.49804 0.63922
0.34902 0.48235 0.62745
0.35686 0.48627 0.63529
0.3451 0.47451 0.62353
0.31373 0.44314 0.59216
0.3098 0.44314 0.59216
0.30588 0.43922 0.58824
0.41176 0.53725 0.67059
0.38039 0.51373 0.65098
0.36471 0.49804 0.63529
0.35686 0.4902 0.63529
0.36078 0.4902 0.63922
0.34118 0.46667 0.61569
0.31765 0.44314 0.59216
0.30588 0.43922 0.58431
0.3098 0.44314 0.58824
0.41569 0.54118 0.67451
0.38824 0.51765 0.6549
0.36863 0.50196 0.63922
0.35686 0.4902 0.63137
0.32549 0.44706 0.59216
0.32157 0.44314 0.59216
0.31373 0.43922 0.58824
0.3098 0.43922 0.58824
0.41569 0.54118 0.67451
0.38824 0.51765 0.6549
0.37255 0.49804 0.64314
0.34118 0.4549 0.59608
0.31765 0.44314 0.58824
0.41176 0.53333 0.67451
0.39216 0.52157 0.65882
0.38039 0.5098 0.64314
0.32157 0.44706 0.58039
0.41569 0.53725 0.67843
0.39216 0.52157 0.65882
0.37255 0.50196 0.64314
0.36863 0.49804 0.63529
0.39216 0.52157 0.65882
0.37255 0.50196 0.64706
0.36471 0.49412 0.63529
0.38431 0.51765 0.6549
0.37255 0.50196 0.64706
0.36863 0.47843 0.62353
0.38824 0.52157 0.65882
0.37647 0.49804 0.64314
0.40392 0.52157 0.66667
0.35686 0.47451 0.61569
0.36863 0.48235 0.61961
0.38431 0.49804 0.63137
