0.85098 0.77255 0.67451
0.85882 0.78039 0.67843
0.84314 0.76471 0.66667
0.83922 0.76078 0.66275
0.85098 0.77255 0.67451
0.85098 0.77255 0.67451
0.84314 0.76471 0.66667
0.84706 0.77255 0.67451
0.84314 0.76471 0.66667
0.85098 0.77255 0.67451
0.86667 0.78431 0.67843
0.87059 0.79216 0.69412
0.85882 0.78039 0.67843
0.85882 0.77647 0.67843
0.85882 0.78039 0.67843
0.8549 0.77647 0.67451
0.85882 0.77647 0.67059
0.87059 0.79216 0.68627
0.87059 0.78431 0.67843
0.87059 0.78824 0.68235
0.85882 0.77647 0.67059
0.86275 0.78039 0.67451
0.85882 0.77647 0.67059
0.84706 0.76863 0.66275
0.85882 0.78039 0.67451
0.88627 0.80392 0.69804
0.8902 0.80784 0.70196
0.86667 0.78431 0.67843
0.84314 0.76078 0.6549
0.88627 0.80392 0.69804
0.8549 0.76863 0.67451
0.86275 0.77647 0.68235
