0.49412 0.55294 0.67451
0.49804 0.56471 0.6902
0.49804 0.56078 0.6902
0.49412 0.56078 0.68627
0.49412 0.55686 0.68627
0.49804 0.55686 0.68627
0.49412 0.55686 0.68627
0.50196 0.56078 0.6902
0.50588 0.56471 0.69412
0.49412 0.55294 0.68235
0.49412 0.55294 0.68235
0.49804 0.55686 0.68627
0.49412 0.55686 0.68235
0.48627 0.5451 0.66667
0.38824 0.42745 0.56471
0.47843 0.55294 0.67843
0.48627 0.55686 0.68627
0.49412 0.55686 0.6902
0.49412 0.55686 0.68627
0.49412 0.55686 0.6902
0.4902 0.55294 0.68627
0.48627 0.54902 0.67843
0.49804 0.56078 0.6902
0.50196 0.56078 0.6902
0.49804 0.55686 0.68627
0.49804 0.55686 0.68627
0.49412 0.55294 0.68235
0.4902 0.54902 0.67843
0.48627 0.5451 0.66667
0.38824 0.43137 0.56471
0.50588 0.56471 0.69804
0.49412 0.56471 0.69412
0.4902 0.55686 0.68627
0.4902 0.55294 0.68627
0.49804 0.56078 0.6902
0.49804 0.56471 0.6902
0.4902 0.55686 0.67843
0.48627 0.55294 0.67451
0.49412 0.55686 0.68235
0.49804 0.56078 0.68235
0.49804 0.56078 0.68235
0.49804 0.56078 0.68235
0.49412 0.55294 0.67843
0.49412 0.55294 0.67843
0.50196 0.56078 0.68235
0.37255 0.42745 0.55294
0.49804 0.56078 0.6902
0.50588 0.56471 0.69804
0.49804 0.56078 0.69412
0.49412 0.56078 0.68627
0.49804 0.56471 0.68235
0.49804 0.56471 0.68235
0.50196 0.56863 0.68235
0.49804 0.56471 0.68235
0.49804 0.56471 0.68235
0.49804 0.56471 0.68235
0.4902 0.55686 0.67451
0.4902 0.55686 0.67059
0.48627 0.55294 0.67059
0.48627 0.54902 0.67059
0.4902 0.55294 0.67451
0.37647 0.43922 0.56078
0.50588 0.56863 0.69412
0.50588 0.56863 0.69804
0.49804 0.56078 0.6902
0.49412 0.55686 0.68627
0.49412 0.56078 0.67843
0.50196 0.56471 0.68627
0.5098 0.56863 0.6902
0.50196 0.56471 0.68235
0.50196 0.56078 0.68235
0.49412 0.56078 0.67843
0.4902 0.55686 0.67451
0.49412 0.56078 0.67843
0.4902 0.55686 0.67451
0.48235 0.54902 0.66667
0.49412 0.56078 0.67843
0.38431 0.44706 0.56863
0.50196 0.56471 0.68627
0.50196 0.56471 0.68627
0.49412 0.56078 0.68235
0.49804 0.56471 0.6902
0.49804 0.56471 0.68235
0.50588 0.56863 0.68627
0.50588 0.56471 0.68627
0.49804 0.55686 0.67843
0.50196 0.56471 0.68627
0.49804 0.56078 0.67843
0.4902 0.55686 0.67451
0.4902 0.55686 0.67451
0.48235 0.56078 0.67451
0.47843 0.55294 0.67059
0.48235 0.55686 0.67059
0.41176 0.47451 0.59216
0.49804 0.56078 0.6902
0.50196 0.56471 0.68627
0.50588 0.56863 0.68627
0.50196 0.56863 0.68627
0.50196 0.56863 0.68627
0.5098 0.57255 0.69412
0.50196 0.56078 0.68235
0.49804 0.55686 0.67843
0.50588 0.56078 0.68627
0.49804 0.55686 0.67843
0.49412 0.55686 0.67843
0.4902 0.55686 0.67451
0.4902 0.56078 0.67843
0.4902 0.55686 0.67451
0.4902 0.55294 0.66275
0.42745 0.48235 0.60392
0.50196 0.56863 0.68627
0.50196 0.56863 0.68627
0.50196 0.56863 0.68627
0.49804 0.56471 0.68235
0.50196 0.56471 0.68627
0.49804 0.55294 0.67843
0.49804 0.55686 0.67843
0.49804 0.56078 0.68235
0.49412 0.55686 0.67451
0.49412 0.56471 0.68235
0.48627 0.55686 0.67451
0.4902 0.55686 0.67451
0.49804 0.55686 0.67451
0.49804 0.55686 0.66667
0.4549 0.5098 0.63137
0.4902 0.56078 0.67843
0.50196 0.56863 0.68627
0.49804 0.56471 0.68235
0.49412 0.56078 0.67843
0.50196 0.56471 0.68235
0.50196 0.56078 0.68235
0.49412 0.55686 0.67843
0.49804 0.56078 0.67843
0.48627 0.55294 0.67059
0.48627 0.56078 0.67843
0.48235 0.55686 0.67451
0.48235 0.55686 0.67451
0.4902 0.55686 0.67451
0.49412 0.56078 0.67059
0.47451 0.53725 0.6549
0.49412 0.56863 0.68627
0.50196 0.57255 0.6902
0.50588 0.57255 0.6902
0.50196 0.56863 0.68627
0.49804 0.56471 0.68235
0.49804 0.56471 0.68235
0.49804 0.56471 0.68235
0.49804 0.56471 0.68235
0.49804 0.56471 0.68235
0.49412 0.56078 0.67843
0.4902 0.55686 0.67451
0.4902 0.55686 0.67451
0.4902 0.55294 0.67059
0.4902 0.54902 0.67059
0.49412 0.55294 0.67451
0.49804 0.56863 0.68627
0.50196 0.56863 0.6902
0.50196 0.56863 0.6902
0.49804 0.56471 0.6902
0.49804 0.56471 0.68627
0.50196 0.56863 0.68627
0.50196 0.56863 0.68627
0.50588 0.57255 0.6902
0.49804 0.56471 0.68235
0.49412 0.56078 0.67843
0.49804 0.56471 0.68235
0.49412 0.56078 0.67843
0.48627 0.54902 0.66667
0.48627 0.5451 0.66667
0.50196 0.56078 0.68235
0.39608 0.4549 0.58431
0.49804 0.56078 0.68627
0.49804 0.56078 0.6902
0.4902 0.55294 0.68235
0.4902 0.55686 0.68235
0.49804 0.56471 0.68235
0.50196 0.56863 0.68627
0.50196 0.56863 0.68627
0.49412 0.56078 0.67843
0.49412 0.56078 0.67843
0.49804 0.56471 0.68235
0.49804 0.56078 0.68235
0.48627 0.55294 0.67059
0.4902 0.5451 0.66667
0.49804 0.55686 0.67843
0.43529 0.49412 0.61961
0.50196 0.56078 0.6902
0.49412 0.56078 0.6902
0.49804 0.56078 0.6902
0.4902 0.55686 0.68235
0.49412 0.56863 0.68627
0.4902 0.56471 0.68235
0.49412 0.56471 0.68235
0.49804 0.56471 0.68235
0.49804 0.56078 0.68235
0.49804 0.55686 0.67843
0.50196 0.56078 0.68235
0.49412 0.55686 0.67843
0.48235 0.54118 0.66275
0.4902 0.54902 0.67059
0.47843 0.53725 0.66275
0.49804 0.56078 0.6902
0.50196 0.56471 0.69412
0.49412 0.56078 0.68627
0.48627 0.56078 0.67843
0.48235 0.55686 0.67451
0.49412 0.56863 0.68627
0.49412 0.56471 0.68235
0.49412 0.55686 0.67843
0.49804 0.55686 0.67843
0.49804 0.55686 0.67843
0.49804 0.55686 0.67843
0.49804 0.55686 0.67843
0.49412 0.55294 0.67451
0.4902 0.54902 0.67451
0.49804 0.56078 0.6902
0.5098 0.56863 0.70196
0.49804 0.56471 0.6902
0.49412 0.56863 0.68627
0.4902 0.56471 0.68235
0.48627 0.56078 0.67843
0.48627 0.56078 0.67843
0.48627 0.56078 0.67843
0.49412 0.56078 0.67843
0.4902 0.55686 0.67451
0.4902 0.55686 0.67451
0.4902 0.55686 0.67451
0.4902 0.55294 0.67059
0.49412 0.55294 0.67451
0.36863 0.42745 0.55686
0.4902 0.55294 0.68235
0.49804 0.56078 0.6902
0.49804 0.56471 0.69412
0.4902 0.56471 0.6902
0.48627 0.56078 0.67451
0.48235 0.55686 0.67843
0.48627 0.56471 0.68235
0.48235 0.55686 0.68235
0.47843 0.55294 0.67843
0.48235 0.54902 0.67451
0.48627 0.54902 0.67451
0.4902 0.55294 0.67843
0.49412 0.55294 0.68235
0.49412 0.55294 0.67843
0.49412 0.55686 0.68627
0.49804 0.56078 0.6902
0.49804 0.56471 0.69412
0.49804 0.56471 0.67843
0.49412 0.56078 0.68235
0.49412 0.56471 0.68235
0.49804 0.56471 0.68627
0.49412 0.56078 0.68627
0.4902 0.55294 0.68235
0.48627 0.54902 0.67843
0.49412 0.55294 0.68627
0.48627 0.54902 0.67843
0.49412 0.55686 0.67059
0.49804 0.56078 0.68235
0.49412 0.55686 0.67843
0.49804 0.56078 0.67843
0.50196 0.56863 0.67843
0.49804 0.56078 0.68627
