0.50588 0.60784 0.74118
0.50588 0.60784 0.74118
0.50588 0.60784 0.73725
0.50196 0.60392 0.73333
0.5098 0.61176 0.74118
0.5098 0.61176 0.74118
0.5098 0.61176 0.74118
0.50196 0.60392 0.73333
0.49804 0.6 0.72941
0.5098 0.61176 0.74118
0.5098 0.61176 0.74118
0.5098 0.61176 0.74118
0.50196 0.60392 0.73333
0.50588 0.60784 0.73725
0.5098 0.61176 0.74118
0.5098 0.61176 0.74118
0.50588 0.60784 0.73725
0.50588 0.60784 0.73725
0.50588 0.61176 0.73725
0.5098 0.61176 0.74118
0.51373 0.61569 0.7451
0.50196 0.60784 0.73725
0.50588 0.60784 0.73725
0.51373 0.61569 0.7451
0.5098 0.61176 0.74118
