0.18039 0.24706 0.3451
0.16471 0.22745 0.32549
0.16078 0.22353 0.30588
0.17255 0.25882 0.34902
0.18039 0.26667 0.35686
0.17255 0.25098 0.3451
0.17647 0.2549 0.34902
0.15686 0.23137 0.32549
0.16863 0.23137 0.32157
0.16471 0.21961 0.30196
0.16863 0.25098 0.34902
0.16471 0.25098 0.34118
0.18039 0.25882 0.35294
0.17255 0.25098 0.3451
0.15686 0.23529 0.32941
0.16078 0.23922 0.33333
0.16078 0.23529 0.32941
0.16471 0.21569 0.2902
0.17255 0.25098 0.35294
0.16471 0.24314 0.3451
0.17255 0.25098 0.3451
0.17255 0.25098 0.3451
0.15294 0.23137 0.32941
0.15686 0.23529 0.32941
0.16471 0.23529 0.33333
0.17255 0.23529 0.33725
0.19216 0.23922 0.31373
0.16078 0.23922 0.34902
0.16078 0.23529 0.34118
0.15686 0.23137 0.33333
0.17647 0.2549 0.35294
0.15686 0.23137 0.32941
0.16078 0.22745 0.32941
0.17255 0.23922 0.33725
0.18039 0.25098 0.3451
0.16078 0.23529 0.32549
0.15686 0.23529 0.34118
0.15686 0.23137 0.33725
0.16863 0.23922 0.3451
0.16078 0.23922 0.34118
0.16078 0.23137 0.33333
0.16078 0.22353 0.32941
0.16078 0.22745 0.32941
0.16863 0.23922 0.33333
0.18824 0.25098 0.35294
0.16078 0.23922 0.3451
0.17255 0.2549 0.36078
0.16471 0.24314 0.34902
0.17255 0.24314 0.35294
0.16471 0.24314 0.3451
0.16078 0.23137 0.33333
0.16471 0.22745 0.33333
0.16471 0.23137 0.32941
0.16471 0.23922 0.33333
0.15686 0.23922 0.3451
0.17255 0.2549 0.36078
0.16471 0.24314 0.34902
0.17647 0.24314 0.35294
0.17255 0.24706 0.35294
0.16471 0.23137 0.33333
0.15686 0.22353 0.32549
0.16471 0.23137 0.33333
0.16078 0.22745 0.32549
0.14902 0.23922 0.34118
0.16471 0.24706 0.35294
0.16471 0.24314 0.34902
0.17255 0.24314 0.35294
0.18039 0.25098 0.35294
0.16863 0.23922 0.34118
0.16078 0.23137 0.33333
0.16471 0.23137 0.33333
0.16078 0.25098 0.35686
0.16863 0.25098 0.35686
0.17255 0.25098 0.35686
0.17255 0.25098 0.35686
0.16863 0.24706 0.34902
0.16863 0.24706 0.3451
0.16078 0.23922 0.33725
0.16471 0.23529 0.33333
0.14902 0.23137 0.33725
0.17255 0.25098 0.36078
0.18431 0.26667 0.37255
0.16471 0.24706 0.3451
0.16471 0.24706 0.34118
0.15294 0.23529 0.33333
0.15686 0.23529 0.33333
0.15686 0.23529 0.35294
0.15686 0.23922 0.35294
0.17255 0.2549 0.36078
0.17255 0.25098 0.35294
0.15294 0.23137 0.32941
0.16078 0.23922 0.33725
0.14902 0.22745 0.32549
0.15294 0.23529 0.34902
0.15686 0.23922 0.35294
0.16078 0.24314 0.34902
0.16471 0.24314 0.3451
0.16078 0.23922 0.33725
0.16471 0.24314 0.34118
0.15294 0.23529 0.34902
0.15686 0.23922 0.35294
0.15686 0.23922 0.3451
0.15686 0.23529 0.33725
0.15686 0.23529 0.33333
0.16078 0.23922 0.33725
0.16078 0.23922 0.33725
0.1451 0.23529 0.34118
0.14902 0.24314 0.3451
0.15686 0.24706 0.3451
0.16078 0.24314 0.34118
0.16078 0.23922 0.33725
0.15294 0.23137 0.32941
0.16471 0.24314 0.34118
0.14118 0.23529 0.33333
0.14118 0.23922 0.33725
0.15294 0.24706 0.33725
0.17255 0.2549 0.34902
0.14902 0.23137 0.32549
0.15294 0.23137 0.32941
0.16863 0.24706 0.34118
