0.32941 0.38431 0.45882
0.40392 0.41176 0.47843
0.41569 0.40784 0.47451
0.35686 0.38431 0.46667
0.40392 0.42353 0.48235
0.44314 0.43137 0.46667
0.43922 0.42745 0.45882
0.42353 0.41961 0.44706
0.40392 0.41569 0.44706
0.39608 0.41569 0.47059
0.37647 0.41569 0.4902
0.48627 0.52157 0.58431
0.46667 0.44706 0.44706
0.4549 0.42745 0.42745
0.43137 0.42353 0.43922
0.41961 0.41569 0.43922
0.41176 0.41569 0.45098
0.40392 0.41569 0.44706
0.40784 0.42353 0.45098
0.35294 0.41569 0.5098
0.58039 0.62353 0.68235
0.76863 0.75294 0.73725
0.60392 0.58431 0.56471
0.43529 0.43137 0.42745
0.41961 0.41961 0.43137
0.41961 0.42745 0.45098
0.40784 0.42353 0.45098
0.41569 0.43137 0.45882
0.36471 0.42745 0.51765
0.42745 0.44314 0.51765
0.42353 0.44314 0.50196
0.38431 0.42353 0.5098
0.38431 0.44314 0.52157
0.59216 0.62353 0.66275
0.6549 0.65098 0.67059
0.45882 0.44706 0.45882
0.42353 0.42353 0.43922
0.42745 0.43529 0.4549
0.43137 0.44314 0.48235
0.37647 0.42353 0.50196
0.45098 0.46275 0.49804
0.45098 0.44706 0.46667
0.44706 0.44314 0.45882
0.43922 0.45098 0.4902
0.39608 0.43137 0.49804
0.35294 0.38039 0.43137
0.4 0.40784 0.43922
0.43922 0.43529 0.46275
0.42745 0.42353 0.45098
0.41569 0.42745 0.44706
0.40392 0.42353 0.46275
0.34902 0.39216 0.47843
0.31373 0.38039 0.48235
0.31765 0.38431 0.48627
0.32157 0.38039 0.48235
0.31765 0.37647 0.48235
0.32549 0.37647 0.47843
0.32549 0.37255 0.47451
0.45098 0.44706 0.47451
0.45882 0.44706 0.47059
0.4549 0.4549 0.48235
0.44706 0.44314 0.47059
0.43922 0.44314 0.45882
0.42745 0.44706 0.47059
0.43529 0.44314 0.46667
0.43137 0.43922 0.4549
0.42745 0.43137 0.4549
0.43137 0.43137 0.4549
0.41569 0.42353 0.44706
0.40392 0.41961 0.4549
0.41961 0.42353 0.45882
0.40784 0.41176 0.44706
0.41176 0.41569 0.45098
0.43137 0.41569 0.4549
0.46275 0.44314 0.44706
0.44706 0.44314 0.47059
0.43529 0.43529 0.45882
0.44314 0.44314 0.44706
0.43137 0.43922 0.44314
0.43529 0.43529 0.43922
0.45882 0.46275 0.46275
0.43529 0.43922 0.45098
0.42745 0.43137 0.44706
0.41961 0.41961 0.44706
0.41176 0.41961 0.43922
0.41961 0.41569 0.43529
0.41176 0.41961 0.43529
0.42353 0.42353 0.43922
0.42745 0.42745 0.41569
0.43137 0.43137 0.44314
0.4549 0.44706 0.46275
0.45098 0.44314 0.45882
0.6 0.59608 0.59216
0.69804 0.69804 0.68627
0.47843 0.48235 0.4902
0.41569 0.41961 0.43529
0.41569 0.41961 0.44314
0.41961 0.41961 0.44314
0.4549 0.45098 0.47059
0.57255 0.58039 0.59216
0.61176 0.62353 0.64314
0.4549 0.45098 0.47843
0.47059 0.47843 0.52157
0.46667 0.47843 0.52549
0.48627 0.48627 0.50196
0.44706 0.45098 0.47059
0.41961 0.41961 0.43922
0.41961 0.42353 0.44314
0.42745 0.43137 0.45882
0.46275 0.47843 0.52549
0.44314 0.4902 0.56078
0.38431 0.45882 0.56471
0.36471 0.46667 0.55686
0.35686 0.4549 0.55294
0.34902 0.44314 0.54118
0.3451 0.43529 0.53333
0.34902 0.43922 0.54118
0.3451 0.43922 0.53725
0.3451 0.43529 0.53333
0.41176 0.44314 0.54118
0.40392 0.44706 0.54118
0.42353 0.43137 0.48235
0.42745 0.42745 0.44314
0.42353 0.41569 0.43922
0.41569 0.41569 0.43529
0.41961 0.42745 0.44706
0.41569 0.43529 0.45882
0.41176 0.41961 0.44706
0.38824 0.42353 0.49804
0.37647 0.43922 0.55294
0.37255 0.43137 0.56078
0.38431 0.45098 0.56863
0.44314 0.50196 0.57647
0.61569 0.61176 0.59216
0.4549 0.44314 0.42353
0.41176 0.40784 0.42353
0.41569 0.41176 0.43529
0.41176 0.42353 0.44314
0.41176 0.43137 0.4549
0.41961 0.42745 0.43922
0.42353 0.47059 0.51765
0.38824 0.44314 0.55686
0.38431 0.44706 0.56863
0.38824 0.4549 0.57647
0.40392 0.45882 0.55686
0.75686 0.77647 0.8
0.74902 0.74902 0.72549
0.55294 0.53725 0.51765
0.42745 0.40784 0.39216
0.41961 0.41961 0.41569
0.41961 0.43529 0.45882
0.37255 0.40392 0.43137
0.36471 0.44314 0.51765
0.38039 0.44314 0.55294
0.36863 0.43922 0.55686
0.38039 0.4549 0.57647
0.39608 0.45882 0.58039
0.39216 0.44706 0.55686
0.44314 0.47059 0.52941
0.78431 0.78431 0.77647
0.69804 0.67843 0.64706
0.48235 0.48627 0.47451
0.4 0.45098 0.50196
0.32157 0.41569 0.50196
0.38039 0.44706 0.55686
0.36471 0.43922 0.55686
0.35294 0.42745 0.55686
0.37255 0.43922 0.56471
0.37255 0.44314 0.56863
0.22745 0.29412 0.42353
0.36078 0.41569 0.50588
0.57255 0.61569 0.68235
0.42745 0.47843 0.5451
0.38431 0.45098 0.56471
0.38039 0.44706 0.57647
0.36863 0.43922 0.58431
0.3451 0.41961 0.55294
0.34118 0.41569 0.55294
0.25882 0.32941 0.47451
0.38431 0.4549 0.56863
0.36471 0.43922 0.56863
0.3451 0.41961 0.56078
0.33333 0.41569 0.5451
0.3098 0.38824 0.52157
0.2549 0.33333 0.47059
0.38039 0.45882 0.56863
0.36078 0.43529 0.56471
0.32941 0.41176 0.54902
0.30588 0.39608 0.52941
0.31765 0.40784 0.54118
0.2549 0.34118 0.47843
0.23529 0.32549 0.45882
0.37647 0.45882 0.56471
0.37647 0.45882 0.58431
0.3451 0.43137 0.57255
0.30588 0.39216 0.53725
0.30196 0.38824 0.53333
0.25098 0.34118 0.47843
0.23922 0.32941 0.45882
0.23922 0.32941 0.45882
0.38431 0.46275 0.57255
0.36078 0.44314 0.57255
0.35294 0.43922 0.58431
0.33333 0.41961 0.56471
0.31765 0.40392 0.54902
0.27059 0.35686 0.4902
0.24706 0.33333 0.46275
0.23922 0.32941 0.45882
0.39216 0.47451 0.58039
0.34118 0.41961 0.54902
0.31373 0.4 0.5451
0.33333 0.41569 0.56078
0.38039 0.45882 0.60392
0.2902 0.36863 0.50588
0.24314 0.32157 0.4549
0.24314 0.33333 0.45882
0.24314 0.3451 0.46275
0.37255 0.4549 0.56078
0.32157 0.40784 0.55294
0.30196 0.39608 0.54902
0.29804 0.38824 0.53333
0.33725 0.42353 0.56863
0.29804 0.37647 0.51765
0.23922 0.31765 0.4549
0.23529 0.32549 0.45098
0.25098 0.3451 0.46667
0.31765 0.40784 0.55686
0.30588 0.40392 0.55294
0.29804 0.39608 0.53725
0.30588 0.39608 0.54118
0.2902 0.37255 0.51373
0.24706 0.32549 0.46275
0.24706 0.33333 0.46275
0.33333 0.42353 0.56863
0.3098 0.41569 0.5451
0.30588 0.40392 0.5451
0.30196 0.39608 0.53725
0.28235 0.37255 0.5098
0.2549 0.3451 0.47843
0.37255 0.45882 0.58824
0.32157 0.41961 0.54902
0.32157 0.42353 0.56078
0.3098 0.40784 0.55294
0.28235 0.36471 0.50588
