0.91765 0.83137 0.70588
0.91765 0.83922 0.71373
0.91373 0.82353 0.70196
0.90196 0.81569 0.6902
0.91765 0.84314 0.7098
0.91765 0.83922 0.7098
0.91373 0.83529 0.70588
0.9098 0.81961 0.69804
0.90588 0.81569 0.69412
0.9098 0.82353 0.69804
0.91765 0.83529 0.70588
0.91765 0.83137 0.70588
0.91373 0.82745 0.70196
0.91373 0.82353 0.69804
0.9098 0.81961 0.69804
0.90588 0.81961 0.69804
0.92549 0.83529 0.71373
0.92157 0.83137 0.70588
0.92157 0.83137 0.70588
0.91765 0.83137 0.70588
0.92941 0.84706 0.72549
0.90196 0.81961 0.69804
0.88235 0.8 0.67843
0.89804 0.81961 0.6902
0.90588 0.82745 0.69804
0.9098 0.83137 0.70196
0.92157 0.83529 0.70588
0.92941 0.84706 0.72549
0.91765 0.83529 0.71373
0.88235 0.80392 0.68235
0.9098 0.83137 0.70196
0.9098 0.83137 0.70196
0.9098 0.83137 0.70196
0.9098 0.83529 0.7098
0.90196 0.82745 0.70196
0.9098 0.83529 0.70588
0.9098 0.83137 0.70196
