0.17647 0.47843 0.68235
0.18431 0.47843 0.68235
0.18824 0.48627 0.68235
0.18824 0.48627 0.6902
0.18039 0.48235 0.68627
0.18824 0.48627 0.68627
0.18431 0.48235 0.68627
0.18039 0.48235 0.68627
0.19216 0.4902 0.6902
0.19216 0.4902 0.69412
0.17647 0.47451 0.67451
0.18039 0.47843 0.67843
0.2 0.49804 0.69412
0.18824 0.48627 0.68235
0.18431 0.48235 0.67843
0.18039 0.47843 0.67451
0.20392 0.50196 0.70588
0.19216 0.4902 0.6902
0.18431 0.48235 0.68235
0.19216 0.4902 0.69412
0.20392 0.50588 0.7098
0.18824 0.49412 0.69804
