0.24314 0.32549 0.39608
0.18824 0.25882 0.34118
0.24314 0.30196 0.32941
0.15686 0.2 0.20784
0.1451 0.22353 0.28627
0.20392 0.27843 0.34902
0.18431 0.22745 0.26275
0.23137 0.28627 0.35686
0.21569 0.27843 0.37647
0.23529 0.28235 0.36863
0.23137 0.30588 0.39608
0.24314 0.3098 0.40392
0.23137 0.2902 0.35686
0.21961 0.26275 0.34118
0.18039 0.26275 0.33333
0.23922 0.29412 0.36471
0.2549 0.3098 0.38039
0.21569 0.27843 0.36471
0.21176 0.30196 0.35686
0.28235 0.30588 0.36471
0.24314 0.30196 0.37255
0.18431 0.24706 0.2902
0.25882 0.2902 0.34118
