0.50588 0.59216 0.73725
0.50196 0.58824 0.73333
0.50196 0.59216 0.72549
0.50196 0.59216 0.72549
0.49804 0.58824 0.72157
0.49804 0.58824 0.72157
0.49804 0.58431 0.72941
0.50196 0.58824 0.73333
0.5098 0.6 0.73333
0.50588 0.59608 0.72941
0.50196 0.59608 0.72941
0.4902 0.58431 0.71765
0.49804 0.58431 0.72941
0.4902 0.58039 0.72549
0.49804 0.58824 0.73333
0.50588 0.59608 0.72941
0.49804 0.59216 0.72157
0.49804 0.59216 0.72549
0.49412 0.58824 0.72157
0.49804 0.59608 0.72941
0.50196 0.59216 0.72549
0.50196 0.59608 0.73725
0.49412 0.58824 0.72941
0.49412 0.58824 0.72941
0.49804 0.58824 0.72157
0.50588 0.59608 0.72941
0.49804 0.59216 0.72549
0.49412 0.58824 0.72157
0.49804 0.59216 0.72549
0.50196 0.59216 0.72549
0.50196 0.59608 0.74118
0.50588 0.6 0.74902
0.49412 0.58824 0.73725
0.50196 0.59608 0.73725
0.50588 0.59608 0.73333
0.50196 0.59608 0.72941
0.50588 0.6 0.73333
0.50588 0.59608 0.72941
0.5098 0.59216 0.72549
0.5098 0.58824 0.72549
0.52157 0.60392 0.73725
0.49412 0.58824 0.73725
0.4902 0.58431 0.73333
0.4902 0.58431 0.73333
0.49804 0.59216 0.74118
0.4902 0.58431 0.72941
0.49412 0.58824 0.73333
0.49804 0.59216 0.72941
0.49804 0.59216 0.72549
0.50196 0.59608 0.72941
0.50196 0.59608 0.72941
0.51373 0.59216 0.72941
0.5098 0.58824 0.72549
0.51373 0.59608 0.73333
0.51373 0.59608 0.73333
0.49804 0.59216 0.74118
0.49804 0.59216 0.74118
0.4902 0.58431 0.73333
0.48627 0.58039 0.72941
0.4902 0.58431 0.73333
0.49412 0.58824 0.73725
0.49412 0.58824 0.73725
0.49412 0.58824 0.72941
0.49412 0.58824 0.72941
0.49804 0.59216 0.72549
0.50196 0.59608 0.72941
0.49804 0.58824 0.72157
0.5098 0.59216 0.72941
0.50588 0.59216 0.72549
0.50196 0.59216 0.72549
0.50196 0.59216 0.72549
0.49412 0.59216 0.73725
0.4902 0.58824 0.73333
0.48627 0.58431 0.72941
0.49412 0.58824 0.73333
0.49804 0.59216 0.73725
0.49804 0.59216 0.73333
0.49412 0.58824 0.73333
0.49412 0.58824 0.73333
0.49804 0.59216 0.73725
0.50196 0.59216 0.73725
0.49804 0.58824 0.72941
0.50196 0.59216 0.72941
0.50196 0.59216 0.72549
0.50196 0.59216 0.72549
0.50196 0.59216 0.72549
0.50588 0.59608 0.72941
0.50588 0.59608 0.72941
0.50588 0.59608 0.72941
0.50196 0.58824 0.72549
0.5098 0.58824 0.72549
0.48627 0.58824 0.73333
0.4902 0.59216 0.73725
0.48627 0.58824 0.72941
0.49412 0.58824 0.72941
0.49804 0.59216 0.73333
0.49804 0.59216 0.73333
0.49804 0.59216 0.73333
0.50196 0.59608 0.73725
0.49804 0.59216 0.73333
0.50196 0.58824 0.73333
0.5098 0.59608 0.74118
0.50588 0.59216 0.73725
0.50196 0.59216 0.72549
0.50588 0.59608 0.72941
0.50196 0.59216 0.72549
0.50588 0.59608 0.72941
0.5098 0.6 0.73333
0.50588 0.59608 0.72941
0.5098 0.59608 0.73333
0.5098 0.58824 0.72549
0.49412 0.59216 0.74118
0.49412 0.59608 0.74118
0.48627 0.58824 0.73333
0.48235 0.58824 0.72941
0.48627 0.58824 0.72549
0.49412 0.58431 0.72941
0.50196 0.58431 0.72941
0.49804 0.59216 0.73333
0.50196 0.59608 0.73725
0.49412 0.58824 0.72941
0.49804 0.58824 0.72549
0.50196 0.59216 0.72549
0.50588 0.59608 0.72941
0.50588 0.59608 0.72941
0.50196 0.59216 0.72549
0.50196 0.59216 0.72941
0.50588 0.59608 0.72549
0.50196 0.59216 0.71765
0.50588 0.59608 0.72157
0.50588 0.59608 0.72157
0.5098 0.6 0.72549
0.4902 0.58431 0.73725
0.4902 0.59216 0.73725
0.4902 0.58824 0.74118
0.49412 0.59608 0.7451
0.48627 0.58824 0.72941
0.48627 0.58039 0.72549
0.49804 0.58431 0.72941
0.50196 0.59608 0.73725
0.50196 0.59608 0.73725
0.49412 0.58824 0.72941
0.50196 0.59608 0.73333
0.50196 0.59216 0.72941
0.5098 0.6 0.73333
0.5098 0.6 0.73333
0.50196 0.59608 0.72941
0.50196 0.59216 0.72549
0.50588 0.59216 0.72549
0.50588 0.59216 0.72549
0.5098 0.59608 0.72157
0.5098 0.59608 0.72157
0.5098 0.6 0.72941
0.5098 0.59608 0.72549
0.5098 0.59608 0.72549
0.48627 0.58431 0.72941
0.4902 0.58824 0.74118
0.4902 0.58824 0.7451
0.4902 0.58824 0.7451
0.4902 0.58824 0.74118
0.4902 0.59608 0.73725
0.4902 0.58824 0.72941
0.49804 0.59216 0.73333
0.50196 0.59608 0.73725
0.49804 0.59216 0.73333
0.49804 0.59216 0.73333
0.50196 0.59608 0.73725
0.49804 0.59216 0.72941
0.50196 0.59608 0.72941
0.50196 0.59608 0.72941
0.49804 0.59216 0.72549
0.50588 0.59608 0.72941
0.50588 0.59216 0.73333
0.5098 0.59216 0.73333
0.51373 0.59608 0.72941
0.5098 0.59608 0.72941
0.50588 0.59608 0.72941
0.5098 0.58824 0.72941
0.5098 0.58824 0.72549
0.48627 0.58824 0.73333
0.49412 0.59216 0.7451
0.48627 0.58431 0.74118
0.4902 0.58824 0.7451
0.4902 0.58824 0.74118
0.4902 0.59216 0.73725
0.4902 0.58824 0.72941
0.49412 0.58824 0.72941
0.49412 0.58824 0.72941
0.49412 0.58824 0.72941
0.49804 0.59216 0.73333
0.49804 0.59216 0.73333
0.49804 0.59216 0.72941
0.49804 0.59216 0.72549
0.49412 0.58824 0.72157
0.49804 0.59216 0.72549
0.49804 0.58824 0.72157
0.49412 0.58431 0.72549
0.49804 0.58824 0.72941
0.50196 0.59608 0.72549
0.50588 0.59608 0.72549
0.50588 0.59608 0.72941
0.5098 0.59216 0.72549
0.51373 0.58824 0.72549
0.47843 0.58824 0.73333
0.48627 0.58824 0.73725
0.4902 0.58824 0.74118
0.49804 0.59608 0.75294
0.49412 0.59608 0.7451
0.49412 0.59608 0.74118
0.49804 0.59216 0.73725
0.49412 0.58824 0.72941
0.49412 0.58824 0.72941
0.49804 0.59216 0.73333
0.49804 0.59216 0.73333
0.50196 0.59608 0.73725
0.49804 0.58824 0.72941
0.4902 0.58431 0.71765
0.49804 0.59216 0.72549
0.50588 0.6 0.73333
0.50196 0.59608 0.72941
0.49804 0.58824 0.72549
0.49804 0.59216 0.72941
0.50196 0.59608 0.72549
0.5098 0.6 0.72941
0.5098 0.6 0.72941
0.5098 0.59216 0.72549
0.52157 0.6 0.73333
0.52157 0.59608 0.72549
0.47451 0.58431 0.73333
0.47059 0.58431 0.72941
0.47451 0.58039 0.72549
0.48235 0.58431 0.72941
0.4902 0.59216 0.73725
0.49412 0.59608 0.74118
0.49412 0.59608 0.74118
0.49412 0.59216 0.73333
0.49804 0.59216 0.73333
0.49804 0.59216 0.73333
0.50196 0.59608 0.73725
0.49804 0.59216 0.73333
0.50196 0.59608 0.73725
0.50196 0.59216 0.73333
0.50196 0.58824 0.73333
0.50588 0.6 0.73333
0.50588 0.6 0.72941
0.50588 0.6 0.73333
0.50588 0.6 0.73333
0.50588 0.59608 0.72941
0.50588 0.58824 0.72549
0.50588 0.58039 0.71765
0.5098 0.58824 0.71765
0.5098 0.58824 0.71765
0.51373 0.58824 0.71765
0.51373 0.58824 0.71765
0.50588 0.58431 0.71373
0.48627 0.59216 0.73725
0.48627 0.58824 0.73333
0.48235 0.58431 0.72941
0.48627 0.58824 0.73333
0.49412 0.59608 0.74118
0.49412 0.6 0.7451
0.49804 0.59216 0.73333
0.49412 0.58824 0.72941
0.49804 0.59216 0.73333
0.49412 0.58824 0.72941
0.49412 0.58824 0.72941
0.49804 0.59216 0.73333
0.49804 0.58824 0.73333
0.50196 0.58824 0.73333
0.50196 0.59216 0.72941
0.50196 0.59216 0.72549
0.50588 0.6 0.73333
0.49804 0.59216 0.72157
0.49804 0.59216 0.71765
0.5098 0.59608 0.72549
0.51373 0.59216 0.72549
0.5098 0.58824 0.72549
0.5098 0.58824 0.72157
0.51373 0.59608 0.72941
0.5098 0.59216 0.71765
0.51373 0.58824 0.71765
0.52157 0.59216 0.72549
0.52549 0.6 0.72941
0.48627 0.58431 0.72941
0.49412 0.59608 0.74118
0.4902 0.59216 0.73725
0.4902 0.59216 0.73725
0.4902 0.59216 0.73725
0.4902 0.59216 0.73333
0.50196 0.59608 0.73725
0.49804 0.59216 0.73333
0.50196 0.59608 0.73725
0.49412 0.58824 0.72941
0.48627 0.58039 0.72157
0.49804 0.59216 0.73333
0.50196 0.59216 0.73333
0.50196 0.58824 0.73333
0.49804 0.58824 0.72549
0.50588 0.59608 0.72941
0.50196 0.59216 0.72549
0.50196 0.59608 0.72157
0.50588 0.6 0.72157
0.51373 0.59608 0.72549
0.52157 0.6 0.72941
0.51373 0.59216 0.72941
0.51373 0.59216 0.72941
0.51373 0.59216 0.72941
0.50588 0.59608 0.72157
0.51765 0.59216 0.72157
0.52157 0.58824 0.72157
0.52941 0.6 0.72941
0.52157 0.59608 0.72549
0.51765 0.59216 0.71765
0.4902 0.58431 0.73333
0.4902 0.58824 0.73333
0.4902 0.59216 0.73725
0.48627 0.58824 0.73333
0.49412 0.59608 0.73725
0.49804 0.59216 0.73333
0.49804 0.59216 0.73333
0.49804 0.59216 0.73333
0.50196 0.59608 0.73725
0.49412 0.59216 0.72941
0.49412 0.58824 0.72941
0.50196 0.59608 0.73725
0.49804 0.59216 0.73333
0.49412 0.58824 0.72941
0.49804 0.58431 0.72941
0.50588 0.59216 0.73333
0.5098 0.6 0.72941
0.50588 0.59608 0.72157
0.50588 0.59608 0.72157
0.51373 0.59216 0.72157
0.51765 0.59216 0.72549
0.51765 0.59608 0.72549
0.5098 0.59608 0.72549
0.50196 0.59216 0.72157
0.49804 0.58824 0.72157
0.50196 0.58431 0.71373
0.51373 0.59216 0.71373
0.52157 0.6 0.72549
0.52157 0.59608 0.72157
0.52549 0.59608 0.72157
0.49804 0.59216 0.74118
0.48627 0.58431 0.72941
0.4902 0.58824 0.73333
0.49412 0.59216 0.73725
0.49412 0.58824 0.73333
0.50196 0.59608 0.73725
0.49412 0.58824 0.72941
0.50196 0.59608 0.73725
0.5098 0.6 0.74118
0.50588 0.59608 0.74118
0.49412 0.58824 0.72941
0.49804 0.59216 0.73333
0.49804 0.59216 0.73333
0.50196 0.59608 0.73725
0.49804 0.58824 0.73333
0.5098 0.59608 0.73725
0.51373 0.60392 0.73333
0.50588 0.59608 0.72157
0.50588 0.59216 0.71765
0.51373 0.59216 0.72157
0.51373 0.59216 0.72157
0.51373 0.59216 0.72157
0.50588 0.59216 0.72157
0.50196 0.59216 0.71765
0.49804 0.58824 0.72157
0.50588 0.58824 0.71765
0.51765 0.59608 0.72157
0.52549 0.60392 0.72549
0.52157 0.6 0.72157
0.51373 0.59216 0.71765
0.49412 0.58824 0.73725
0.48627 0.58039 0.72941
0.49412 0.58824 0.73725
0.49804 0.59216 0.74118
0.49804 0.59216 0.73725
0.50196 0.59608 0.73725
0.4902 0.58431 0.72549
0.50588 0.59608 0.73725
0.50588 0.59216 0.73725
0.50588 0.59216 0.73725
0.50196 0.58824 0.73333
0.50196 0.59608 0.73725
0.49804 0.59216 0.73333
0.49804 0.59216 0.73333
0.50588 0.59216 0.73725
0.50588 0.59608 0.73333
0.50588 0.59608 0.72157
0.5098 0.6 0.72549
0.5098 0.6 0.72549
0.51373 0.59216 0.72157
0.51373 0.59216 0.72157
0.51765 0.59608 0.72549
0.51373 0.6 0.72549
0.50196 0.59216 0.71765
0.49804 0.58824 0.72157
0.50588 0.58824 0.71765
0.52157 0.6 0.72549
0.51765 0.6 0.72157
0.51373 0.59608 0.71765
0.50588 0.58824 0.7098
0.4902 0.58431 0.73725
0.49412 0.58824 0.73725
0.49804 0.59216 0.73725
0.49804 0.59216 0.74118
0.49412 0.58824 0.72941
0.49412 0.58824 0.72549
0.49804 0.59216 0.72549
0.4902 0.58431 0.72157
0.50196 0.59608 0.73333
0.50588 0.6 0.73333
0.50196 0.59608 0.72941
0.49412 0.58824 0.72549
0.50196 0.59608 0.72941
0.50588 0.6 0.73333
0.50588 0.6 0.73333
0.5098 0.59608 0.72941
0.51373 0.59608 0.72941
0.51373 0.59216 0.72549
0.51373 0.59608 0.72157
0.5098 0.6 0.72549
0.5098 0.6 0.72549
0.5098 0.6 0.72549
0.50588 0.59608 0.72157
0.51373 0.59608 0.72549
0.5098 0.58824 0.71765
0.5098 0.58824 0.71765
0.51373 0.59216 0.72157
0.50588 0.58431 0.71373
0.4902 0.58824 0.73333
0.49804 0.59608 0.73725
0.49804 0.59608 0.74118
0.49804 0.59216 0.73333
0.49804 0.59608 0.72941
0.50588 0.6 0.72941
0.49804 0.59216 0.72549
0.49804 0.59608 0.72941
0.50196 0.59608 0.72941
0.49804 0.59216 0.72549
0.49804 0.59216 0.72549
0.49804 0.59608 0.72549
0.50196 0.59608 0.72941
0.50588 0.6 0.73333
0.50588 0.59216 0.72941
0.5098 0.58824 0.72549
0.5098 0.59216 0.72157
0.5098 0.59608 0.72157
0.5098 0.6 0.72549
0.5098 0.6 0.72549
0.5098 0.6 0.72549
0.51765 0.6 0.72549
0.52157 0.59608 0.72549
0.5098 0.58431 0.71373
0.50588 0.58431 0.71373
0.5098 0.58824 0.71765
0.50196 0.58039 0.7098
0.48627 0.58039 0.72941
0.4902 0.58824 0.74118
0.4902 0.59216 0.73333
0.4902 0.59216 0.72941
0.4902 0.59216 0.73333
0.49804 0.6 0.73725
0.49412 0.59608 0.72549
0.49412 0.59608 0.72549
0.49804 0.6 0.72941
0.49804 0.6 0.72941
0.49804 0.59216 0.72549
0.50196 0.59608 0.72941
0.50196 0.59608 0.72941
0.50196 0.59608 0.72941
0.50196 0.59608 0.72941
0.49804 0.59216 0.72549
0.50196 0.59608 0.72941
0.50196 0.59216 0.72549
0.5098 0.6 0.72549
0.5098 0.6 0.72549
0.50588 0.59608 0.72157
0.50196 0.59216 0.71765
0.50588 0.59608 0.72157
0.51765 0.59216 0.72157
0.52157 0.59216 0.72549
0.51765 0.58431 0.71765
0.51765 0.59216 0.72157
0.5098 0.58431 0.71373
0.51373 0.58824 0.71765
0.49412 0.58824 0.73725
0.49412 0.58824 0.74118
0.4902 0.59216 0.74118
0.48627 0.59216 0.73333
0.48235 0.58824 0.72941
0.49412 0.59608 0.73333
0.49412 0.59608 0.73333
0.4902 0.59216 0.72549
0.49412 0.59608 0.72549
0.50588 0.60784 0.73725
0.50196 0.60392 0.72941
0.50196 0.59608 0.72549
0.50196 0.59608 0.72941
0.50588 0.6 0.73725
0.50588 0.6 0.73333
0.50196 0.59608 0.72941
0.50196 0.59608 0.72941
0.50196 0.59608 0.72549
0.50196 0.6 0.72549
0.50588 0.59608 0.72157
0.5098 0.6 0.72549
0.50588 0.59608 0.72157
0.51373 0.6 0.72549
0.51765 0.6 0.72549
0.52941 0.59608 0.72549
0.53333 0.6 0.72549
0.52549 0.59216 0.72157
0.5098 0.57647 0.7098
0.49412 0.58824 0.73725
0.49804 0.59216 0.74118
0.49804 0.59216 0.74118
0.49412 0.59216 0.73725
0.48627 0.59216 0.73725
0.48627 0.59216 0.73725
0.49412 0.59608 0.73333
0.4902 0.59216 0.72941
0.49804 0.6 0.73333
0.49412 0.59216 0.72549
0.49804 0.6 0.72941
0.49804 0.6 0.72941
0.50196 0.59608 0.72549
0.50196 0.59608 0.72941
0.50196 0.59608 0.73725
0.49804 0.59216 0.72941
0.49804 0.59216 0.72549
0.49804 0.59216 0.72549
0.50196 0.59608 0.72549
0.50196 0.6 0.72157
0.5098 0.6 0.72549
0.51373 0.60392 0.72941
0.51373 0.60392 0.72941
0.51765 0.59608 0.72549
0.52549 0.6 0.72941
0.54118 0.60392 0.73333
0.52157 0.58431 0.71765
0.4902 0.59216 0.73725
0.48627 0.58824 0.73333
0.4902 0.59216 0.73725
0.49412 0.58824 0.73725
0.49804 0.59216 0.74118
0.49804 0.59216 0.74118
0.49804 0.59216 0.74118
0.50196 0.59608 0.7451
0.49412 0.6 0.7451
0.49412 0.60392 0.7451
0.49804 0.6 0.73725
0.4902 0.59608 0.73333
0.49412 0.59216 0.73333
0.49804 0.59216 0.73333
0.49804 0.59216 0.73333
0.49412 0.58824 0.72941
0.49804 0.59216 0.73725
0.50588 0.6 0.73725
0.50588 0.6 0.72941
0.50588 0.6 0.73333
0.50196 0.59608 0.72941
0.50588 0.6 0.73333
0.50588 0.6 0.72549
0.50196 0.6 0.72157
0.50588 0.59608 0.72157
0.50588 0.59608 0.72157
0.50588 0.59608 0.72157
0.51373 0.59608 0.72157
0.51765 0.59216 0.72157
0.49412 0.59608 0.7451
0.49804 0.59608 0.7451
0.49412 0.58824 0.73725
0.49412 0.58824 0.73725
0.49804 0.59216 0.74118
0.4902 0.59216 0.73725
0.49804 0.6 0.7451
0.49412 0.59608 0.74118
0.49804 0.6 0.73725
0.49412 0.59216 0.72941
0.49804 0.59608 0.73725
0.50588 0.6 0.74118
0.50196 0.59608 0.73725
0.50196 0.59608 0.73725
0.49804 0.59608 0.73333
0.50196 0.59608 0.73333
0.50196 0.6 0.72941
0.50196 0.6 0.72941
0.50588 0.6 0.73333
0.50588 0.6 0.73333
0.50196 0.6 0.72549
0.50196 0.59608 0.72157
0.5098 0.6 0.72941
0.51373 0.6 0.72941
0.5098 0.59608 0.72157
0.51373 0.59608 0.72549
0.49804 0.59216 0.74118
0.50196 0.59608 0.7451
0.49412 0.58824 0.73725
0.50196 0.6 0.7451
0.48627 0.59216 0.73725
0.48627 0.58824 0.73333
0.49412 0.59608 0.73725
0.49804 0.6 0.73725
0.49804 0.59216 0.73333
0.50196 0.59608 0.73725
0.49804 0.59216 0.73333
0.50588 0.6 0.74118
0.50196 0.59608 0.73725
0.4902 0.59216 0.72157
0.4902 0.59608 0.72157
0.49804 0.6 0.72941
0.49804 0.59216 0.72549
0.50196 0.59608 0.72941
0.50588 0.6 0.73333
0.50196 0.59608 0.72941
0.50196 0.59216 0.72549
0.5098 0.6 0.73333
0.51373 0.6 0.72941
0.51373 0.59216 0.72157
0.51373 0.58824 0.71765
0.49804 0.59608 0.7451
0.48627 0.58824 0.73333
0.4902 0.59216 0.73725
0.4902 0.59216 0.73333
0.49412 0.59608 0.73333
0.49804 0.59608 0.73725
0.50588 0.6 0.74118
0.50588 0.6 0.74118
0.50588 0.6 0.74118
0.50196 0.59608 0.73725
0.49804 0.6 0.72941
0.49804 0.6 0.72941
0.49804 0.6 0.72941
0.49804 0.59608 0.72549
0.49804 0.59216 0.72549
0.50196 0.59608 0.72941
0.50588 0.59608 0.72941
0.5098 0.6 0.73333
0.50588 0.59608 0.72941
0.5098 0.6 0.72941
0.4902 0.58824 0.73725
0.48627 0.58824 0.73333
0.4902 0.59216 0.73725
0.4902 0.59216 0.73725
0.4902 0.58824 0.72941
0.50196 0.59608 0.73725
0.5098 0.60392 0.7451
0.50588 0.6 0.7451
0.49804 0.59216 0.73333
0.49804 0.59608 0.73333
0.49804 0.59608 0.72941
0.49804 0.6 0.72941
0.50196 0.60392 0.73333
0.50588 0.6 0.73725
0.51373 0.60784 0.74118
0.50588 0.6 0.73333
0.50196 0.59608 0.72549
0.51373 0.60392 0.73333
0.5098 0.6 0.72941
0.4902 0.59216 0.74118
0.4902 0.59216 0.73725
0.4902 0.59216 0.73725
0.4902 0.59216 0.73725
0.49412 0.59216 0.74118
0.49412 0.59608 0.74118
0.49804 0.59608 0.74118
0.49804 0.59216 0.74118
0.49804 0.59216 0.73725
0.50588 0.6 0.74118
0.50196 0.59608 0.74118
0.50196 0.59608 0.73333
0.49804 0.59216 0.72549
0.50196 0.59608 0.72941
0.50588 0.6 0.73333
0.50196 0.59608 0.72941
0.5098 0.6 0.74118
0.51765 0.60392 0.7451
0.5098 0.6 0.72941
0.50196 0.59216 0.71765
0.48627 0.58824 0.73333
0.49412 0.59608 0.73333
0.49804 0.6 0.74118
0.49804 0.6 0.74118
0.4902 0.59216 0.73725
0.4902 0.59216 0.73725
0.49412 0.59216 0.74118
0.50588 0.60392 0.74902
0.50196 0.6 0.74118
0.50588 0.60392 0.74118
0.50196 0.6 0.73725
0.50196 0.6 0.73333
0.50196 0.6 0.73333
0.49804 0.59216 0.72549
0.50196 0.59608 0.72941
0.49804 0.59608 0.72549
0.5098 0.6 0.74118
0.5098 0.59608 0.73725
0.5098 0.6 0.72941
0.48627 0.58824 0.73333
0.4902 0.59216 0.73725
0.49412 0.59608 0.73725
0.50196 0.60392 0.74118
0.49804 0.60392 0.74118
0.4902 0.59608 0.73333
0.48235 0.58824 0.73333
0.48627 0.58824 0.73333
0.49804 0.6 0.7451
0.50588 0.60392 0.75294
0.49412 0.59608 0.73333
0.49412 0.59608 0.73333
0.49804 0.6 0.73725
0.49804 0.6 0.73725
0.50196 0.60392 0.73333
0.49804 0.59216 0.72549
0.49412 0.58824 0.72157
0.49804 0.59216 0.72549
0.50588 0.59608 0.73333
0.51373 0.6 0.73725
0.51373 0.6 0.73333
0.49412 0.59608 0.74118
0.4902 0.59216 0.73725
0.48627 0.58824 0.73333
0.4902 0.59216 0.73725
0.49804 0.60392 0.7451
0.49412 0.60784 0.74118
0.48627 0.6 0.73333
0.48235 0.59216 0.73333
0.48627 0.59608 0.7451
0.49412 0.59608 0.7451
0.50196 0.59608 0.7451
0.49412 0.58824 0.72941
0.49412 0.58824 0.72941
0.49804 0.6 0.73725
0.49804 0.6 0.73725
0.49804 0.6 0.73725
0.50196 0.59608 0.72941
0.50588 0.6 0.73333
0.5098 0.6 0.73333
0.50588 0.59608 0.72941
0.5098 0.6 0.73333
0.50196 0.59608 0.72941
0.48627 0.59216 0.73725
0.4902 0.59216 0.73725
0.49412 0.6 0.7451
0.48627 0.60392 0.73725
0.48627 0.60392 0.73333
0.48627 0.59608 0.73725
0.48627 0.6 0.74902
0.4902 0.59608 0.7451
0.49804 0.59216 0.74118
0.49804 0.59216 0.73333
0.49412 0.58824 0.72941
0.49412 0.59608 0.73333
0.50196 0.60392 0.74118
0.50196 0.6 0.74118
0.50196 0.59608 0.72941
0.5098 0.60392 0.73725
0.50588 0.59608 0.72941
0.51765 0.60784 0.74118
0.51373 0.60392 0.73725
0.50196 0.59608 0.72941
0.49412 0.59608 0.7451
0.48627 0.59608 0.73725
0.48235 0.59608 0.72941
0.48235 0.59608 0.72941
0.48235 0.59216 0.73725
0.48235 0.59608 0.7451
0.4902 0.59216 0.7451
0.49804 0.59216 0.74118
0.50588 0.6 0.74118
0.50196 0.59216 0.73333
0.49804 0.59216 0.73333
0.5098 0.6 0.7451
0.50588 0.59608 0.73725
0.50196 0.59608 0.72941
0.50588 0.6 0.73333
0.5098 0.6 0.73333
0.5098 0.6 0.73333
0.50588 0.59608 0.72941
0.49412 0.59608 0.7451
0.49412 0.6 0.74118
0.4902 0.59608 0.72941
0.4902 0.59608 0.73333
0.49412 0.6 0.7451
0.49412 0.59216 0.74118
0.49804 0.59216 0.74118
0.50588 0.6 0.74902
0.49804 0.59216 0.74118
0.49804 0.59216 0.73333
0.50588 0.6 0.73725
0.50196 0.59608 0.73333
0.50588 0.59216 0.73725
0.5098 0.59608 0.73725
0.51765 0.60392 0.74902
0.50588 0.6 0.73333
0.50196 0.59608 0.72941
0.4902 0.59216 0.74118
0.49804 0.6 0.74118
0.49804 0.6 0.73725
0.49804 0.6 0.73725
0.4902 0.59216 0.73725
0.4902 0.58824 0.73725
0.49412 0.58824 0.73725
0.50196 0.59608 0.7451
0.50196 0.59608 0.7451
0.50196 0.59608 0.73725
0.50196 0.59608 0.73333
0.50196 0.59608 0.72941
0.50588 0.59608 0.73725
0.51373 0.6 0.7451
0.5098 0.59216 0.74118
0.5098 0.60392 0.73725
0.50588 0.6 0.73333
0.4902 0.59216 0.74118
0.4902 0.59216 0.73333
0.49412 0.59608 0.73333
0.49804 0.6 0.7451
0.49804 0.59608 0.7451
0.50196 0.59216 0.7451
0.49804 0.59216 0.74118
0.50196 0.59608 0.7451
0.50588 0.6 0.7451
0.50588 0.6 0.73725
0.50588 0.6 0.73333
0.5098 0.59608 0.74118
0.5098 0.59216 0.74118
0.50588 0.59216 0.73725
0.5098 0.60392 0.74118
0.49804 0.59216 0.74118
0.49804 0.59216 0.74118
0.50196 0.59608 0.7451
0.50196 0.59608 0.73725
0.50196 0.59608 0.73333
0.50196 0.59608 0.72941
0.5098 0.60392 0.74118
0.51373 0.60392 0.74118
0.50196 0.59216 0.72941
0.50588 0.59608 0.73333
0.50588 0.6 0.73333
0.50588 0.6 0.73333
0.50196 0.59608 0.72941
