0.57255 0.68627 0.80392
0.57255 0.68627 0.8
0.56863 0.68627 0.8
0.57255 0.68627 0.8
0.56078 0.68235 0.79608
0.56471 0.68627 0.8
0.56078 0.68235 0.79608
0.56471 0.68627 0.80392
0.56471 0.68627 0.8
0.56471 0.68627 0.79608
0.56863 0.6902 0.8
0.56471 0.68627 0.8
0.56471 0.68627 0.8
0.56471 0.68627 0.8
0.56471 0.68627 0.8
0.56471 0.68627 0.8
0.56863 0.6902 0.80784
0.56863 0.6902 0.8
0.56863 0.6902 0.8
0.56863 0.6902 0.8
0.56863 0.6902 0.8
0.56471 0.68627 0.8
0.56863 0.6902 0.80784
0.56863 0.6902 0.80392
0.56471 0.68627 0.8
0.56471 0.68627 0.80392
0.56863 0.6902 0.80784
0.56078 0.68235 0.79608
0.56078 0.68235 0.79608
0.57255 0.6902 0.8
0.56863 0.6902 0.8
0.56863 0.6902 0.8
0.56078 0.68235 0.80392
0.56078 0.68235 0.8
0.56078 0.68235 0.80392
0.56078 0.68235 0.8
0.56471 0.68627 0.8
0.56471 0.68627 0.8
0.56078 0.68235 0.79608
0.56863 0.6902 0.80392
0.56863 0.6902 0.80392
0.56471 0.68627 0.79608
0.57255 0.6902 0.8
0.57647 0.69412 0.80392
0.55686 0.68235 0.80392
0.56078 0.68235 0.80392
0.56078 0.68235 0.80784
0.56078 0.68235 0.8
0.56078 0.68235 0.79216
0.56078 0.68235 0.79608
0.56863 0.68627 0.80392
0.57255 0.6902 0.80392
0.57255 0.69412 0.80392
0.56863 0.68627 0.79608
0.57255 0.6902 0.8
0.57647 0.69412 0.80392
0.56078 0.68627 0.80784
0.56078 0.68235 0.80392
0.56078 0.68235 0.80392
0.56078 0.68235 0.8
0.56078 0.68235 0.79608
0.56471 0.68627 0.8
0.57255 0.6902 0.80392
0.57647 0.68627 0.80392
0.57255 0.6902 0.8
0.57255 0.69412 0.8
0.57255 0.6902 0.8
0.57255 0.6902 0.8
0.57647 0.69412 0.80392
0.54902 0.67843 0.8
0.55294 0.68235 0.80784
0.55686 0.68627 0.8
0.55294 0.68627 0.79608
0.55686 0.68627 0.8
0.55686 0.68235 0.79608
0.56078 0.68235 0.79608
0.56471 0.68627 0.8
0.56471 0.68627 0.8
0.56863 0.6902 0.80392
0.56863 0.68627 0.79608
0.57255 0.6902 0.8
0.57647 0.69412 0.80392
0.57647 0.69412 0.80392
0.57647 0.69412 0.80392
0.57255 0.6902 0.8
0.55686 0.67843 0.8
0.56471 0.68627 0.80784
0.54902 0.67843 0.8
0.55294 0.68235 0.80392
0.54902 0.67843 0.8
0.55294 0.68627 0.79608
0.55294 0.68627 0.79608
0.55686 0.6902 0.8
0.56471 0.6902 0.8
0.56078 0.68235 0.79608
0.56471 0.68627 0.8
0.56863 0.6902 0.80392
0.56863 0.6902 0.80392
0.56863 0.6902 0.8
0.57255 0.6902 0.8
0.56471 0.68235 0.79216
0.57647 0.69412 0.80392
0.57647 0.69412 0.80392
0.58431 0.70196 0.81176
0.58431 0.69804 0.80784
0.56078 0.68235 0.80784
0.56471 0.68627 0.80784
0.55294 0.68235 0.80392
0.55294 0.68235 0.80392
0.54902 0.67843 0.80392
0.55294 0.68627 0.79608
0.55686 0.6902 0.8
0.55686 0.6902 0.8
0.56078 0.68627 0.8
0.56471 0.68627 0.79608
0.56863 0.6902 0.80392
0.56471 0.68627 0.8
0.56863 0.6902 0.80392
0.57255 0.6902 0.8
0.57647 0.6902 0.8
0.57647 0.69412 0.80392
0.57647 0.69412 0.80392
0.57255 0.6902 0.8
0.58039 0.70196 0.81176
0.56471 0.68235 0.80784
0.56471 0.68627 0.80784
0.56078 0.68235 0.80392
0.56078 0.67843 0.80392
0.55686 0.67843 0.80392
0.56078 0.67843 0.80392
0.55686 0.68235 0.80392
0.55686 0.68235 0.80392
0.56078 0.68627 0.80784
0.56078 0.68627 0.80392
0.55686 0.68235 0.8
0.56078 0.68627 0.80392
0.56078 0.68627 0.80392
0.56471 0.68627 0.80392
0.56863 0.6902 0.80784
0.56471 0.68627 0.8
0.56863 0.68627 0.8
0.57255 0.68627 0.80392
0.57647 0.6902 0.80784
0.57647 0.69412 0.80392
0.57255 0.6902 0.8
0.57647 0.69412 0.80392
0.58431 0.69804 0.80784
0.58431 0.6902 0.8
0.56078 0.68235 0.80392
0.56471 0.68627 0.80784
0.56078 0.68235 0.80392
0.55686 0.67843 0.8
0.55686 0.68235 0.8
0.55686 0.67843 0.8
0.55686 0.67843 0.8
0.56471 0.68627 0.80784
0.56078 0.68235 0.80392
0.56078 0.68235 0.80392
0.55686 0.67843 0.8
0.56471 0.68627 0.80784
0.55686 0.67843 0.8
0.56471 0.68627 0.80784
0.56863 0.6902 0.80392
0.56863 0.6902 0.80392
0.56863 0.68235 0.8
0.56863 0.68627 0.80392
0.57647 0.6902 0.80784
0.57647 0.69412 0.80392
0.57647 0.69412 0.80392
0.57647 0.69412 0.80392
0.58431 0.6902 0.80392
0.58431 0.6902 0.80392
0.56078 0.67843 0.81176
0.56078 0.68235 0.81176
0.54902 0.67843 0.8
0.55686 0.68627 0.80784
0.55294 0.68235 0.80392
0.54902 0.67843 0.8
0.55686 0.68627 0.80784
0.56078 0.68627 0.80784
0.56078 0.68235 0.80392
0.56078 0.68235 0.80392
0.56863 0.6902 0.81176
0.56471 0.68627 0.80784
0.56471 0.68627 0.80784
0.56471 0.68627 0.8
0.56863 0.6902 0.80392
0.56863 0.6902 0.80392
0.56471 0.68627 0.8
0.56863 0.6902 0.80392
0.57255 0.6902 0.8
0.57647 0.69412 0.80392
0.58431 0.69804 0.80784
0.58431 0.6902 0.80392
0.59216 0.69804 0.81176
0.55686 0.67451 0.80392
0.55686 0.67843 0.80784
0.55294 0.68235 0.80392
0.55294 0.68235 0.80392
0.54902 0.67843 0.8
0.54902 0.67843 0.8
0.55686 0.68627 0.80784
0.55294 0.68235 0.80392
0.56078 0.68235 0.80392
0.56471 0.68627 0.80392
0.56471 0.68627 0.80392
0.56863 0.6902 0.80784
0.56471 0.68627 0.80784
0.56471 0.68627 0.8
0.56471 0.68627 0.8
0.56863 0.6902 0.80392
0.56471 0.68627 0.8
0.56471 0.68627 0.8
0.57255 0.68627 0.80392
0.57255 0.6902 0.80392
0.57647 0.69412 0.80392
0.58039 0.6902 0.80392
0.58039 0.6902 0.80392
0.55686 0.67843 0.8
0.55686 0.67843 0.8
0.55294 0.68235 0.80392
0.55294 0.68235 0.80392
0.55294 0.68235 0.80392
0.55686 0.68627 0.80784
0.55686 0.68627 0.80784
0.55294 0.68235 0.80392
0.56078 0.68627 0.8
0.56863 0.6902 0.8
0.56471 0.68627 0.8
0.56471 0.68627 0.8
0.56471 0.68627 0.8
0.56471 0.68627 0.8
0.56471 0.68627 0.8
0.56863 0.6902 0.80392
0.56863 0.6902 0.80392
0.57255 0.6902 0.80784
0.57255 0.68627 0.81176
0.57647 0.6902 0.80784
0.57647 0.69412 0.80392
0.57255 0.69412 0.80392
0.57647 0.6902 0.80392
0.58824 0.6902 0.80392
0.56078 0.68235 0.80392
0.55686 0.68235 0.8
0.56078 0.68627 0.80784
0.56078 0.68235 0.80392
0.55686 0.67843 0.8
0.55686 0.68627 0.80784
0.54902 0.67843 0.8
0.55294 0.68235 0.80392
0.56078 0.68627 0.8
0.56863 0.6902 0.80392
0.56471 0.68627 0.8
0.56078 0.68235 0.79608
0.56863 0.6902 0.80392
0.56863 0.6902 0.80392
0.56863 0.6902 0.80392
0.56863 0.6902 0.80392
0.56471 0.6902 0.8
0.56863 0.6902 0.80392
0.57255 0.68627 0.81176
0.57255 0.68627 0.80784
0.57647 0.69412 0.80392
0.57255 0.6902 0.8
0.57647 0.6902 0.8
0.58431 0.6902 0.80392
0.56078 0.68235 0.80784
0.56471 0.68235 0.80784
0.56471 0.68627 0.80784
0.56471 0.68627 0.80784
0.55686 0.68235 0.80392
0.55294 0.68235 0.80392
0.55294 0.68235 0.80392
0.55294 0.68235 0.80392
0.56471 0.68627 0.80392
0.56471 0.68627 0.80392
0.56471 0.68235 0.8
0.56471 0.68627 0.8
0.56863 0.6902 0.80392
0.56863 0.6902 0.80392
0.56471 0.68627 0.80392
0.57255 0.6902 0.80784
0.56863 0.6902 0.80392
0.57255 0.6902 0.80784
0.57255 0.68627 0.80784
0.57255 0.68627 0.80392
0.56863 0.68627 0.79608
0.56863 0.68627 0.79608
0.58039 0.69412 0.80784
0.58431 0.69412 0.80784
0.55686 0.67843 0.8
0.56471 0.68627 0.80784
0.56078 0.68627 0.80784
0.55686 0.68235 0.80392
0.55294 0.68235 0.80392
0.55294 0.68235 0.80392
0.56078 0.67843 0.80392
0.56863 0.68235 0.80784
0.57647 0.6902 0.81569
0.56863 0.6902 0.81176
0.56863 0.6902 0.81176
0.56863 0.6902 0.81176
0.57255 0.6902 0.80784
0.56863 0.68235 0.8
0.57255 0.68627 0.80392
0.58039 0.69412 0.81176
0.57647 0.6902 0.80784
0.58039 0.69412 0.80784
0.57647 0.69412 0.80392
0.58039 0.69804 0.80784
0.57647 0.69412 0.80392
0.55686 0.68235 0.81176
0.56078 0.67843 0.80784
0.56078 0.68235 0.80784
0.56078 0.67843 0.80784
0.56471 0.68627 0.80784
0.56078 0.68627 0.80784
0.55686 0.68235 0.80392
0.56471 0.68235 0.80784
0.57255 0.68627 0.81176
0.57647 0.68627 0.81569
0.56863 0.68235 0.80784
0.56471 0.68235 0.80784
0.56863 0.68627 0.80784
0.57255 0.68627 0.80784
0.56863 0.68235 0.8
0.57255 0.68627 0.80392
0.57647 0.6902 0.80784
0.57647 0.6902 0.80784
0.58039 0.69412 0.80784
0.58039 0.69804 0.80784
0.56078 0.6902 0.81961
0.56078 0.68235 0.81176
0.56078 0.68235 0.80392
0.56078 0.68235 0.80392
0.56863 0.6902 0.81176
0.57255 0.6902 0.81569
0.57647 0.6902 0.81569
0.57255 0.68627 0.81176
0.56863 0.68235 0.80784
0.56863 0.68235 0.81176
0.56863 0.68235 0.81176
0.56863 0.68235 0.80784
0.57647 0.6902 0.80784
0.57647 0.6902 0.80784
0.57647 0.68627 0.80392
0.57647 0.6902 0.80784
0.58431 0.69804 0.81176
0.58431 0.70196 0.81176
0.56471 0.68627 0.81176
0.56471 0.68235 0.80784
0.56078 0.68235 0.80392
0.56078 0.68235 0.80392
0.56471 0.68627 0.80784
0.56471 0.68627 0.80784
0.57255 0.69412 0.81569
0.56471 0.68627 0.80784
0.56471 0.68627 0.81176
0.56471 0.68627 0.81176
0.56471 0.68627 0.81176
0.56863 0.68627 0.80784
0.58039 0.69412 0.81176
0.57255 0.68627 0.80392
0.57647 0.6902 0.80392
0.58039 0.69804 0.80784
0.58039 0.69804 0.80784
0.58039 0.69804 0.80784
0.56078 0.68235 0.80784
0.55686 0.67843 0.8
0.55686 0.68235 0.80392
0.56078 0.68627 0.80784
0.56078 0.68627 0.80784
0.56863 0.6902 0.81176
0.56863 0.6902 0.81176
0.56471 0.68627 0.80784
0.56471 0.68627 0.80392
0.56471 0.68627 0.80392
0.56471 0.68627 0.80392
0.56471 0.68627 0.8
0.57647 0.6902 0.80784
0.56863 0.68235 0.8
0.57255 0.6902 0.80392
0.57647 0.69412 0.80392
0.57647 0.69412 0.80392
0.58039 0.69804 0.80784
0.55686 0.68627 0.81176
0.55686 0.68627 0.81176
0.55686 0.68627 0.80784
0.55686 0.68627 0.80784
0.56078 0.6902 0.81176
0.56863 0.6902 0.81176
0.57255 0.69412 0.81569
0.56863 0.6902 0.81176
0.56863 0.6902 0.81176
0.57255 0.69412 0.81569
0.56863 0.6902 0.81176
0.57255 0.6902 0.81176
0.57255 0.68627 0.80392
0.57647 0.6902 0.80784
0.58039 0.69412 0.81176
0.57647 0.69412 0.80392
0.57647 0.69412 0.80392
0.57647 0.69412 0.80392
0.55686 0.68235 0.80784
0.55294 0.68627 0.80784
0.54902 0.68627 0.80392
0.54902 0.68627 0.80392
0.55294 0.68235 0.80392
0.56078 0.68235 0.80392
0.56863 0.6902 0.80784
0.57255 0.69412 0.81176
0.56863 0.6902 0.80392
0.56863 0.6902 0.81176
0.57255 0.68235 0.81176
0.57255 0.68627 0.80784
0.57647 0.6902 0.81176
0.57255 0.68627 0.80392
0.57647 0.6902 0.80784
0.58039 0.69804 0.81176
0.58039 0.69804 0.80784
0.57647 0.69412 0.80392
0.57647 0.69412 0.80392
0.56078 0.68235 0.80392
0.55686 0.68627 0.80784
0.55294 0.6902 0.80784
0.55294 0.6902 0.80784
0.55686 0.68627 0.80784
0.56863 0.6902 0.81176
0.56863 0.6902 0.80784
0.56863 0.6902 0.81176
0.56863 0.6902 0.80784
0.57255 0.68627 0.81176
0.56863 0.68235 0.80784
0.56863 0.68235 0.8
0.57647 0.6902 0.80784
0.57255 0.68627 0.80392
0.57255 0.6902 0.80392
0.58039 0.69804 0.80784
0.58039 0.69804 0.80784
0.57647 0.69412 0.80392
0.56471 0.68235 0.80392
0.56863 0.68235 0.80784
0.57255 0.68627 0.81176
0.56863 0.68627 0.81176
0.56471 0.6902 0.81176
0.56078 0.68627 0.80784
0.55294 0.68627 0.80392
0.55686 0.68627 0.80784
0.56863 0.6902 0.81176
0.56471 0.68627 0.80784
0.56863 0.6902 0.80784
0.57255 0.69412 0.81569
0.56863 0.68627 0.80784
0.56863 0.68235 0.80784
0.57255 0.68627 0.80392
0.57255 0.68627 0.80392
0.58039 0.69412 0.81176
0.57255 0.6902 0.80392
0.57255 0.6902 0.8
0.58039 0.69804 0.80784
0.57647 0.69412 0.80392
0.56471 0.68235 0.80784
0.55686 0.68627 0.80784
0.54902 0.68235 0.80392
0.56078 0.6902 0.81176
0.55686 0.68235 0.80392
0.56078 0.68235 0.80392
0.56863 0.6902 0.80784
0.56863 0.69412 0.81176
0.57255 0.6902 0.81176
0.57255 0.68627 0.80784
0.58039 0.69412 0.81176
0.57647 0.69412 0.80784
0.57647 0.69412 0.81176
0.57647 0.69804 0.80784
0.58039 0.69804 0.80784
0.58039 0.69804 0.80784
0.58039 0.69804 0.80784
0.57647 0.69412 0.80392
0.58431 0.69412 0.80784
0.56078 0.68235 0.80392
0.55294 0.68235 0.80392
0.55686 0.68627 0.80784
0.56078 0.6902 0.81176
0.56471 0.69412 0.81569
0.56863 0.6902 0.81176
0.56863 0.6902 0.81176
0.56863 0.6902 0.81176
0.56863 0.68627 0.80392
0.57255 0.68627 0.80392
0.58039 0.69412 0.81176
0.57647 0.69412 0.80784
0.57255 0.69412 0.80784
0.56863 0.6902 0.80392
0.57647 0.69804 0.80784
0.58824 0.70196 0.81176
0.58431 0.69412 0.80784
0.56471 0.68627 0.80784
0.56471 0.68627 0.80784
0.56471 0.68627 0.80784
0.56863 0.6902 0.81176
0.56471 0.6902 0.80784
0.56863 0.6902 0.81176
0.56863 0.6902 0.81176
0.57255 0.68627 0.80784
0.57255 0.68627 0.80392
0.57647 0.6902 0.80784
0.57255 0.6902 0.80784
0.57255 0.69412 0.80784
0.57255 0.69412 0.80784
0.56863 0.6902 0.81569
0.56471 0.68235 0.80784
0.56471 0.6902 0.80784
0.56471 0.68627 0.81176
0.57255 0.69412 0.81569
0.56863 0.6902 0.80784
0.56863 0.6902 0.80784
0.57255 0.6902 0.80784
0.57647 0.6902 0.80784
0.56471 0.68627 0.81176
0.56471 0.68627 0.80784
0.56471 0.68627 0.81569
0.56863 0.6902 0.81569
0.57255 0.69412 0.81176
0.56863 0.6902 0.80392
0.56471 0.68627 0.80784
0.56863 0.6902 0.81961
0.56863 0.68627 0.81569
0.56471 0.68627 0.80784
0.56863 0.68627 0.81569
0.56863 0.6902 0.81569
0.56471 0.68627 0.80784
