0.13725 0.23529 0.37647
0.12157 0.23137 0.37255
0.1098 0.23137 0.37255
0.11373 0.23529 0.37647
0.11765 0.23529 0.38431
0.10588 0.23137 0.38039
0.10588 0.23529 0.38039
0.098039 0.23137 0.37647
0.13725 0.24706 0.39608
0.11765 0.23529 0.38824
0.098039 0.22745 0.38431
0.10196 0.23529 0.39216
0.086275 0.22353 0.37647
0.11765 0.24314 0.38431
0.098039 0.22745 0.37647
0.082353 0.21569 0.38039
0.07451 0.21569 0.38039
0.058824 0.20392 0.36863
0.10588 0.23529 0.38039
0.094118 0.23529 0.38431
0.05098 0.21176 0.37647
