0.062745 0.35686 0.36078
0.058824 0.35686 0.36863
0.05098 0.35294 0.35686
0.11373 0.35686 0.35686
0.062745 0.35686 0.35686
0.058824 0.35686 0.34902
0.05098 0.36078 0.36078
0.11373 0.35686 0.36078
0.054902 0.34902 0.35294
0.062745 0.35294 0.36078
0.05098 0.36471 0.37647
0.062745 0.37255 0.37647
0.12157 0.36078 0.36471
0.062745 0.35294 0.35686
0.058824 0.35686 0.36863
0.058824 0.36078 0.37255
0.094118 0.37647 0.36863
0.13333 0.36078 0.36471
0.070588 0.35294 0.35294
0.066667 0.36078 0.36863
0.070588 0.35294 0.36078
0.10588 0.37647 0.35686
0.14118 0.36471 0.36078
0.082353 0.35686 0.34902
0.086275 0.36078 0.36863
0.070588 0.34902 0.35294
0.14902 0.36471 0.35686
0.086275 0.35686 0.34902
0.07451 0.36078 0.35686
0.07451 0.3451 0.3451
0.15294 0.36863 0.35294
0.090196 0.36078 0.35294
0.066667 0.36863 0.35686
0.066667 0.3451 0.33333
0.14902 0.36863 0.34118
0.090196 0.36078 0.35294
0.062745 0.36078 0.35294
0.070588 0.34902 0.32941
