0.61569 0.72157 0.83529
0.61176 0.71765 0.83137
0.61569 0.72157 0.83529
0.61961 0.72549 0.83922
0.61961 0.72549 0.83922
0.61569 0.72157 0.83529
0.61569 0.72157 0.83529
0.61176 0.71765 0.83137
0.61569 0.72157 0.83529
0.61569 0.72157 0.83529
0.61569 0.72157 0.83529
0.61176 0.71765 0.83137
0.61569 0.72157 0.83529
0.61569 0.72157 0.83529
0.61569 0.72157 0.83529
0.60784 0.71373 0.82745
0.61569 0.72157 0.83529
0.61176 0.71765 0.83137
0.61569 0.72157 0.83529
0.61176 0.71765 0.83137
0.61176 0.71765 0.83137
0.61569 0.72157 0.83529
0.62353 0.72941 0.84314
0.61569 0.72157 0.83529
0.61961 0.72549 0.83922
0.61961 0.72549 0.83922
0.61176 0.71765 0.83137
0.61961 0.72549 0.83922
0.62745 0.73333 0.84706
0.61569 0.72157 0.83922
0.61961 0.72549 0.83922
0.61961 0.72549 0.83922
0.61176 0.71765 0.83137
0.61569 0.72157 0.83529
0.61961 0.72549 0.84314
0.61569 0.72157 0.83137
0.61961 0.72549 0.83922
0.61569 0.72157 0.83529
