0.34118 0.41569 0.5451
0.3098 0.38039 0.51373
0.35294 0.41569 0.54902
0.33725 0.40784 0.53725
0.3451 0.40784 0.54118
0.33333 0.4 0.52941
0.36078 0.41961 0.55294
0.32941 0.38824 0.52549
0.38431 0.43922 0.57647
0.36078 0.41569 0.55686
0.3451 0.4 0.54118
0.36471 0.41961 0.56078
0.35294 0.40784 0.55294
0.34118 0.4 0.54118
0.37255 0.44706 0.57647
0.3451 0.41569 0.55294
0.3451 0.41176 0.55294
0.36078 0.43529 0.56471
0.32549 0.4 0.53333
0.34118 0.41176 0.55294
0.35686 0.43137 0.55686
0.32941 0.4 0.53725
0.34118 0.40784 0.55294
