0.56863 0.6902 0.83137
0.57255 0.6902 0.83137
0.57255 0.6902 0.83922
0.57255 0.6902 0.83529
0.57255 0.68627 0.83137
0.57647 0.69412 0.83529
0.56471 0.6902 0.83922
0.57255 0.6902 0.84314
0.56863 0.68627 0.83137
0.56863 0.68627 0.82745
0.58039 0.69412 0.83529
0.57647 0.6902 0.83137
0.56078 0.68627 0.83922
0.56471 0.6902 0.84314
0.55686 0.68235 0.83137
0.56078 0.68627 0.83529
0.57255 0.6902 0.83922
0.56863 0.68627 0.83137
0.56863 0.68627 0.82745
0.56863 0.69804 0.83529
0.57255 0.6902 0.83137
0.57647 0.6902 0.83529
0.57647 0.69412 0.83529
0.56078 0.68627 0.83922
0.56078 0.68627 0.83922
0.56078 0.68627 0.83529
0.56471 0.6902 0.83922
0.56078 0.68627 0.83529
0.55686 0.68235 0.83137
0.56078 0.68627 0.83529
0.57255 0.6902 0.83922
0.57255 0.6902 0.83529
0.57647 0.69412 0.83529
0.57255 0.69412 0.83529
0.57255 0.6902 0.83137
0.57255 0.6902 0.83137
0.57647 0.69412 0.83529
0.57647 0.69412 0.83529
0.55686 0.68235 0.83529
0.54902 0.68235 0.83137
0.55686 0.68627 0.83529
0.56471 0.68627 0.83529
0.56863 0.6902 0.83922
0.56078 0.68627 0.83529
0.56471 0.6902 0.83922
0.56471 0.68627 0.83529
0.57255 0.6902 0.83922
0.57255 0.69412 0.83922
0.57647 0.69412 0.83529
0.57647 0.69412 0.83529
0.57647 0.6902 0.83137
0.57647 0.69412 0.83529
0.57647 0.69412 0.83529
0.57647 0.69412 0.83529
0.57255 0.6902 0.83137
0.55686 0.68235 0.83137
0.55294 0.67843 0.83137
0.55294 0.67843 0.83137
0.55686 0.68235 0.83529
0.55686 0.68235 0.83529
0.55686 0.68235 0.83529
0.54902 0.67843 0.82745
0.55294 0.68235 0.83529
0.56471 0.68235 0.83137
0.56471 0.68235 0.83137
0.57255 0.6902 0.83922
0.56863 0.68627 0.83529
0.56471 0.68627 0.83529
0.56078 0.68627 0.83529
0.56471 0.6902 0.83137
0.57255 0.70196 0.83922
0.57255 0.6902 0.83137
0.57255 0.6902 0.83137
0.57647 0.69412 0.83529
0.57647 0.69412 0.83529
0.57255 0.6902 0.83137
0.58039 0.69804 0.83922
0.55294 0.67843 0.83529
0.55294 0.67843 0.83529
0.55294 0.67843 0.83529
0.55686 0.68235 0.83529
0.55686 0.68235 0.83529
0.55686 0.68235 0.83529
0.54902 0.67843 0.83137
0.55686 0.68235 0.83529
0.56471 0.68627 0.83529
0.56863 0.6902 0.83922
0.57255 0.69412 0.84314
0.56471 0.68627 0.83529
0.56471 0.68627 0.83529
0.56078 0.68627 0.83529
0.57255 0.69804 0.83922
0.56863 0.69804 0.83529
0.57255 0.69804 0.83137
0.57647 0.69804 0.83529
0.56863 0.69412 0.83137
0.57255 0.6902 0.83137
0.57647 0.69412 0.83529
0.58431 0.70196 0.84314
0.56078 0.68627 0.84706
0.55686 0.68235 0.84314
0.55686 0.68235 0.84314
0.55686 0.68235 0.83529
0.55294 0.67843 0.83137
0.56078 0.68627 0.83922
0.55686 0.68235 0.83529
0.55686 0.68235 0.83529
0.55686 0.68627 0.83922
0.56471 0.6902 0.84314
0.56471 0.6902 0.84314
0.56078 0.68627 0.83529
0.56078 0.68627 0.83529
0.56471 0.6902 0.83922
0.57255 0.69804 0.83922
0.57255 0.70196 0.83922
0.57255 0.70196 0.83137
0.56863 0.70196 0.83137
0.57255 0.70196 0.83922
0.57255 0.69804 0.83529
0.57647 0.69412 0.83529
0.58039 0.69804 0.83922
0.56078 0.68627 0.84706
0.55686 0.68235 0.84314
0.54902 0.67451 0.83529
0.54902 0.67451 0.83529
0.55294 0.67843 0.83922
0.55686 0.68235 0.84314
0.55294 0.67843 0.83529
0.55686 0.68235 0.83529
0.55686 0.68235 0.83529
0.55686 0.68235 0.83529
0.56078 0.68627 0.83922
0.55294 0.67843 0.83137
0.56078 0.68627 0.83529
0.56863 0.69412 0.84314
0.56863 0.69412 0.83529
0.56471 0.69412 0.83137
0.56471 0.69412 0.82353
0.57255 0.70196 0.83529
0.56863 0.69804 0.83529
0.57255 0.70196 0.83922
0.57647 0.69804 0.83529
0.58824 0.69804 0.84314
0.55294 0.67843 0.83922
0.55294 0.67843 0.83922
0.55294 0.67843 0.83922
0.55294 0.67843 0.83922
0.54902 0.67451 0.83529
0.55686 0.68235 0.84314
0.55294 0.67843 0.83529
0.55686 0.68235 0.83137
0.55294 0.67843 0.83137
0.55686 0.68235 0.83529
0.56078 0.68627 0.83922
0.56078 0.68627 0.83529
0.56471 0.6902 0.83529
0.56471 0.6902 0.83922
0.56863 0.69412 0.83922
0.56863 0.69804 0.83529
0.56863 0.69804 0.83137
0.57255 0.69804 0.83529
0.57255 0.69804 0.83922
0.56471 0.69412 0.83529
0.57255 0.69804 0.83529
0.58431 0.69412 0.83922
0.58431 0.69804 0.83529
0.55294 0.67843 0.83922
0.55686 0.68235 0.83922
0.55686 0.68235 0.83529
0.54902 0.68235 0.83137
0.5451 0.67843 0.82745
0.55294 0.68627 0.83529
0.55686 0.68627 0.83922
0.55686 0.68235 0.83529
0.55686 0.68235 0.83529
0.56078 0.68627 0.83922
0.56078 0.68627 0.83922
0.56471 0.6902 0.84314
0.56471 0.6902 0.83922
0.56863 0.69412 0.84314
0.56471 0.6902 0.83922
0.56078 0.68627 0.83529
0.56471 0.6902 0.83922
0.56863 0.69412 0.84314
0.56863 0.69412 0.84314
0.57255 0.69412 0.84314
0.58039 0.69804 0.84314
0.57647 0.69412 0.83137
0.58039 0.69412 0.83137
0.58039 0.69804 0.83922
0.54902 0.67451 0.83529
0.55294 0.67843 0.83529
0.56078 0.68627 0.83922
0.55294 0.68627 0.83529
0.55294 0.68627 0.83529
0.55294 0.68627 0.83529
0.55686 0.68627 0.83922
0.55686 0.68235 0.83529
0.55686 0.68235 0.83529
0.55686 0.68235 0.83529
0.55686 0.68235 0.83529
0.55686 0.68235 0.83529
0.56863 0.69412 0.84314
0.56863 0.69412 0.84314
0.56863 0.69412 0.84314
0.56471 0.6902 0.83922
0.56471 0.68627 0.83529
0.56863 0.6902 0.83922
0.57647 0.69804 0.84706
0.57647 0.69412 0.84314
0.58824 0.70588 0.85098
0.58431 0.70196 0.83922
0.58039 0.69804 0.83529
0.58039 0.69804 0.83922
0.54902 0.67451 0.83529
0.56078 0.68627 0.84314
0.56471 0.6902 0.84314
0.55294 0.68627 0.83529
0.55294 0.68627 0.83529
0.55294 0.68627 0.83529
0.55686 0.68627 0.83529
0.56078 0.68627 0.83922
0.55686 0.68235 0.83529
0.56078 0.68627 0.83922
0.56471 0.6902 0.84314
0.56078 0.68627 0.83529
0.56471 0.6902 0.83922
0.56471 0.6902 0.83922
0.56471 0.6902 0.83922
0.56863 0.69412 0.84314
0.57255 0.6902 0.83922
0.57647 0.69412 0.84314
0.57647 0.69412 0.84314
0.57647 0.69412 0.84314
0.58039 0.69804 0.84314
0.58824 0.70588 0.84314
0.58431 0.70196 0.83922
0.58039 0.69804 0.83922
0.58039 0.69804 0.83529
0.55686 0.68235 0.83529
0.55686 0.68235 0.83529
0.56078 0.68627 0.83922
0.55294 0.68235 0.83922
0.54902 0.68235 0.83922
0.55294 0.68235 0.83922
0.55686 0.68627 0.84314
0.56471 0.68627 0.83922
0.56078 0.68627 0.83922
0.56471 0.6902 0.83922
0.56471 0.6902 0.83922
0.56471 0.6902 0.83922
0.56471 0.6902 0.83922
0.56863 0.69412 0.84314
0.56471 0.6902 0.83922
0.56863 0.6902 0.83922
0.57647 0.69412 0.84706
0.57647 0.69412 0.83922
0.57647 0.69412 0.83529
0.58039 0.69804 0.83922
0.58039 0.69804 0.83922
0.58431 0.70196 0.84314
0.58431 0.70196 0.84314
0.58039 0.69804 0.83529
0.57647 0.69412 0.83529
0.54902 0.67843 0.83137
0.54902 0.67843 0.83137
0.55294 0.68235 0.83137
0.55294 0.68235 0.83529
0.55294 0.68235 0.83137
0.54902 0.68235 0.83137
0.55294 0.68235 0.83529
0.55686 0.68235 0.83529
0.56078 0.68627 0.83922
0.56078 0.68627 0.83922
0.56471 0.6902 0.83922
0.56471 0.6902 0.83922
0.57255 0.69804 0.84706
0.56863 0.69412 0.84314
0.56863 0.69412 0.84314
0.56863 0.69412 0.84314
0.58039 0.69412 0.84314
0.58039 0.69804 0.84314
0.58039 0.69804 0.84314
0.58431 0.70196 0.84314
0.58431 0.70196 0.84314
0.57647 0.69412 0.83529
0.58431 0.70196 0.84314
0.58431 0.70196 0.84314
0.58039 0.69804 0.83922
0.54902 0.68627 0.83529
0.55294 0.68627 0.83529
0.55294 0.68627 0.83529
0.55686 0.68627 0.83529
0.55686 0.68235 0.83529
0.56078 0.68627 0.83529
0.56078 0.68627 0.83529
0.56078 0.68627 0.84314
0.56471 0.6902 0.84314
0.56078 0.68627 0.83922
0.56471 0.6902 0.83922
0.56078 0.68627 0.83529
0.56471 0.6902 0.83922
0.56471 0.6902 0.83922
0.56471 0.6902 0.84314
0.56471 0.6902 0.83922
0.57255 0.6902 0.83137
0.58039 0.69412 0.83922
0.58039 0.69412 0.84706
0.58431 0.69804 0.84314
0.58431 0.70196 0.84314
0.58431 0.70196 0.83922
0.58824 0.70588 0.84706
0.58431 0.70196 0.84314
0.57647 0.69412 0.83529
0.54902 0.68627 0.83137
0.55294 0.68235 0.83529
0.56078 0.68627 0.83922
0.55686 0.68235 0.83137
0.56078 0.68627 0.83529
0.56863 0.69412 0.84314
0.56078 0.68627 0.83922
0.56471 0.6902 0.83922
0.56078 0.68627 0.83922
0.56471 0.6902 0.83922
0.56471 0.6902 0.83922
0.56078 0.68627 0.83529
0.56471 0.6902 0.83922
0.56471 0.6902 0.83922
0.56863 0.69412 0.84314
0.56863 0.69412 0.84314
0.56863 0.69804 0.83922
0.58039 0.69804 0.83922
0.58824 0.69804 0.84314
0.58039 0.69804 0.83922
0.58039 0.69804 0.83922
0.58039 0.69804 0.83922
0.58039 0.69804 0.83922
0.55294 0.68627 0.83529
0.55294 0.68235 0.83529
0.55686 0.68235 0.83529
0.56078 0.68627 0.83922
0.56078 0.68627 0.83529
0.56471 0.6902 0.83922
0.56078 0.68627 0.83529
0.55686 0.68235 0.83137
0.56471 0.6902 0.83922
0.56863 0.69412 0.84314
0.57255 0.69412 0.84314
0.56471 0.6902 0.83922
0.56863 0.6902 0.83922
0.57255 0.69804 0.84706
0.56471 0.6902 0.83922
0.56471 0.6902 0.83922
0.56863 0.69412 0.83922
0.57647 0.69804 0.83922
0.58431 0.69412 0.84314
0.58431 0.69804 0.83922
0.58039 0.69804 0.83922
0.57647 0.69412 0.83529
0.58431 0.70196 0.83922
0.55686 0.6902 0.83922
0.55686 0.68627 0.83529
0.55686 0.68235 0.83529
0.56471 0.68627 0.84314
0.56078 0.68627 0.83922
0.55686 0.68235 0.83529
0.56078 0.68627 0.83529
0.56078 0.68627 0.83529
0.55686 0.68627 0.83529
0.56471 0.68627 0.83529
0.57255 0.6902 0.83922
0.57255 0.6902 0.83922
0.57255 0.6902 0.83922
0.57647 0.69412 0.84314
0.57647 0.69412 0.84314
0.57255 0.6902 0.83922
0.57255 0.6902 0.83922
0.57647 0.69412 0.84314
0.58431 0.69804 0.84706
0.57647 0.69412 0.83922
0.58039 0.69804 0.83922
0.57647 0.69412 0.83529
0.55686 0.6902 0.83922
0.55294 0.68627 0.83529
0.55686 0.68627 0.83529
0.55294 0.68235 0.83137
0.55294 0.68627 0.83529
0.55294 0.68235 0.83529
0.55686 0.68235 0.83529
0.56078 0.68627 0.83922
0.56078 0.68627 0.83529
0.56471 0.68627 0.83922
0.57647 0.69412 0.84314
0.57255 0.6902 0.83922
0.57647 0.69412 0.84314
0.57647 0.69412 0.84314
0.57255 0.6902 0.83922
0.57647 0.69412 0.84314
0.57647 0.69804 0.84706
0.57255 0.69804 0.84706
0.57255 0.69412 0.84314
0.57255 0.69804 0.83922
0.58431 0.70588 0.84314
0.58431 0.69804 0.84314
0.58039 0.69804 0.83922
0.58039 0.69804 0.83529
0.58431 0.70196 0.84314
0.55294 0.68627 0.83529
0.55294 0.68627 0.83529
0.55686 0.6902 0.83922
0.54902 0.68235 0.83137
0.55294 0.68627 0.83529
0.55686 0.6902 0.83922
0.56078 0.6902 0.84314
0.55686 0.67843 0.83529
0.56078 0.68627 0.83922
0.56078 0.68627 0.83529
0.56863 0.68627 0.83529
0.56471 0.68627 0.83529
0.57255 0.6902 0.83922
0.57255 0.6902 0.83922
0.57647 0.69412 0.84314
0.57255 0.69412 0.84314
0.57255 0.69804 0.84706
0.57255 0.69804 0.84706
0.56863 0.69804 0.84314
0.57255 0.70196 0.83922
0.58039 0.69804 0.83922
0.59216 0.70196 0.84706
0.58431 0.69804 0.84314
0.58039 0.69804 0.83922
0.58431 0.70196 0.84314
0.58431 0.70196 0.84314
0.54902 0.68235 0.83137
0.54902 0.68627 0.83137
0.54902 0.68235 0.83137
0.55686 0.6902 0.83922
0.55686 0.6902 0.83922
0.55294 0.68627 0.83529
0.55686 0.68627 0.83922
0.56078 0.68627 0.83922
0.56078 0.68627 0.83922
0.55686 0.68235 0.83529
0.56078 0.68627 0.83529
0.56078 0.68627 0.83529
0.56863 0.69412 0.84314
0.57647 0.69412 0.84314
0.57647 0.69412 0.84314
0.57647 0.69412 0.84314
0.57255 0.69804 0.83922
0.56863 0.69804 0.83529
0.56863 0.69804 0.83529
0.57255 0.70196 0.83922
0.58039 0.69804 0.83922
0.58431 0.69412 0.83922
0.57647 0.6902 0.83137
0.58039 0.69804 0.83922
0.58039 0.69804 0.83922
0.58039 0.69804 0.83922
0.55294 0.68235 0.83529
0.55686 0.68627 0.83529
0.55294 0.68235 0.83137
0.55294 0.68235 0.83529
0.55686 0.68627 0.84314
0.55686 0.6902 0.84314
0.56078 0.68627 0.83922
0.56471 0.6902 0.83922
0.56078 0.68627 0.83922
0.55686 0.68235 0.83529
0.56078 0.68627 0.83529
0.56471 0.6902 0.83922
0.57255 0.69804 0.84706
0.56471 0.68627 0.83529
0.56863 0.6902 0.83922
0.57647 0.69412 0.84314
0.56863 0.69804 0.83922
0.56863 0.69804 0.83922
0.57255 0.69804 0.84314
0.57255 0.69804 0.83922
0.58431 0.70196 0.84314
0.58431 0.69804 0.83529
0.57647 0.68627 0.83137
0.57647 0.6902 0.83529
0.58039 0.69804 0.83922
0.58039 0.69804 0.83922
0.55686 0.68235 0.83529
0.56078 0.68627 0.83922
0.55294 0.67843 0.83137
0.54902 0.67843 0.83922
0.55294 0.68235 0.84314
0.56078 0.6902 0.85098
0.55686 0.68627 0.83922
0.55686 0.68235 0.83529
0.56078 0.68627 0.83137
0.55686 0.68235 0.83137
0.55686 0.68235 0.83137
0.56471 0.6902 0.83922
0.56471 0.6902 0.83922
0.55686 0.68627 0.83529
0.56471 0.6902 0.83922
0.56863 0.69412 0.84314
0.56863 0.69412 0.84706
0.56863 0.69412 0.84706
0.57255 0.69804 0.84706
0.58039 0.69804 0.84314
0.58431 0.70196 0.84314
0.59608 0.7098 0.83922
0.59216 0.70196 0.84314
0.58824 0.69804 0.84706
0.58431 0.70196 0.84314
0.57647 0.69804 0.83922
0.55686 0.68235 0.83529
0.56078 0.68627 0.83922
0.56078 0.68627 0.83922
0.55294 0.68235 0.84314
0.55686 0.68627 0.84706
0.55686 0.68627 0.84706
0.56078 0.68627 0.84314
0.56078 0.68627 0.83922
0.56471 0.6902 0.83922
0.56078 0.68627 0.83529
0.56471 0.6902 0.83922
0.56863 0.69412 0.84314
0.56863 0.69412 0.84314
0.56863 0.69412 0.84314
0.56863 0.69412 0.84314
0.56471 0.6902 0.83922
0.57255 0.69804 0.84706
0.57255 0.69804 0.84706
0.57255 0.69804 0.85098
0.58431 0.70196 0.84706
0.58431 0.70196 0.83922
0.58824 0.70196 0.83529
0.59216 0.70588 0.83922
0.58824 0.70196 0.83922
