0.26275 0.37647 0.5098
0.25882 0.37255 0.50196
0.26275 0.37647 0.50196
0.25882 0.37255 0.50196
0.26667 0.38039 0.51373
0.26275 0.38039 0.50588
0.26275 0.37647 0.50196
0.26275 0.37647 0.50588
0.26275 0.37647 0.5098
0.26275 0.37647 0.5098
0.26667 0.38039 0.50588
0.26275 0.37647 0.50196
0.26275 0.37647 0.50588
0.26275 0.37647 0.5098
0.26667 0.38039 0.51373
0.26667 0.38039 0.51373
0.27059 0.38039 0.51373
0.26667 0.38039 0.51373
0.26275 0.38039 0.51373
0.25098 0.36471 0.49804
0.26667 0.38039 0.51373
0.24706 0.36863 0.50196
0.26275 0.38039 0.51373
