0.2902 0.42353 0.57255
0.25098 0.36863 0.51765
0.29412 0.42353 0.57647
0.27843 0.37647 0.51373
0.24314 0.3451 0.48627
0.31373 0.43137 0.58039
0.30588 0.43137 0.58431
0.2902 0.41569 0.56863
0.28235 0.40784 0.56078
0.28627 0.40784 0.56471
0.28627 0.37255 0.50588
0.24706 0.34902 0.48235
0.30588 0.41961 0.56471
0.31765 0.43922 0.58431
0.30588 0.43529 0.58431
0.29412 0.41961 0.57647
0.28627 0.41176 0.56471
0.28235 0.40784 0.56078
0.28627 0.40784 0.55686
0.30588 0.42353 0.57255
0.30588 0.39216 0.52941
0.23529 0.33333 0.47059
0.30196 0.41569 0.55686
0.31765 0.44314 0.58824
0.30588 0.43529 0.58431
0.30196 0.42745 0.58039
0.29412 0.41961 0.57255
0.28235 0.40392 0.55686
0.29412 0.40784 0.56078
0.3098 0.42745 0.57647
0.29804 0.41569 0.56863
0.30588 0.39216 0.53725
0.23529 0.33725 0.47843
0.29804 0.41176 0.55294
0.32157 0.44314 0.59216
0.3098 0.43922 0.58824
0.29804 0.42353 0.57647
0.2902 0.41569 0.56863
0.28235 0.40392 0.55686
0.29412 0.40784 0.56471
0.30588 0.41961 0.57647
0.30196 0.41569 0.57255
0.28235 0.36863 0.5098
0.24314 0.33725 0.47451
0.30196 0.40784 0.55294
0.32549 0.43922 0.58824
0.3098 0.43137 0.58039
0.2902 0.41961 0.56863
0.2902 0.41569 0.57255
0.28235 0.40784 0.56863
0.28627 0.40784 0.56078
0.30196 0.41569 0.57255
0.30588 0.41961 0.57255
0.27843 0.40392 0.55294
0.34118 0.44314 0.58824
0.26275 0.35294 0.49412
0.24314 0.34118 0.47451
0.29412 0.39608 0.54118
0.33333 0.44314 0.59216
0.31373 0.43529 0.58431
0.30588 0.43137 0.58431
0.29804 0.42353 0.57647
0.28235 0.40784 0.56863
0.28235 0.40784 0.56078
0.2902 0.41569 0.56863
0.30196 0.41569 0.57255
0.2902 0.41569 0.56471
0.28235 0.40784 0.55686
0.27059 0.36863 0.51373
0.24314 0.34118 0.48627
0.23137 0.33333 0.47059
0.28627 0.38824 0.53333
0.33333 0.44314 0.59216
0.32157 0.43922 0.58824
0.31373 0.43922 0.58824
0.29804 0.42353 0.57647
0.27843 0.40784 0.56863
0.27451 0.41176 0.56078
0.2902 0.41961 0.57255
0.29804 0.42353 0.57647
0.2902 0.41569 0.56863
0.2902 0.41569 0.56471
0.24706 0.35294 0.4902
0.24706 0.34118 0.48235
0.24314 0.33725 0.48235
0.23529 0.33333 0.47059
0.26667 0.37255 0.5098
0.32549 0.43922 0.58039
0.31373 0.43922 0.58431
0.30588 0.43137 0.58431
0.29412 0.41961 0.57255
0.28235 0.40784 0.56471
0.27451 0.40392 0.55686
0.29804 0.42353 0.57647
0.30588 0.43137 0.58039
0.2902 0.41569 0.56471
0.28235 0.40784 0.56078
0.24706 0.3451 0.48235
0.24706 0.33725 0.47451
0.25098 0.3451 0.47843
0.23529 0.32941 0.46667
0.25098 0.35686 0.49412
0.31765 0.43529 0.57647
0.31373 0.43922 0.58824
0.30196 0.42745 0.58039
0.2902 0.41569 0.56863
0.28627 0.41176 0.56471
0.27843 0.40392 0.55686
0.29804 0.41961 0.57255
0.29804 0.42353 0.56863
0.29804 0.42353 0.57255
0.29412 0.41961 0.56863
0.2902 0.38824 0.52157
0.24706 0.34118 0.47059
0.2549 0.3451 0.47451
0.24706 0.33725 0.47059
0.23529 0.32941 0.45882
0.24706 0.35294 0.4902
0.3098 0.42353 0.57647
0.3098 0.43137 0.59216
0.29804 0.42353 0.57647
0.28627 0.41176 0.56471
0.2902 0.41569 0.56863
0.28627 0.41176 0.56471
0.29412 0.41961 0.57255
0.29804 0.42353 0.57255
0.28627 0.41176 0.56078
0.29804 0.42353 0.57255
0.24706 0.3451 0.46667
0.24314 0.33333 0.46275
0.25882 0.34902 0.47451
0.26275 0.34902 0.47451
0.25098 0.34118 0.46667
0.24706 0.33725 0.46667
0.24706 0.3451 0.48627
0.29804 0.41569 0.56863
0.30588 0.43137 0.58824
0.29412 0.42353 0.57255
0.28235 0.41176 0.56078
0.28627 0.41569 0.56863
0.28235 0.40784 0.56078
0.29804 0.42353 0.57255
0.29804 0.42353 0.57255
0.2902 0.41176 0.56471
0.30588 0.43137 0.58039
0.29412 0.38431 0.5098
0.26275 0.35294 0.47843
0.24706 0.33725 0.46275
0.26275 0.35294 0.47843
0.25882 0.34902 0.47451
0.24314 0.33333 0.45882
0.24314 0.32941 0.4549
0.25098 0.34902 0.48627
0.30196 0.42353 0.57255
0.29804 0.43137 0.58824
0.28627 0.41961 0.56863
0.29804 0.43137 0.58039
0.28235 0.41569 0.56471
0.27451 0.4 0.55294
0.29412 0.41961 0.57255
0.29804 0.42353 0.57647
0.29412 0.41176 0.56078
0.26667 0.35686 0.48627
0.2549 0.3451 0.47843
0.25098 0.34118 0.47451
0.2549 0.3451 0.47843
0.2549 0.3451 0.47451
0.24706 0.33725 0.46667
0.24706 0.33725 0.46667
0.24706 0.35294 0.48627
0.29412 0.40784 0.56078
0.30588 0.43137 0.58824
0.29412 0.42353 0.57255
0.29412 0.41961 0.57255
0.29804 0.42353 0.57255
0.28627 0.40392 0.56078
0.29412 0.40784 0.56471
0.29804 0.41569 0.57255
0.29804 0.41569 0.56471
0.35294 0.44314 0.5451
0.25098 0.34118 0.47059
0.25098 0.33725 0.47059
0.24706 0.33725 0.47059
0.25098 0.34118 0.47451
0.24706 0.33725 0.47059
0.2549 0.3451 0.47843
0.24706 0.34118 0.47059
0.22745 0.33333 0.46667
0.29412 0.40784 0.55686
0.3098 0.43137 0.58431
0.3098 0.43137 0.58431
0.30196 0.42745 0.58039
0.36078 0.44314 0.55294
0.27059 0.35294 0.47059
0.27059 0.34902 0.47843
0.2549 0.34118 0.47059
0.23922 0.33333 0.46667
0.23922 0.33333 0.46667
0.24314 0.33725 0.47059
0.25098 0.3451 0.47843
0.23922 0.32941 0.46275
0.22745 0.32549 0.46275
0.28235 0.39608 0.54118
0.3098 0.43137 0.58039
0.29804 0.38039 0.4902
0.27451 0.35686 0.47843
0.28235 0.36078 0.4902
0.2549 0.34118 0.47059
0.23922 0.32941 0.46275
0.23529 0.32941 0.46275
0.24314 0.33725 0.47059
0.23922 0.33333 0.46667
0.23529 0.32941 0.46275
0.23529 0.32941 0.46667
0.27059 0.38824 0.52941
0.33333 0.41176 0.52157
0.28235 0.36471 0.48627
0.2902 0.36863 0.49804
0.2549 0.34118 0.47059
0.25098 0.34118 0.47451
0.24314 0.33725 0.47059
0.23922 0.33333 0.46667
0.23529 0.32941 0.46275
0.23137 0.32157 0.4549
0.22745 0.32549 0.46275
0.27059 0.38824 0.52941
0.28627 0.36471 0.49412
0.26667 0.35686 0.48627
0.24314 0.33725 0.46667
0.24314 0.33725 0.47059
0.24706 0.34118 0.47451
0.23922 0.33333 0.46667
0.23137 0.32549 0.45882
0.22745 0.32549 0.4549
0.22353 0.32941 0.46275
0.26667 0.38039 0.52157
0.23529 0.32941 0.46275
0.22745 0.32549 0.4549
0.21961 0.32549 0.45882
0.25882 0.36863 0.51373
0.21961 0.32549 0.46275
