0.23529 0.34902 0.48235
0.23137 0.3451 0.47843
0.24314 0.35686 0.4902
0.23529 0.34902 0.48235
0.23922 0.35294 0.48627
0.23922 0.35294 0.48627
0.24314 0.35686 0.4902
0.23529 0.34902 0.48235
0.24314 0.34902 0.4902
0.23529 0.3451 0.48235
0.23137 0.3451 0.47843
0.23529 0.34902 0.48235
0.24314 0.35294 0.49804
0.24314 0.3451 0.49412
0.25098 0.35686 0.49804
0.23922 0.35294 0.48627
0.23529 0.34902 0.48235
0.23922 0.35294 0.4902
0.24706 0.34902 0.4902
0.25098 0.35294 0.4902
0.23922 0.35294 0.48627
0.25098 0.36471 0.49804
0.25098 0.36078 0.49412
0.25098 0.35686 0.4902
0.22745 0.34118 0.47451
0.24314 0.35686 0.4902
0.23922 0.35294 0.4902
0.24706 0.35294 0.4902
0.23922 0.34902 0.48235
