0.0078431 0.15686 0.23922
0.023529 0.16863 0.24314
0.023529 0.16471 0.23922
0.0078431 0.15294 0.23922
0.027451 0.17255 0.26275
0.039216 0.17255 0.25098
0.019608 0.16471 0.23922
0.019608 0.16471 0.23922
0.031373 0.17255 0.24314
0.015686 0.16471 0.24314
0.023529 0.17255 0.2549
0.027451 0.16078 0.23922
0.015686 0.16471 0.23922
0.031373 0.17647 0.25098
0.019608 0.16863 0.25098
0.023529 0.17647 0.26275
0.019608 0.16863 0.24706
0.031373 0.18039 0.26275
0.043137 0.18431 0.25882
0.023529 0.16078 0.23137
0.070588 0.1451 0.20784
0.086275 0.17647 0.22745
0.13725 0.21569 0.27843
0.2 0.27843 0.33725
0.27059 0.33725 0.4
