0.15686 0.15686 0.16863
0.094118 0.094118 0.11373
0.11373 0.14902 0.19608
0.07451 0.086275 0.12941
0.082353 0.090196 0.12941
0.07451 0.078431 0.1098
0.090196 0.086275 0.11765
0.098039 0.094118 0.12549
0.086275 0.090196 0.1098
0.090196 0.098039 0.11373
0.086275 0.098039 0.11373
0.082353 0.098039 0.12157
0.098039 0.1098 0.14118
0.10588 0.10588 0.14118
0.10196 0.12157 0.15686
0.12941 0.12941 0.16863
0.082353 0.090196 0.12941
0.086275 0.090196 0.12157
0.086275 0.086275 0.11373
0.078431 0.078431 0.11373
0.098039 0.098039 0.12549
0.094118 0.10196 0.12549
0.098039 0.1098 0.13333
0.090196 0.10588 0.12941
0.090196 0.10196 0.12941
0.10588 0.10588 0.13725
0.10588 0.1098 0.14118
0.12157 0.12157 0.1451
0.10588 0.10196 0.12941
0.14118 0.16471 0.20784
0.15686 0.16863 0.19216
0.10588 0.10196 0.13333
0.07451 0.082353 0.11765
0.082353 0.086275 0.11765
0.098039 0.098039 0.12941
0.090196 0.090196 0.12157
0.090196 0.090196 0.12549
0.090196 0.094118 0.12549
0.078431 0.094118 0.12157
0.086275 0.10196 0.12549
0.094118 0.10588 0.13333
0.10196 0.10196 0.13333
0.10196 0.10196 0.13333
0.1098 0.10588 0.12941
0.11373 0.1098 0.12941
0.1098 0.12157 0.14902
0.18824 0.18431 0.21961
0.086275 0.086275 0.12549
0.078431 0.082353 0.12157
0.078431 0.078431 0.11765
0.094118 0.094118 0.13333
0.086275 0.086275 0.11765
0.090196 0.090196 0.12157
0.090196 0.090196 0.11765
0.086275 0.086275 0.11765
0.090196 0.090196 0.12549
0.098039 0.098039 0.12941
0.10588 0.10588 0.13333
0.1098 0.10588 0.12941
0.10196 0.094118 0.12157
0.21176 0.20784 0.21569
0.12941 0.1451 0.21176
0.086275 0.10196 0.14902
0.070588 0.086275 0.12549
0.094118 0.094118 0.12941
0.13333 0.13725 0.17647
0.070588 0.07451 0.1098
0.078431 0.078431 0.11765
0.078431 0.078431 0.11765
0.082353 0.082353 0.11765
0.082353 0.082353 0.11373
0.086275 0.082353 0.11373
0.090196 0.086275 0.11765
0.094118 0.090196 0.12157
0.098039 0.094118 0.12549
0.098039 0.094118 0.12157
0.1098 0.10196 0.12941
0.11373 0.1098 0.12941
0.098039 0.090196 0.11373
0.34118 0.32157 0.3098
0.10196 0.094118 0.13725
0.082353 0.07451 0.11765
0.086275 0.090196 0.12157
0.07451 0.086275 0.11765
0.086275 0.086275 0.12157
0.078431 0.090196 0.12549
0.062745 0.078431 0.11373
0.066667 0.082353 0.11765
0.07451 0.07451 0.11373
0.078431 0.078431 0.11765
0.078431 0.078431 0.1098
0.082353 0.078431 0.1098
0.090196 0.086275 0.11765
0.12549 0.12157 0.15294
0.1098 0.10196 0.13333
0.10196 0.090196 0.11765
0.1098 0.10196 0.12549
0.12941 0.11765 0.13333
0.10196 0.098039 0.10588
0.53333 0.4902 0.45882
0.10196 0.098039 0.13333
0.078431 0.07451 0.11373
0.078431 0.082353 0.12549
0.07451 0.086275 0.11765
0.070588 0.082353 0.1098
0.070588 0.082353 0.11765
0.070588 0.078431 0.11373
0.078431 0.082353 0.12157
0.082353 0.082353 0.12157
0.078431 0.07451 0.11373
0.086275 0.086275 0.11765
0.090196 0.086275 0.11373
0.090196 0.086275 0.11373
0.094118 0.090196 0.11765
0.10196 0.094118 0.12157
0.11373 0.10196 0.12941
0.12157 0.1098 0.13333
0.12549 0.1098 0.12941
0.14118 0.12549 0.12941
0.10588 0.11765 0.16078
0.082353 0.090196 0.12941
0.098039 0.094118 0.12549
0.082353 0.078431 0.1098
0.082353 0.082353 0.11373
0.078431 0.086275 0.11765
0.070588 0.086275 0.11373
0.066667 0.078431 0.11373
0.07451 0.082353 0.11765
0.090196 0.086275 0.12549
0.082353 0.082353 0.12157
0.078431 0.078431 0.11765
0.090196 0.086275 0.11765
0.094118 0.090196 0.11373
0.12157 0.11765 0.14118
0.1098 0.10588 0.12941
0.098039 0.094118 0.11373
0.13725 0.12941 0.14902
0.13725 0.12941 0.14902
0.10196 0.094118 0.10588
0.28627 0.25098 0.24706
0.12157 0.12157 0.15686
0.16078 0.16863 0.18039
0.16863 0.17255 0.18039
0.082353 0.082353 0.10588
0.082353 0.090196 0.11765
0.082353 0.082353 0.11373
0.082353 0.082353 0.12157
0.078431 0.086275 0.12157
0.07451 0.086275 0.12157
0.07451 0.086275 0.12157
0.07451 0.082353 0.12157
0.078431 0.078431 0.11765
0.07451 0.07451 0.11373
0.082353 0.082353 0.11765
0.086275 0.086275 0.11765
0.094118 0.090196 0.11373
0.1451 0.13725 0.15686
0.16471 0.15686 0.18039
0.16078 0.14902 0.16471
0.14902 0.13333 0.14118
0.15686 0.14118 0.14902
0.10588 0.090196 0.090196
0.47059 0.41961 0.39608
0.12157 0.11373 0.13333
0.22745 0.21176 0.23137
0.17255 0.16078 0.18824
0.078431 0.082353 0.1098
0.07451 0.082353 0.11373
0.082353 0.082353 0.11373
0.082353 0.082353 0.12157
0.078431 0.082353 0.12157
0.082353 0.090196 0.12549
0.078431 0.086275 0.12549
0.078431 0.082353 0.11765
0.086275 0.086275 0.12549
0.082353 0.082353 0.12157
0.082353 0.082353 0.11765
0.090196 0.082353 0.11765
0.090196 0.082353 0.1098
0.098039 0.090196 0.11373
0.1451 0.13725 0.15686
0.18039 0.16863 0.18039
0.18039 0.16471 0.16471
0.16863 0.14902 0.15294
0.12549 0.1098 0.10588
0.61569 0.56078 0.5098
0.15294 0.15294 0.17647
0.12157 0.12157 0.13725
0.11373 0.11765 0.14118
0.098039 0.098039 0.12941
0.078431 0.078431 0.1098
0.082353 0.078431 0.11373
0.078431 0.078431 0.11373
0.078431 0.078431 0.11765
0.082353 0.082353 0.12157
0.082353 0.082353 0.12157
0.078431 0.078431 0.11765
0.086275 0.086275 0.12549
0.078431 0.078431 0.11765
0.07451 0.07451 0.10588
0.078431 0.078431 0.10588
0.090196 0.086275 0.11765
0.086275 0.078431 0.10588
0.086275 0.082353 0.10588
0.090196 0.090196 0.10588
0.12549 0.11765 0.13333
0.19608 0.18039 0.19216
0.17647 0.15294 0.16078
0.22745 0.19608 0.19216
0.79608 0.71373 0.63922
0.13333 0.12941 0.13725
0.15294 0.14902 0.16471
0.098039 0.10196 0.12941
0.070588 0.082353 0.11373
0.070588 0.078431 0.10588
0.078431 0.086275 0.11373
0.078431 0.086275 0.11765
0.078431 0.078431 0.11765
0.082353 0.082353 0.12157
0.086275 0.086275 0.12549
0.082353 0.090196 0.12157
0.078431 0.086275 0.11765
0.066667 0.07451 0.10588
0.066667 0.078431 0.10196
0.070588 0.078431 0.10196
0.082353 0.082353 0.10588
0.078431 0.082353 0.10196
0.086275 0.090196 0.1098
0.090196 0.090196 0.11765
0.098039 0.098039 0.12157
0.12549 0.11373 0.14118
0.16471 0.13725 0.16078
0.34902 0.30588 0.2902
0.86667 0.76471 0.67451
0.19608 0.20392 0.22353
0.16078 0.15294 0.16863
0.16863 0.15294 0.17647
0.13725 0.12941 0.14902
0.07451 0.082353 0.10588
0.1098 0.12157 0.14902
0.10196 0.1098 0.14118
0.07451 0.082353 0.11373
0.082353 0.082353 0.12157
0.086275 0.086275 0.12157
0.078431 0.082353 0.11765
0.07451 0.086275 0.11373
0.070588 0.086275 0.1098
0.070588 0.082353 0.1098
0.07451 0.086275 0.1098
0.07451 0.086275 0.10588
0.078431 0.086275 0.10588
0.090196 0.090196 0.11373
0.086275 0.086275 0.11373
0.094118 0.094118 0.12941
0.10588 0.10588 0.13333
0.1098 0.10196 0.12941
0.1098 0.082353 0.11373
0.4902 0.44314 0.42353
0.8902 0.80392 0.6902
0.090196 0.10588 0.15686
0.1451 0.16078 0.17255
0.21176 0.2 0.21961
0.15686 0.1451 0.15294
0.13725 0.14118 0.14902
0.078431 0.082353 0.1098
0.094118 0.094118 0.13333
0.11373 0.11373 0.15294
0.090196 0.090196 0.12941
0.094118 0.094118 0.12549
0.094118 0.094118 0.12549
0.078431 0.078431 0.1098
0.070588 0.082353 0.1098
0.07451 0.086275 0.11373
0.066667 0.078431 0.10588
0.078431 0.082353 0.11373
0.082353 0.082353 0.11373
0.086275 0.086275 0.11765
0.086275 0.086275 0.11765
0.090196 0.090196 0.12157
0.094118 0.090196 0.12157
0.098039 0.094118 0.12549
0.11373 0.10196 0.12157
0.1098 0.10196 0.11373
0.66667 0.60784 0.56863
0.8902 0.8 0.67843
0.19608 0.17647 0.19216
0.20784 0.2 0.19608
0.16078 0.16471 0.17647
0.098039 0.10196 0.13725
0.078431 0.07451 0.11765
0.090196 0.090196 0.12941
0.098039 0.098039 0.13725
0.094118 0.098039 0.12549
0.11373 0.11373 0.1451
0.094118 0.098039 0.12941
0.070588 0.07451 0.10588
0.066667 0.070588 0.10196
0.070588 0.07451 0.10588
0.078431 0.078431 0.1098
0.082353 0.082353 0.11373
0.086275 0.086275 0.11765
0.082353 0.082353 0.11373
0.086275 0.086275 0.11765
0.098039 0.098039 0.12941
0.094118 0.094118 0.12941
0.10588 0.090196 0.12549
0.18039 0.16471 0.17255
0.78824 0.71765 0.64314
0.89804 0.79608 0.67451
0.89804 0.79216 0.66667
0.16471 0.16471 0.21176
0.16471 0.15294 0.17647
0.18431 0.16863 0.2
0.10588 0.098039 0.13725
0.094118 0.098039 0.13333
0.090196 0.090196 0.12941
0.078431 0.078431 0.11765
0.078431 0.078431 0.1098
0.086275 0.086275 0.11765
0.094118 0.094118 0.12549
0.078431 0.078431 0.1098
0.078431 0.078431 0.1098
0.082353 0.082353 0.11373
0.082353 0.082353 0.11373
0.086275 0.086275 0.11765
0.078431 0.078431 0.1098
0.078431 0.082353 0.11373
0.078431 0.086275 0.11765
0.090196 0.098039 0.12549
0.094118 0.098039 0.12549
0.098039 0.090196 0.11765
0.28627 0.25882 0.26667
0.86275 0.78039 0.69412
0.90196 0.78431 0.67843
0.90196 0.78431 0.67451
0.90196 0.78824 0.66275
0.9098 0.79216 0.67843
0.13333 0.13725 0.19608
0.11373 0.10196 0.13725
0.10196 0.1098 0.13725
0.094118 0.10588 0.13725
0.094118 0.10196 0.13333
0.086275 0.082353 0.12157
0.078431 0.07451 0.10588
0.1098 0.10196 0.13333
0.17255 0.16078 0.19608
0.090196 0.078431 0.11373
0.082353 0.07451 0.1098
0.090196 0.082353 0.11373
0.086275 0.082353 0.11373
0.082353 0.082353 0.11373
0.07451 0.078431 0.10588
0.07451 0.086275 0.11373
0.090196 0.090196 0.12157
0.086275 0.086275 0.11765
0.094118 0.094118 0.11765
0.078431 0.082353 0.10196
0.4 0.36863 0.34902
0.89804 0.80392 0.70588
0.89804 0.77647 0.66667
0.89804 0.78039 0.67059
0.9098 0.79608 0.67843
0.90196 0.79608 0.67843
0.90588 0.8 0.68235
0.11765 0.13725 0.18824
0.098039 0.10588 0.14118
0.10588 0.11373 0.14902
0.094118 0.094118 0.12549
0.090196 0.086275 0.11765
0.082353 0.078431 0.1098
0.094118 0.086275 0.12157
0.16863 0.15686 0.19216
0.1098 0.098039 0.13333
0.090196 0.078431 0.11373
0.094118 0.082353 0.11765
0.094118 0.086275 0.11765
0.090196 0.090196 0.12157
0.07451 0.082353 0.1098
0.07451 0.086275 0.11373
0.094118 0.094118 0.12549
0.098039 0.094118 0.12549
0.094118 0.090196 0.11373
0.082353 0.082353 0.098039
0.52549 0.48627 0.4549
0.90196 0.8 0.69412
0.89804 0.78039 0.66667
0.9098 0.79216 0.68235
0.91373 0.79608 0.68627
0.90588 0.79608 0.67843
0.90196 0.79216 0.67451
0.12941 0.14118 0.21176
0.12941 0.12549 0.16863
0.13333 0.13333 0.16078
0.094118 0.090196 0.11765
0.086275 0.082353 0.1098
0.10196 0.094118 0.12549
0.12941 0.11765 0.15294
0.11765 0.10588 0.14118
0.10588 0.094118 0.12941
0.098039 0.086275 0.12157
0.098039 0.090196 0.12157
0.086275 0.086275 0.11765
0.082353 0.090196 0.11765
0.078431 0.090196 0.11765
0.094118 0.098039 0.12941
0.12157 0.12157 0.15294
0.12157 0.1098 0.13725
0.12941 0.11373 0.13333
0.63922 0.58824 0.55294
0.9098 0.8 0.6902
0.89804 0.78039 0.66667
0.90196 0.78431 0.67451
0.90588 0.78824 0.67843
0.91373 0.8 0.68235
0.9098 0.79608 0.67843
0.16078 0.15294 0.17647
0.13725 0.12549 0.15294
0.1098 0.094118 0.11765
0.10588 0.086275 0.11765
0.13725 0.11765 0.14902
0.1451 0.12549 0.16078
0.13333 0.11765 0.14902
0.11765 0.1098 0.13725
0.098039 0.094118 0.12549
0.086275 0.086275 0.11373
0.082353 0.086275 0.11373
0.082353 0.086275 0.1098
0.098039 0.10196 0.12157
0.10588 0.10588 0.12549
0.12549 0.1098 0.12941
0.16078 0.1451 0.16471
0.7451 0.67451 0.62353
0.90588 0.79216 0.67843
0.8902 0.78431 0.67059
0.89804 0.78824 0.67451
0.90196 0.79608 0.67451
0.9098 0.79216 0.67451
0.13725 0.12157 0.14118
0.20784 0.18824 0.2
0.14118 0.12157 0.1451
0.12549 0.10588 0.13333
0.13725 0.11765 0.1451
0.14902 0.12941 0.15294
0.12549 0.11373 0.13725
0.14118 0.13725 0.15686
0.098039 0.098039 0.11765
0.086275 0.086275 0.1098
0.086275 0.086275 0.1098
0.10196 0.098039 0.12157
0.10588 0.1098 0.12941
0.11373 0.11373 0.13333
0.1098 0.094118 0.11765
0.21961 0.2 0.20784
0.83922 0.75294 0.68235
0.90588 0.79216 0.67451
0.8902 0.78824 0.67059
0.89804 0.79216 0.67451
0.90196 0.8 0.67451
0.15294 0.1451 0.16863
0.2 0.17255 0.17647
0.14902 0.12941 0.15294
0.12157 0.10196 0.12549
0.12549 0.10588 0.13333
0.13725 0.11765 0.1451
0.12549 0.1098 0.13725
0.12157 0.11765 0.14118
0.10588 0.10196 0.12157
0.10588 0.10196 0.12549
0.12549 0.12157 0.1451
0.10196 0.098039 0.12157
0.10196 0.10588 0.12549
0.13725 0.13725 0.15294
0.11373 0.10196 0.12549
0.34118 0.31765 0.30588
0.88235 0.79216 0.69412
0.89804 0.78824 0.67059
0.89804 0.79608 0.68235
0.23137 0.21961 0.22353
0.14118 0.12157 0.13333
0.15294 0.13333 0.16471
0.1098 0.10196 0.13333
0.12157 0.10588 0.13333
0.10588 0.098039 0.12549
0.12157 0.12157 0.14902
0.12549 0.12549 0.15294
0.098039 0.094118 0.12157
0.13725 0.13333 0.15294
0.13333 0.12941 0.15294
0.11373 0.11373 0.13333
0.11765 0.1098 0.12941
0.13333 0.12549 0.14118
0.46275 0.42745 0.39608
0.89412 0.79216 0.6902
0.89804 0.78824 0.67451
0.89804 0.79216 0.67451
0.11373 0.14118 0.17255
0.094118 0.098039 0.13333
0.086275 0.086275 0.10588
0.078431 0.078431 0.11373
0.07451 0.070588 0.10588
0.10196 0.090196 0.12549
0.10588 0.10196 0.13725
0.12941 0.12157 0.15294
0.12941 0.11765 0.1451
0.13725 0.12941 0.15294
0.12941 0.12157 0.14118
0.12549 0.12157 0.13333
0.12157 0.11373 0.11765
0.58039 0.53333 0.48627
0.89804 0.79608 0.6902
0.90196 0.78431 0.67059
0.89804 0.79216 0.67059
0.11373 0.13333 0.19608
0.090196 0.098039 0.1451
0.086275 0.086275 0.12941
0.098039 0.086275 0.12157
0.1098 0.098039 0.12941
0.14902 0.13333 0.16078
0.16863 0.1451 0.17255
0.15686 0.13333 0.15686
0.12549 0.10588 0.12157
0.12549 0.10588 0.11373
0.13725 0.11765 0.11373
0.64706 0.58824 0.53333
0.89804 0.8 0.69412
0.90196 0.79216 0.67843
0.8902 0.78431 0.66667
0.1451 0.18039 0.23922
0.13725 0.16471 0.21569
0.15686 0.16471 0.19216
0.13333 0.11373 0.1451
0.16471 0.14118 0.16863
0.19216 0.16863 0.19216
0.18824 0.15294 0.16863
0.17647 0.13725 0.15294
0.15686 0.11765 0.12941
0.20784 0.16863 0.16471
0.76471 0.69412 0.62745
0.90196 0.79608 0.68235
0.8902 0.78431 0.66667
0.8902 0.78431 0.66667
0.23529 0.27451 0.34902
0.26667 0.25882 0.2902
0.20392 0.17255 0.18824
0.19608 0.16863 0.18431
0.22353 0.19216 0.2
0.20784 0.17255 0.17647
0.18824 0.15686 0.16078
0.23529 0.19216 0.18824
0.81569 0.72941 0.64706
0.9098 0.79216 0.67451
0.8902 0.78431 0.66275
0.88627 0.78039 0.66275
0.18039 0.26667 0.34902
0.22353 0.25882 0.29412
0.2 0.17255 0.18039
0.23137 0.18824 0.20392
0.23137 0.19608 0.21176
0.21569 0.18039 0.18824
0.18431 0.14902 0.16078
0.28627 0.24706 0.24314
0.85098 0.76863 0.67843
0.90196 0.78431 0.66667
0.88235 0.77647 0.65882
0.90196 0.79608 0.67843
0.20784 0.27451 0.33725
0.17255 0.18039 0.2
0.21176 0.18431 0.18824
0.21569 0.18431 0.2
0.23137 0.19608 0.20392
0.18824 0.15686 0.17255
0.32157 0.27843 0.27059
0.86667 0.78431 0.6902
0.90196 0.78431 0.67059
0.8902 0.78431 0.67059
0.89412 0.79216 0.67059
0.90588 0.8 0.68235
0.16078 0.24706 0.33333
0.21569 0.3098 0.36863
0.21176 0.29804 0.34118
0.2 0.25098 0.28235
0.23137 0.22353 0.2549
0.22353 0.19216 0.19216
0.18039 0.16471 0.16863
0.41961 0.36078 0.34902
0.88627 0.79216 0.6902
0.90196 0.78431 0.66275
0.90196 0.8 0.68235
0.90588 0.80392 0.67451
0.90588 0.80392 0.67451
0.15686 0.24314 0.33333
0.23137 0.32157 0.38039
0.20392 0.29412 0.3451
0.18431 0.27451 0.32941
0.23922 0.29412 0.33725
0.22745 0.21176 0.21961
0.20392 0.17255 0.17255
0.5098 0.43922 0.40392
0.90196 0.8 0.69412
0.8902 0.78039 0.65882
0.90196 0.79216 0.67451
0.9098 0.80392 0.67451
0.90588 0.8 0.67059
0.91373 0.80392 0.67843
0.15294 0.23922 0.33333
0.20392 0.28235 0.36078
0.21961 0.28627 0.35686
0.19608 0.27843 0.33333
0.20392 0.29804 0.34902
0.19216 0.21176 0.24314
0.20392 0.17255 0.18431
0.59216 0.5098 0.47059
0.91765 0.80784 0.69804
0.89804 0.78824 0.67059
0.9098 0.79608 0.67059
0.91373 0.8 0.67451
0.91373 0.8 0.67451
0.91765 0.8 0.67843
0.19608 0.27451 0.36078
0.2 0.28235 0.3451
0.19216 0.27451 0.32941
0.2 0.28627 0.34902
0.21176 0.27059 0.32549
0.17647 0.17255 0.17647
0.63529 0.56471 0.5098
0.89804 0.78824 0.67843
0.9098 0.79608 0.68235
0.90588 0.8 0.67451
0.91765 0.8 0.67843
0.92549 0.80784 0.68235
0.92941 0.80784 0.68627
0.2 0.2902 0.34902
0.17647 0.26275 0.31765
0.19608 0.28235 0.3451
0.20784 0.27843 0.32941
0.2 0.21569 0.22353
0.71765 0.6549 0.59608
0.9098 0.80392 0.68235
0.90588 0.79608 0.67843
0.9098 0.79216 0.67843
0.91765 0.79608 0.67451
0.92157 0.8 0.67843
0.2 0.27059 0.34902
0.21569 0.2902 0.3451
0.19608 0.27451 0.32157
0.22353 0.29804 0.34902
0.22745 0.29412 0.32941
0.27843 0.29412 0.29412
0.78039 0.71373 0.64706
0.90588 0.80392 0.66667
0.90196 0.8 0.67843
0.91765 0.8 0.68627
0.92941 0.80392 0.68235
0.38824 0.43922 0.47843
0.51373 0.5098 0.5098
0.48235 0.48235 0.47843
0.49412 0.48627 0.46667
0.5098 0.4902 0.46667
0.54118 0.51373 0.47451
0.84314 0.76078 0.67059
0.91373 0.80784 0.68235
0.9098 0.80784 0.68235
0.91765 0.80784 0.68627
0.91373 0.8 0.67451
0.57647 0.6 0.59608
0.7098 0.6549 0.58039
0.55686 0.50588 0.45098
0.56078 0.5098 0.46275
0.55686 0.49412 0.44706
0.58824 0.52941 0.47843
0.86275 0.76471 0.67059
0.91373 0.80392 0.68627
0.90588 0.80392 0.67843
0.91373 0.80784 0.67843
0.92157 0.80784 0.68235
0.62745 0.62745 0.61569
0.57255 0.5098 0.45098
0.55294 0.5098 0.47059
0.55686 0.50588 0.44706
0.58824 0.54118 0.48235
0.87451 0.78431 0.68235
0.91373 0.8 0.67843
0.91373 0.8 0.67451
0.92157 0.80784 0.68235
0.91373 0.8 0.67451
0.66667 0.6549 0.61961
0.66275 0.6 0.51373
0.55294 0.49804 0.45098
0.56471 0.50196 0.44706
0.61176 0.54118 0.48627
0.72549 0.69412 0.6549
0.56078 0.50196 0.43137
0.56078 0.50196 0.4549
0.62353 0.54902 0.4902
0.77647 0.72941 0.67843
0.63137 0.55294 0.47059
0.56471 0.49804 0.4549
0.63922 0.56471 0.50196
0.76863 0.68235 0.58431
0.57255 0.49412 0.45098
0.66275 0.58431 0.52549
0.6 0.51765 0.44706
0.67451 0.58824 0.52157
0.70196 0.61569 0.5451
0.67059 0.58039 0.51765
0.6902 0.6 0.5098
