0.88627 0.83922 0.77647
0.8902 0.83922 0.77647
0.87451 0.83922 0.77255
0.87451 0.83922 0.77255
0.88627 0.83922 0.77647
0.8902 0.83922 0.77647
0.8902 0.84314 0.78039
0.8902 0.84314 0.78039
0.87451 0.83922 0.77255
0.87843 0.84314 0.77647
0.8902 0.84314 0.78039
0.89412 0.84706 0.78431
0.8902 0.84314 0.78039
0.87451 0.83922 0.77255
0.87843 0.84314 0.77647
0.87843 0.84314 0.77647
0.88235 0.84706 0.78039
0.88627 0.85098 0.78431
0.87843 0.84314 0.77647
0.87843 0.84314 0.77647
0.87843 0.84314 0.77647
0.87843 0.84314 0.77647
0.88235 0.84706 0.78039
0.88235 0.84706 0.78039
0.88235 0.84706 0.78039
0.88235 0.85098 0.78039
0.88235 0.84706 0.78039
0.88235 0.84706 0.78039
0.88235 0.84706 0.78039
0.88627 0.84706 0.78431
0.8902 0.85098 0.78824
0.88627 0.8549 0.78431
0.88627 0.85882 0.78824
