0.36863 0.63922 0.81961
0.36471 0.64314 0.82745
0.35686 0.63922 0.81569
0.36471 0.64314 0.82353
0.36471 0.64314 0.82353
0.36471 0.63529 0.81569
0.36471 0.64314 0.82353
0.36471 0.63922 0.82353
0.36863 0.63922 0.81961
0.36863 0.64706 0.82745
0.36863 0.64706 0.82745
0.37255 0.65098 0.83137
0.36471 0.64314 0.82353
0.37255 0.65098 0.83137
0.37647 0.6549 0.83529
0.36863 0.64706 0.82745
0.36471 0.64314 0.82353
0.36863 0.64706 0.82745
0.36863 0.64706 0.82745
0.36863 0.64706 0.82745
0.36078 0.64314 0.82353
0.36863 0.65098 0.83922
0.36078 0.64314 0.82745
0.35686 0.64314 0.81961
0.36078 0.64706 0.83137
