0.19216 0.21961 0.24706
0.14902 0.18039 0.23922
0.12157 0.17255 0.22745
0.098039 0.15686 0.19608
0.098039 0.16471 0.2
0.054902 0.13333 0.17647
0.054902 0.14118 0.17647
0.066667 0.16078 0.19216
0.054902 0.15294 0.18431
0.043137 0.14118 0.18431
0.058824 0.14118 0.19608
0.054902 0.15294 0.19608
0.039216 0.14902 0.18431
0.039216 0.14118 0.18039
0.086275 0.14902 0.18431
0.07451 0.16471 0.16863
0.11373 0.20392 0.20784
0.13725 0.21961 0.22745
0.18431 0.22745 0.20784
0.16078 0.26275 0.25098
0.17647 0.21961 0.18431
0.35294 0.33333 0.23529
