0.12941 0.45098 0.67451
0.12157 0.44314 0.65882
0.14118 0.45882 0.67843
0.12941 0.45098 0.67059
0.13725 0.46275 0.68627
0.13333 0.46275 0.6902
0.12157 0.44706 0.67451
0.12941 0.4549 0.67451
0.12157 0.44314 0.66275
0.13333 0.46275 0.67843
0.12941 0.45882 0.67451
0.12549 0.45882 0.68235
0.11765 0.45098 0.67843
0.11765 0.45098 0.67451
0.12549 0.4549 0.67843
0.12549 0.44706 0.67059
0.12157 0.46275 0.67451
0.12549 0.46667 0.68235
0.12157 0.45882 0.67843
0.11765 0.45098 0.67451
0.12549 0.45882 0.68235
0.12549 0.46275 0.68627
0.12941 0.45098 0.67843
0.12549 0.46275 0.68627
0.12549 0.46275 0.68627
0.12157 0.45882 0.68235
0.12941 0.45098 0.67843
0.13725 0.45882 0.68627
0.13333 0.45098 0.67451
