0.37647 0.47451 0.6
0.39608 0.50196 0.62353
0.39608 0.50588 0.63137
0.37647 0.49412 0.62745
0.39608 0.48627 0.60784
0.39608 0.4902 0.61176
0.38039 0.47843 0.60392
0.37647 0.47843 0.61176
0.36863 0.48235 0.61569
0.36078 0.47843 0.62353
0.37255 0.46667 0.58824
0.40784 0.50196 0.62745
0.4 0.49412 0.62745
0.38431 0.48627 0.62353
0.36471 0.48235 0.61961
0.38039 0.47059 0.59608
0.42745 0.51765 0.6549
0.39216 0.50196 0.63529
0.35686 0.48627 0.62353
0.38039 0.47059 0.6
0.4 0.4902 0.62745
0.38039 0.49412 0.62745
0.35686 0.48627 0.62353
0.4 0.4902 0.61961
0.40392 0.49412 0.63137
0.38431 0.49412 0.63137
0.36471 0.48627 0.62745
0.38431 0.47843 0.60784
0.37255 0.47843 0.61569
0.37255 0.47059 0.59608
