0.3098 0.44314 0.58824
0.30196 0.43922 0.58824
0.29412 0.42745 0.57647
0.28235 0.41569 0.56471
0.27843 0.40784 0.55686
0.27843 0.40392 0.55294
0.27843 0.39608 0.5451
0.28235 0.4 0.54902
0.3098 0.44314 0.59216
0.29804 0.43137 0.58039
0.2902 0.42353 0.57255
0.27451 0.40392 0.55294
0.27843 0.4 0.54902
0.28235 0.4 0.55294
0.27843 0.39608 0.5451
0.26667 0.39608 0.53725
0.32549 0.45882 0.60784
0.31373 0.44706 0.59608
0.30196 0.43529 0.58431
0.29412 0.42745 0.57647
0.28235 0.41176 0.56078
0.28235 0.40784 0.55686
0.27451 0.39216 0.5451
0.27451 0.39608 0.54118
0.26667 0.39608 0.53333
0.33725 0.46275 0.61176
0.32157 0.44314 0.59216
0.3098 0.43529 0.58431
0.29804 0.43137 0.57647
0.28627 0.41569 0.56471
0.27451 0.4 0.55294
0.27059 0.39608 0.5451
0.27059 0.39608 0.5451
0.26667 0.39216 0.54118
0.32941 0.4549 0.60392
0.32157 0.44314 0.59216
0.30588 0.43137 0.58039
0.29412 0.41961 0.56863
0.27843 0.40392 0.55686
0.27451 0.4 0.55294
0.27059 0.39608 0.54902
0.27059 0.39608 0.54118
0.25882 0.38431 0.52941
0.33333 0.45882 0.60784
0.31765 0.44706 0.6
0.30196 0.43529 0.58431
0.29804 0.41961 0.57255
0.2902 0.40784 0.56471
0.27843 0.40784 0.55686
0.27059 0.39608 0.54902
0.26667 0.39216 0.53725
0.25882 0.38824 0.52549
0.33333 0.46667 0.62353
0.31373 0.45098 0.60392
0.30588 0.43922 0.58824
0.29412 0.41569 0.57255
0.2902 0.41176 0.56471
0.27843 0.40392 0.55294
0.27059 0.39608 0.5451
0.27059 0.39608 0.5451
0.27059 0.39608 0.54118
0.25882 0.38431 0.52941
0.32941 0.46667 0.61961
0.31373 0.4549 0.6
0.30196 0.43529 0.58431
0.2902 0.41569 0.57255
0.28627 0.41176 0.56471
0.28235 0.40392 0.55294
0.27451 0.4 0.54902
0.27059 0.39216 0.54118
0.26667 0.39216 0.5451
0.25882 0.38431 0.53333
0.31765 0.45882 0.59608
0.29804 0.43137 0.58039
0.2902 0.41961 0.58039
0.29412 0.41176 0.57255
0.2902 0.40784 0.55686
0.28235 0.39608 0.5451
0.27843 0.4 0.54902
0.26275 0.39216 0.54118
0.25882 0.38431 0.53333
0.25882 0.38039 0.53333
0.32549 0.46275 0.6
0.30196 0.43137 0.58039
0.2902 0.41569 0.57255
0.29412 0.41176 0.56863
0.28235 0.4 0.55294
0.27843 0.39608 0.54902
0.27843 0.40392 0.55294
0.26667 0.39216 0.5451
0.25882 0.38431 0.53333
0.25882 0.38039 0.52549
0.32157 0.45098 0.6
0.30196 0.42745 0.57647
0.30196 0.42745 0.57647
0.29412 0.41176 0.56471
0.28235 0.39608 0.55294
0.27451 0.39608 0.55294
0.26275 0.38824 0.54118
0.27059 0.39608 0.54902
0.25882 0.38431 0.53333
0.2549 0.38039 0.52157
0.33333 0.45882 0.60784
0.31373 0.43922 0.58824
0.30196 0.42745 0.57647
0.29804 0.41569 0.56863
0.28627 0.4 0.55686
0.27843 0.4 0.55294
0.26275 0.38824 0.54118
0.26667 0.39216 0.5451
0.2549 0.38039 0.52941
0.32941 0.4549 0.60392
0.3098 0.43529 0.58431
0.29804 0.42353 0.57255
0.29412 0.41569 0.56863
0.28235 0.4 0.55686
0.27451 0.39608 0.54902
0.27059 0.39608 0.54902
0.26275 0.38824 0.53725
0.26275 0.38824 0.53333
0.3098 0.43529 0.58431
0.30196 0.42745 0.57647
0.28627 0.41176 0.56471
0.27451 0.4 0.55294
0.27059 0.39608 0.54902
0.27059 0.4 0.54902
0.26667 0.39608 0.54118
0.30588 0.43922 0.58431
0.2902 0.41961 0.56863
0.28235 0.41176 0.56078
0.27451 0.39608 0.55294
0.27451 0.4 0.55294
0.26667 0.39608 0.5451
0.26667 0.39608 0.54118
0.3098 0.44314 0.58824
0.29412 0.43137 0.57647
0.28627 0.41569 0.56471
0.27451 0.4 0.55294
0.27843 0.40392 0.55686
0.27059 0.39608 0.54902
0.30588 0.43922 0.58824
0.29804 0.43137 0.58039
0.2902 0.41961 0.56863
0.27843 0.40392 0.55686
0.27843 0.40392 0.55686
0.3098 0.44314 0.59216
0.2902 0.42353 0.57255
0.2902 0.42353 0.57255
0.27843 0.40784 0.56078
0.3098 0.44314 0.59216
0.2902 0.42353 0.57255
0.28235 0.41569 0.56471
0.3098 0.44314 0.59216
0.29412 0.42745 0.58431
