0.53725 0.60784 0.7098
0.52941 0.6 0.69412
0.52941 0.59608 0.70196
0.53333 0.59608 0.69412
0.53333 0.6 0.69804
0.53333 0.60392 0.70196
0.53333 0.60392 0.70196
0.52157 0.58431 0.68235
0.53333 0.60784 0.69804
0.53333 0.60784 0.70196
0.53725 0.60784 0.70196
0.53333 0.6 0.69804
0.52549 0.59216 0.68627
0.53333 0.60392 0.69412
0.52941 0.60784 0.70196
0.53333 0.60784 0.70196
0.53333 0.59608 0.69412
0.53725 0.59608 0.70196
0.48627 0.54902 0.65098
0.52941 0.60784 0.70196
0.52941 0.60392 0.69804
0.52941 0.6 0.69412
0.53333 0.59216 0.6902
0.50588 0.57255 0.67843
0.50588 0.56863 0.67059
