0.54902 0.63137 0.72157
0.54118 0.63137 0.72157
0.54902 0.63137 0.72157
0.53725 0.62353 0.71765
0.56471 0.63922 0.73333
0.55294 0.63137 0.72941
0.54118 0.62745 0.72549
0.56078 0.63529 0.72941
0.54902 0.63529 0.72941
0.54118 0.63137 0.72549
0.55686 0.63529 0.72941
0.5451 0.63529 0.72941
0.54118 0.63137 0.72941
0.55686 0.63529 0.72941
0.54902 0.63137 0.72549
0.54118 0.62745 0.72157
0.55686 0.63529 0.72941
0.55294 0.63529 0.72941
0.54118 0.63137 0.72549
0.55294 0.63137 0.72941
0.5451 0.63137 0.72549
