0.086275 0.29804 0.47451
0.070588 0.2902 0.47451
0.078431 0.2902 0.47059
0.078431 0.2902 0.47451
0.070588 0.28627 0.47059
0.070588 0.2902 0.47451
0.07451 0.29412 0.47843
0.094118 0.29804 0.47843
0.082353 0.29412 0.47451
0.082353 0.29804 0.47843
0.066667 0.2902 0.46667
0.07451 0.29804 0.47451
0.066667 0.28627 0.47059
0.086275 0.2902 0.47451
0.094118 0.30588 0.48627
0.082353 0.29804 0.47843
0.070588 0.29412 0.47059
0.078431 0.30196 0.47843
0.07451 0.29804 0.48235
0.078431 0.30196 0.4902
0.094118 0.30588 0.48627
0.082353 0.29804 0.47843
0.07451 0.29804 0.47451
0.070588 0.29804 0.47451
0.070588 0.29804 0.47843
0.070588 0.29804 0.48627
0.07451 0.29804 0.48627
0.078431 0.30196 0.48627
0.082353 0.3098 0.49412
0.078431 0.30588 0.4902
0.070588 0.29804 0.48235
0.066667 0.30196 0.4902
0.07451 0.30196 0.4902
0.082353 0.30588 0.49804
0.082353 0.3098 0.49804
0.07451 0.30588 0.4902
0.082353 0.3098 0.49804
