0.090196 0.35686 0.56471
0.10196 0.34902 0.54902
0.10196 0.38039 0.58431
0.10196 0.36863 0.57647
0.10196 0.36471 0.56863
0.098039 0.35686 0.56078
0.094118 0.34902 0.54902
0.1098 0.38431 0.58824
0.090196 0.36863 0.56863
0.078431 0.36078 0.55686
0.090196 0.36078 0.55686
0.090196 0.35686 0.54902
0.10196 0.38039 0.58039
0.098039 0.37647 0.57255
0.098039 0.36863 0.56471
0.098039 0.36078 0.55294
0.10588 0.38039 0.58431
0.10196 0.36863 0.57647
0.1098 0.36863 0.57647
0.10588 0.36078 0.56078
0.10196 0.38039 0.58431
0.10196 0.37647 0.58039
0.098039 0.36863 0.57255
0.1098 0.37647 0.58039
