0.26275 0.34118 0.47451
0.27451 0.35294 0.4902
0.27059 0.34118 0.47059
0.27451 0.34902 0.47843
0.29804 0.37647 0.5098
0.25882 0.33725 0.46667
0.28235 0.34902 0.47843
0.29412 0.36863 0.49804
0.27451 0.35294 0.48235
0.26275 0.34902 0.47451
0.27059 0.34902 0.47843
0.2549 0.33333 0.46275
0.27451 0.35294 0.48235
0.27843 0.34902 0.47843
0.27451 0.35294 0.48235
0.2902 0.36863 0.49804
0.27843 0.35686 0.48627
0.27059 0.34902 0.47843
0.28627 0.36471 0.4902
0.27451 0.35294 0.47843
0.26275 0.3451 0.47451
0.26667 0.3451 0.47451
0.27059 0.34902 0.47843
0.27843 0.35686 0.48627
0.28235 0.36471 0.48627
0.28627 0.36471 0.49412
0.2902 0.36863 0.49804
