0.14902 0.45098 0.66275
0.15294 0.46275 0.67843
0.15686 0.46667 0.68627
0.15686 0.46667 0.68627
0.15686 0.46667 0.68627
0.16471 0.47843 0.69412
0.16078 0.47451 0.6902
0.23137 0.55294 0.74902
0.28235 0.60392 0.78431
0.15686 0.46275 0.67451
0.15686 0.46667 0.67843
0.15686 0.47059 0.6902
0.15686 0.47843 0.69412
0.15686 0.47451 0.6902
0.16078 0.47843 0.69804
0.16471 0.48235 0.70196
0.18039 0.49804 0.7098
0.24706 0.57255 0.76863
0.29804 0.61961 0.79216
0.31765 0.61569 0.78039
0.32549 0.60392 0.76863
0.15686 0.47059 0.67843
0.15294 0.46667 0.67451
0.16078 0.47451 0.68235
0.15294 0.47059 0.68627
0.14902 0.46667 0.68627
0.15294 0.47843 0.69412
0.16078 0.48235 0.70196
0.16863 0.4902 0.7098
0.18824 0.5098 0.72157
0.26667 0.58431 0.78431
0.31373 0.62745 0.80392
0.32941 0.61961 0.78431
0.32549 0.6 0.76078
0.15686 0.47451 0.68235
0.15294 0.47059 0.67843
0.15294 0.47059 0.67843
0.15294 0.46667 0.67843
0.15686 0.47059 0.6902
0.15294 0.47451 0.69412
0.15686 0.48235 0.69804
0.15686 0.48627 0.70588
0.17255 0.50196 0.72157
0.19608 0.51765 0.72941
0.27451 0.59608 0.79216
0.32157 0.62353 0.80392
0.32549 0.60784 0.77647
0.32549 0.59608 0.75294
0.15686 0.47843 0.68627
0.15686 0.47451 0.67843
0.16471 0.47843 0.68627
0.16471 0.47451 0.69412
0.16078 0.47451 0.6902
0.16078 0.47843 0.69412
0.16863 0.4902 0.70588
0.15294 0.48627 0.69804
0.15686 0.49412 0.70588
0.17255 0.51373 0.72157
0.19608 0.52157 0.73725
0.27843 0.59608 0.79608
0.32157 0.61961 0.8
0.31765 0.60784 0.77255
0.34118 0.6 0.7451
0.15294 0.47059 0.68627
0.16078 0.48235 0.69412
0.16078 0.47451 0.68627
0.16471 0.47843 0.69412
0.17255 0.48235 0.70196
0.16078 0.47843 0.69412
0.16471 0.48627 0.70196
0.17255 0.49804 0.7098
0.16471 0.49804 0.71373
0.16078 0.50196 0.71765
0.17255 0.51373 0.72941
0.2 0.52941 0.7451
0.28235 0.6 0.8
0.32941 0.61961 0.79608
0.32941 0.61176 0.77647
0.36863 0.61176 0.75294
0.15294 0.47843 0.6902
0.16471 0.48235 0.69804
0.17647 0.48627 0.70196
0.16863 0.47843 0.70196
0.16078 0.47059 0.69412
0.16078 0.47843 0.70196
0.15686 0.48235 0.70196
0.16078 0.49412 0.7098
0.16471 0.50196 0.7098
0.16078 0.50588 0.7098
0.18039 0.52157 0.72549
0.2 0.53333 0.74118
0.29412 0.61176 0.80392
0.33725 0.61569 0.79216
0.3451 0.61176 0.77255
0.37647 0.60392 0.7451
0.16078 0.48627 0.69804
0.16471 0.48627 0.70196
0.17647 0.4902 0.70588
0.18039 0.49412 0.71373
0.17647 0.49412 0.71373
0.16863 0.48627 0.70588
0.17647 0.4902 0.71765
0.16863 0.4902 0.71373
0.16471 0.49804 0.71765
0.17255 0.5098 0.72157
0.16471 0.51373 0.71765
0.18824 0.52549 0.72549
0.23137 0.56078 0.75686
0.30196 0.62353 0.81176
0.33333 0.62353 0.80392
0.34118 0.61569 0.77255
0.38824 0.60784 0.73725
0.16471 0.4902 0.70196
0.16471 0.4902 0.70196
0.16471 0.48627 0.70196
0.17255 0.4902 0.71373
0.16863 0.48627 0.7098
0.16471 0.4902 0.7098
0.16471 0.4902 0.71765
0.16078 0.49412 0.72157
0.15294 0.49412 0.71765
0.16471 0.50588 0.72157
0.17647 0.52157 0.73333
0.19608 0.52941 0.73333
0.25098 0.57647 0.76863
0.3098 0.63529 0.81569
0.32157 0.62353 0.80784
0.3451 0.61961 0.77647
0.39216 0.61176 0.74118
0.17255 0.49804 0.71765
0.16863 0.49412 0.71373
0.16863 0.4902 0.7098
0.16471 0.48627 0.7098
0.16863 0.49412 0.71373
0.16078 0.49412 0.7098
0.15686 0.49412 0.71765
0.15686 0.49804 0.72157
0.15294 0.49804 0.71765
0.16471 0.50588 0.72157
0.17255 0.51765 0.72941
0.18431 0.52157 0.72549
0.24314 0.56863 0.76471
0.30588 0.62745 0.81176
0.32157 0.61961 0.80784
0.34118 0.61569 0.77647
0.38431 0.60392 0.73333
0.16863 0.49804 0.71373
0.16078 0.49412 0.7098
0.16078 0.49412 0.7098
0.16078 0.49412 0.7098
0.16471 0.4902 0.70588
0.16863 0.50196 0.71373
0.16078 0.49412 0.7098
0.16471 0.50588 0.72157
0.17647 0.51373 0.73333
0.16863 0.50588 0.72549
0.16863 0.5098 0.72157
0.18039 0.52549 0.73725
0.20392 0.54118 0.7451
0.27843 0.6 0.79216
0.31373 0.63529 0.81569
0.31765 0.61961 0.8
0.3451 0.61961 0.77647
0.39216 0.61176 0.74118
0.16471 0.49804 0.71373
0.16471 0.49804 0.71373
0.16078 0.49412 0.7098
0.16471 0.49804 0.71373
0.16471 0.49804 0.71373
0.16471 0.49804 0.71373
0.16078 0.49412 0.7098
0.16078 0.49804 0.7098
0.16863 0.5098 0.72157
0.16863 0.5098 0.72157
0.16471 0.5098 0.72157
0.18039 0.52941 0.73725
0.21176 0.5451 0.75686
0.29412 0.61176 0.8
0.31373 0.63529 0.81176
0.31765 0.63137 0.8
0.35294 0.62353 0.78824
0.41176 0.61176 0.73725
0.16863 0.5098 0.72157
0.17255 0.50588 0.72157
0.16863 0.50196 0.71765
0.16471 0.49804 0.71373
0.16471 0.49804 0.71373
0.16471 0.49804 0.71373
0.17255 0.50588 0.71765
0.16863 0.50196 0.71765
0.16863 0.50588 0.71765
0.16863 0.50588 0.72157
0.17255 0.5098 0.72549
0.17647 0.51765 0.73333
0.22745 0.55686 0.76078
0.31373 0.61961 0.80392
0.31765 0.62745 0.80392
0.31765 0.62745 0.80392
0.3451 0.61569 0.78824
0.48627 0.63137 0.72549
0.18039 0.5098 0.72549
0.17255 0.50196 0.72157
0.17255 0.5098 0.72157
0.17255 0.5098 0.72157
0.17255 0.50588 0.72157
0.16863 0.50196 0.71765
0.16471 0.49804 0.71373
0.16471 0.49804 0.71765
0.16471 0.49804 0.71765
0.16863 0.50196 0.71765
0.16863 0.49804 0.71765
0.16863 0.50196 0.71765
0.17255 0.50588 0.72549
0.17647 0.5098 0.72941
0.18039 0.51765 0.74118
0.24314 0.56863 0.77255
0.32157 0.62353 0.8
0.32549 0.62353 0.79608
0.32157 0.62353 0.80784
0.33725 0.6 0.76471
0.59216 0.6902 0.74118
0.17255 0.50588 0.72157
0.17255 0.50588 0.72157
0.17255 0.50588 0.72157
0.16863 0.50196 0.71765
0.16078 0.49804 0.72157
0.16471 0.49804 0.72157
0.16863 0.50588 0.72941
0.17255 0.50588 0.72941
0.18039 0.51373 0.73725
0.18039 0.5098 0.73725
0.17647 0.5098 0.73333
0.18824 0.52941 0.75294
0.26275 0.58431 0.78039
0.32549 0.62745 0.80784
0.32549 0.62353 0.8
0.3098 0.61961 0.8
0.36471 0.60784 0.74902
0.17255 0.50588 0.72157
0.16078 0.49804 0.72157
0.16471 0.50588 0.72549
0.17255 0.5098 0.73333
0.17647 0.51373 0.73725
0.17255 0.5098 0.73333
0.17255 0.5098 0.73333
0.17647 0.51765 0.74118
0.19216 0.53725 0.76078
0.27451 0.59216 0.78824
0.33333 0.62353 0.8
0.32157 0.61961 0.78824
0.30588 0.61961 0.78039
0.42745 0.64314 0.7451
0.17255 0.5098 0.73333
0.16863 0.50588 0.72941
0.16863 0.5098 0.73333
0.18431 0.52941 0.75294
0.19216 0.54118 0.76471
0.27451 0.58824 0.78824
0.33725 0.62353 0.79608
0.33725 0.62745 0.79608
0.33333 0.61176 0.77255
0.52157 0.67059 0.7451
0.17255 0.52549 0.75294
0.2 0.5451 0.76471
0.28627 0.60392 0.79608
0.33333 0.61961 0.78431
0.33725 0.62353 0.78824
0.35686 0.60784 0.74902
0.3451 0.61961 0.77255
0.40784 0.62353 0.72941
0.48627 0.6549 0.74118
