0.12549 0.18824 0.28235
0.1098 0.18824 0.27059
0.10196 0.17255 0.27059
0.11373 0.18039 0.28235
0.10196 0.17255 0.27059
0.10588 0.17647 0.26667
0.12157 0.18431 0.27059
0.11373 0.17255 0.26275
0.12157 0.18824 0.28235
0.11373 0.18039 0.27843
0.10588 0.17647 0.27059
0.10588 0.17255 0.27059
0.1098 0.17255 0.26667
0.1098 0.16863 0.26275
0.12157 0.17255 0.26667
0.11765 0.18039 0.27451
0.1098 0.16863 0.26275
0.1098 0.17255 0.26667
0.10588 0.16078 0.26275
0.11765 0.16863 0.27059
0.11373 0.17647 0.27451
0.11765 0.18431 0.28235
