0.17255 0.53333 0.75686
0.17647 0.53333 0.75686
0.2 0.54902 0.77255
0.18431 0.54118 0.76471
0.16863 0.52549 0.74902
0.18039 0.53725 0.76078
0.20392 0.55686 0.77255
0.17255 0.52549 0.7451
0.18039 0.52549 0.75294
0.17255 0.52549 0.75294
0.17647 0.52941 0.75686
0.21961 0.56471 0.77647
0.17255 0.52549 0.7451
0.18824 0.53333 0.76078
0.18431 0.53725 0.76078
0.19216 0.53725 0.75686
0.23529 0.56471 0.77647
0.16863 0.52941 0.75294
0.17255 0.52941 0.75294
0.17255 0.52941 0.74118
0.2 0.54118 0.75294
0.17255 0.53333 0.75686
0.16863 0.52549 0.7451
0.17647 0.53333 0.7451
