0.75686 0.75686 0.70588
0.72157 0.75294 0.72157
0.76863 0.76471 0.72941
0.79608 0.78431 0.7451
0.76471 0.78039 0.74118
0.69412 0.74118 0.72941
0.76078 0.74118 0.70588
0.81176 0.78824 0.74902
0.77647 0.76863 0.72549
0.71765 0.74902 0.72157
0.7451 0.7451 0.67059
0.76863 0.77255 0.72157
0.78431 0.76471 0.71765
0.75294 0.75294 0.71765
0.69412 0.73725 0.72941
0.73333 0.73725 0.67451
0.78824 0.77255 0.72157
0.76471 0.75294 0.7098
0.72941 0.73725 0.71765
0.75686 0.74118 0.66667
0.76863 0.76078 0.70196
0.76078 0.76078 0.7098
0.75686 0.75294 0.71765
0.71765 0.73333 0.72941
0.72549 0.72157 0.65882
0.76863 0.76863 0.72941
0.77255 0.76078 0.71765
0.73333 0.74902 0.70588
