0.094118 0.094118 0.11765
0.098039 0.094118 0.12549
0.094118 0.090196 0.11373
0.082353 0.082353 0.098039
0.12157 0.12157 0.15294
0.12157 0.1098 0.13725
0.12941 0.11373 0.13333
0.098039 0.10196 0.12157
0.10588 0.10588 0.12549
0.12549 0.1098 0.12941
0.16078 0.1451 0.16471
0.1098 0.094118 0.11765
0.21961 0.2 0.20784
0.34118 0.31765 0.30588
0.46275 0.42745 0.39608
0.58039 0.53333 0.48627
0.64706 0.58824 0.53333
0.76471 0.69412 0.62745
0.81569 0.72941 0.64706
0.85098 0.76863 0.67843
0.86667 0.78431 0.6902
