0.24314 0.3451 0.48235
0.24706 0.34902 0.48627
0.25098 0.35294 0.4902
0.24314 0.3451 0.48235
0.22745 0.33333 0.47059
0.23922 0.34902 0.4902
0.24314 0.34902 0.4902
0.24706 0.35294 0.49412
0.23922 0.3451 0.48627
0.23529 0.3451 0.4902
0.23922 0.3451 0.49412
0.23922 0.34902 0.49412
0.23922 0.35294 0.4902
0.24706 0.3451 0.4902
0.24706 0.34902 0.49412
0.23922 0.34118 0.4902
0.23922 0.34902 0.49804
0.26275 0.36471 0.5098
0.25098 0.35294 0.49804
0.23922 0.34118 0.48627
0.23922 0.3451 0.48627
0.24706 0.34902 0.4902
0.26275 0.36471 0.50196
0.27059 0.37255 0.50588
