0.8 0.73725 0.67059
0.80392 0.73725 0.67843
0.8 0.73333 0.67451
0.79608 0.72941 0.67451
0.80392 0.74118 0.68235
0.80392 0.72941 0.66667
0.80784 0.74118 0.67843
0.80784 0.74118 0.67843
0.80784 0.74118 0.67843
0.80392 0.73725 0.67843
0.79608 0.73333 0.67451
0.78824 0.73725 0.67059
0.81569 0.74118 0.67451
0.80784 0.73725 0.67059
0.80784 0.74118 0.67843
0.79608 0.72941 0.66667
0.8 0.73333 0.67059
0.8 0.73333 0.67059
0.78431 0.72157 0.6549
0.78039 0.72549 0.66275
0.8 0.73725 0.67451
0.80392 0.73333 0.67059
0.80392 0.73725 0.67451
0.79216 0.72549 0.66275
0.79216 0.72549 0.66275
0.79216 0.72941 0.65882
0.78824 0.72941 0.65882
0.78431 0.72941 0.65882
0.79608 0.72941 0.66667
0.8 0.73333 0.67451
0.79216 0.72941 0.66667
0.8 0.73725 0.67451
0.79216 0.72549 0.65882
0.80392 0.73725 0.66667
0.78824 0.72157 0.65882
0.82745 0.76078 0.69804
