0.49804 0.56078 0.6902
0.49412 0.55686 0.68627
0.49804 0.56078 0.6902
0.49412 0.55294 0.68627
0.50196 0.56863 0.69804
0.50196 0.56471 0.69412
0.49412 0.55686 0.68627
0.49412 0.55686 0.68627
0.50196 0.56078 0.6902
0.49804 0.55686 0.67843
0.50588 0.55686 0.68235
0.49804 0.55686 0.67451
0.50196 0.56078 0.67451
0.49412 0.55686 0.68627
0.49804 0.56078 0.6902
0.50588 0.56863 0.69804
0.50196 0.56471 0.69412
0.50196 0.56863 0.69412
0.5098 0.57255 0.6902
0.50196 0.56078 0.68235
0.50196 0.55686 0.68235
0.50196 0.56078 0.67451
0.50196 0.56471 0.69412
0.5098 0.57255 0.70196
0.50588 0.56863 0.69804
0.49804 0.56078 0.68627
0.49804 0.56471 0.68627
0.49804 0.56471 0.68235
0.50196 0.56863 0.68627
0.50196 0.56471 0.68627
0.49412 0.56078 0.67843
0.49804 0.56471 0.68235
0.49804 0.56471 0.67451
0.5098 0.57255 0.70196
0.5098 0.57255 0.70196
0.5098 0.57255 0.70196
0.50196 0.56471 0.69412
0.50196 0.56471 0.69412
0.50588 0.56863 0.69804
0.50588 0.56863 0.69412
0.50588 0.56863 0.69412
0.50588 0.56863 0.69804
0.50588 0.57255 0.6902
0.50196 0.56863 0.68627
0.49804 0.56471 0.68235
0.49804 0.56471 0.68235
0.49412 0.55686 0.67843
0.49804 0.56471 0.68235
0.49804 0.56863 0.68627
0.51373 0.57255 0.70588
0.51373 0.57647 0.70588
0.5098 0.57255 0.70588
0.5098 0.57255 0.70588
0.5098 0.57255 0.70196
0.50588 0.56863 0.69804
0.5098 0.57255 0.70196
0.50588 0.56863 0.69804
0.50588 0.56863 0.69804
0.50588 0.56863 0.69804
0.50588 0.56863 0.69804
0.50196 0.56471 0.69412
0.50588 0.56863 0.69804
0.5098 0.57255 0.70196
0.5098 0.56863 0.6902
0.50196 0.56471 0.68627
0.50196 0.56863 0.68627
0.50196 0.57647 0.6902
0.50196 0.56863 0.68627
0.50588 0.57255 0.6902
0.50196 0.56863 0.68627
0.50196 0.56863 0.68627
0.49804 0.56471 0.68235
0.49804 0.56471 0.68235
0.52549 0.58431 0.7098
0.52157 0.58039 0.7098
0.51765 0.58039 0.7098
0.51373 0.57647 0.70588
0.50588 0.56863 0.70196
0.50588 0.56863 0.69804
0.5098 0.57255 0.70196
0.5098 0.57255 0.70196
0.5098 0.57255 0.70196
0.50588 0.56863 0.69804
0.5098 0.57255 0.70196
0.50588 0.56863 0.69804
0.50588 0.56863 0.69804
0.50196 0.56471 0.69412
0.50588 0.56863 0.69804
0.5098 0.57255 0.70196
0.50196 0.56471 0.69412
0.5098 0.57255 0.70196
0.51373 0.57255 0.69804
0.5098 0.57255 0.69412
0.5098 0.57647 0.69412
0.50196 0.57255 0.6902
0.50588 0.57255 0.6902
0.49804 0.56471 0.68235
0.50196 0.56863 0.68627
0.50196 0.56863 0.68627
0.49804 0.56471 0.68235
0.49412 0.56078 0.67843
0.52157 0.58431 0.70196
0.52549 0.58431 0.70588
0.52157 0.58039 0.7098
0.51373 0.57647 0.70588
0.51373 0.57647 0.70588
0.5098 0.57255 0.70196
0.51373 0.57647 0.70588
0.5098 0.57255 0.70196
0.5098 0.57255 0.70196
0.5098 0.57255 0.70196
0.5098 0.57255 0.70196
0.5098 0.57255 0.70196
0.5098 0.57255 0.70196
0.50588 0.56863 0.69804
0.50196 0.56471 0.69412
0.5098 0.57255 0.70196
0.50588 0.56863 0.69804
0.50196 0.56471 0.69412
0.5098 0.57255 0.70196
0.51373 0.57647 0.69804
0.50588 0.56863 0.6902
0.50588 0.57647 0.69412
0.50196 0.57255 0.6902
0.50588 0.57255 0.6902
0.49804 0.56471 0.68235
0.49804 0.56471 0.68235
0.49804 0.56471 0.68235
0.49412 0.56471 0.68235
0.49804 0.56471 0.68235
0.52549 0.59216 0.70588
0.52157 0.58824 0.70588
0.51765 0.58039 0.70588
0.51765 0.58039 0.71373
0.5098 0.57255 0.70588
0.5098 0.57255 0.70588
0.50588 0.56863 0.70196
0.50588 0.56863 0.70196
0.51373 0.57255 0.70196
0.51373 0.57255 0.70196
0.5098 0.57255 0.70196
0.5098 0.57255 0.70196
0.50588 0.56863 0.69804
0.50588 0.56863 0.69804
0.50588 0.56863 0.69804
0.5098 0.57255 0.70196
0.50588 0.56471 0.69412
0.50588 0.56471 0.69412
0.50588 0.56471 0.69412
0.5098 0.56863 0.6902
0.5098 0.57255 0.6902
0.50196 0.56863 0.68627
0.49804 0.57647 0.6902
0.49804 0.57255 0.6902
0.49804 0.56863 0.68235
0.49804 0.56471 0.68235
0.49804 0.56863 0.68627
0.4902 0.56078 0.67843
0.49412 0.56471 0.68235
0.51765 0.58824 0.71373
0.5098 0.58039 0.7098
0.51373 0.58039 0.71373
0.51765 0.58039 0.71373
0.5098 0.57255 0.70588
0.50588 0.57255 0.70196
0.50196 0.57255 0.70196
0.50588 0.57647 0.70196
0.5098 0.57647 0.70588
0.5098 0.57255 0.70196
0.50588 0.56863 0.69804
0.50196 0.56471 0.69412
0.50196 0.56471 0.69412
0.50588 0.56863 0.69804
0.50196 0.56471 0.69412
0.50588 0.56471 0.69412
0.51373 0.57255 0.70196
0.5098 0.57255 0.70196
0.50588 0.56471 0.68627
0.5098 0.57255 0.6902
0.50196 0.56863 0.68627
0.49804 0.57255 0.6902
0.49412 0.56471 0.68235
0.50588 0.56863 0.68627
0.50588 0.56863 0.68627
0.50196 0.56863 0.68627
0.50196 0.56863 0.68627
0.50588 0.56863 0.68627
0.50588 0.58039 0.7098
0.5098 0.57647 0.7098
0.51765 0.58039 0.71373
0.5098 0.57255 0.70588
0.50588 0.57255 0.70588
0.49804 0.57647 0.70196
0.50588 0.58039 0.70588
0.5098 0.58039 0.70588
0.5098 0.57255 0.70196
0.50588 0.56863 0.69804
0.50196 0.56471 0.69412
0.50196 0.56471 0.69412
0.5098 0.57255 0.70196
0.49804 0.56078 0.6902
0.50196 0.56471 0.69412
0.50588 0.56863 0.69804
0.5098 0.57255 0.70196
0.50588 0.56863 0.6902
0.50588 0.56863 0.6902
0.50196 0.57255 0.6902
0.50196 0.56863 0.6902
0.49804 0.56471 0.68235
0.50196 0.56078 0.68235
0.50196 0.56078 0.68235
0.50196 0.56078 0.68235
0.50588 0.56471 0.68627
0.50588 0.56471 0.68627
0.50196 0.56078 0.68235
0.50588 0.58039 0.7098
0.50588 0.58431 0.7098
0.50588 0.57647 0.70588
0.50588 0.57255 0.70588
0.50588 0.57647 0.70588
0.49804 0.57255 0.69804
0.50196 0.57647 0.70196
0.50588 0.57647 0.70588
0.5098 0.57255 0.70196
0.5098 0.57255 0.70196
0.50588 0.56863 0.69412
0.50196 0.56471 0.6902
0.50196 0.56863 0.69804
0.49804 0.57255 0.70196
0.49804 0.57647 0.69804
0.49804 0.57255 0.69804
0.49804 0.56863 0.69804
0.5098 0.57647 0.70196
0.50196 0.56471 0.69412
0.5098 0.57255 0.69804
0.50196 0.56863 0.69412
0.50196 0.56471 0.69412
0.50196 0.56078 0.6902
0.5098 0.56471 0.6902
0.50588 0.56471 0.68627
0.50588 0.56471 0.68627
0.50588 0.56471 0.68627
0.49804 0.55686 0.67843
0.50588 0.58039 0.70588
0.50588 0.58431 0.70588
0.49804 0.57255 0.69804
0.50588 0.57255 0.70588
0.50588 0.57647 0.70588
0.50588 0.58039 0.70588
0.50588 0.58039 0.70588
0.50588 0.57647 0.70588
0.50196 0.56471 0.69412
0.50588 0.56863 0.70196
0.5098 0.57255 0.70196
0.50588 0.57255 0.69412
0.50196 0.57255 0.69804
0.50196 0.57647 0.70588
0.49412 0.57255 0.69804
0.49412 0.57647 0.69804
0.49804 0.57255 0.69804
0.49804 0.56471 0.69412
0.50196 0.56471 0.69412
0.50588 0.56863 0.69804
0.50196 0.56471 0.69412
0.50196 0.56471 0.69412
0.50588 0.56471 0.69412
0.5098 0.56863 0.69412
0.50588 0.56471 0.68627
0.50588 0.56471 0.68627
0.50196 0.56078 0.68235
0.50196 0.56078 0.68235
0.49804 0.56078 0.67843
0.5098 0.58824 0.7098
0.50588 0.58039 0.70588
0.50588 0.57255 0.70588
0.50588 0.57255 0.70196
0.49804 0.57255 0.69804
0.50196 0.57647 0.70196
0.50588 0.57647 0.70196
0.5098 0.57255 0.70196
0.51373 0.57647 0.70588
0.50588 0.56863 0.69804
0.5098 0.57255 0.69412
0.50588 0.57255 0.70196
0.4902 0.56863 0.69412
0.4902 0.57255 0.69412
0.49804 0.57647 0.69804
0.4902 0.56471 0.6902
0.49412 0.56078 0.6902
0.50196 0.56471 0.69412
0.50588 0.56863 0.69804
0.50196 0.56471 0.69412
0.50196 0.56471 0.69412
0.5098 0.56863 0.69804
0.50588 0.56471 0.69412
0.5098 0.56863 0.6902
0.50196 0.56078 0.68235
0.50196 0.56078 0.68235
0.50196 0.56078 0.68235
0.50196 0.56471 0.68235
0.49804 0.56471 0.68235
0.50588 0.58039 0.70588
0.50196 0.58039 0.7098
0.50196 0.57647 0.70588
0.50588 0.57255 0.70588
0.5098 0.57647 0.70196
0.5098 0.57647 0.69804
0.50588 0.57255 0.70196
0.51373 0.57647 0.70588
0.5098 0.57255 0.70196
0.51373 0.57647 0.70196
0.50588 0.56863 0.69804
0.5098 0.57255 0.70196
0.50588 0.56863 0.69804
0.50588 0.57255 0.70196
0.50196 0.56863 0.69804
0.50196 0.57255 0.69804
0.50588 0.57255 0.70196
0.50588 0.56863 0.69804
0.50196 0.56471 0.69412
0.50196 0.56471 0.69412
0.50588 0.56863 0.69804
0.5098 0.56863 0.6902
0.5098 0.56471 0.6902
0.50588 0.56471 0.68627
0.50196 0.56078 0.68235
0.50196 0.56471 0.68627
0.49804 0.56078 0.68235
0.49804 0.56471 0.68235
0.4902 0.56471 0.68235
0.49412 0.56078 0.68235
0.50588 0.58039 0.7098
0.50196 0.57647 0.70588
0.50588 0.57255 0.71373
0.51373 0.57647 0.71373
0.50588 0.57255 0.70196
0.5098 0.57255 0.70588
0.5098 0.57647 0.70196
0.50196 0.56863 0.69412
0.50588 0.56863 0.69804
0.5098 0.57647 0.70196
0.51373 0.57255 0.70196
0.51373 0.57255 0.70196
0.51765 0.57647 0.70588
0.5098 0.56863 0.69804
0.50588 0.57647 0.70196
0.50196 0.57647 0.70196
0.50196 0.56863 0.69412
0.50196 0.56078 0.6902
0.50196 0.56078 0.6902
0.50588 0.56471 0.69412
0.50588 0.56471 0.68627
0.50588 0.56471 0.68627
0.50588 0.56471 0.68627
0.50196 0.56863 0.68627
0.49804 0.56863 0.68627
0.4902 0.56078 0.67843
0.48235 0.55686 0.67451
0.48627 0.56078 0.67843
0.4902 0.55294 0.68235
0.4902 0.55294 0.68235
0.49804 0.56078 0.6902
0.50588 0.58039 0.7098
0.50196 0.57647 0.70588
0.50588 0.57647 0.71765
0.51373 0.58431 0.71765
0.5098 0.58431 0.7098
0.51373 0.58431 0.7098
0.5098 0.57647 0.69412
0.50196 0.57255 0.68627
0.5098 0.57647 0.69412
0.5098 0.57647 0.69412
0.51373 0.57647 0.69412
0.51765 0.57255 0.69412
0.51373 0.57255 0.69804
0.50588 0.56471 0.69412
0.49804 0.56471 0.69412
0.49804 0.57255 0.69804
0.49804 0.56471 0.69412
0.50196 0.56078 0.6902
0.5098 0.56863 0.69804
0.50588 0.56471 0.69412
0.50588 0.56471 0.68627
0.50196 0.56471 0.68627
0.50196 0.56863 0.68627
0.49804 0.57255 0.68627
0.48627 0.56471 0.67843
0.48235 0.56078 0.67843
0.4902 0.56078 0.67843
0.49412 0.56078 0.67843
0.4902 0.55294 0.68235
0.4902 0.55294 0.68235
0.4902 0.55294 0.68235
0.48235 0.5451 0.67451
0.48235 0.5451 0.67451
0.4902 0.55294 0.68235
0.5098 0.58431 0.71373
0.50588 0.58039 0.70588
0.50588 0.58039 0.70588
0.50588 0.58039 0.69804
0.50588 0.58039 0.69804
0.5098 0.58431 0.70196
0.51373 0.58039 0.69412
0.5098 0.57255 0.69804
0.51373 0.57647 0.70196
0.51373 0.57647 0.70196
0.51373 0.57647 0.70196
0.51373 0.57255 0.69804
0.50588 0.56471 0.69412
0.50196 0.56471 0.69412
0.50196 0.56863 0.69804
0.49804 0.56863 0.69412
0.50196 0.56471 0.69412
0.50588 0.56471 0.69412
0.5098 0.56863 0.69804
0.5098 0.56863 0.69804
0.50588 0.56471 0.6902
0.50588 0.56863 0.69412
0.50196 0.56863 0.68627
0.50196 0.57255 0.6902
0.48627 0.56078 0.67843
0.4902 0.56471 0.68235
0.4902 0.56078 0.67843
0.4902 0.56078 0.67843
0.4902 0.55686 0.68235
0.49804 0.56471 0.6902
0.4902 0.55686 0.67843
0.4902 0.55294 0.67843
0.4902 0.55294 0.67843
0.48235 0.54902 0.67059
0.50588 0.58039 0.70588
0.50588 0.58039 0.70588
0.51373 0.58824 0.7098
0.50588 0.58039 0.69412
0.50588 0.58039 0.69804
0.50588 0.58039 0.69804
0.5098 0.57647 0.69412
0.5098 0.57255 0.69804
0.51373 0.57255 0.70196
0.51373 0.56863 0.70196
0.50196 0.56078 0.6902
0.5098 0.56863 0.69804
0.50588 0.56863 0.69804
0.49804 0.56471 0.6902
0.50588 0.56863 0.69804
0.50588 0.56863 0.69804
0.49804 0.56078 0.6902
0.49804 0.56078 0.6902
0.50588 0.56471 0.69412
0.50588 0.56471 0.69412
0.5098 0.56863 0.69804
0.50196 0.56471 0.6902
0.49412 0.56078 0.67843
0.50196 0.56471 0.68235
0.49804 0.56471 0.68235
0.4902 0.56471 0.68235
0.4902 0.56471 0.68235
0.4902 0.56471 0.68235
0.48627 0.56078 0.67843
0.48627 0.56078 0.67451
0.4902 0.55686 0.67451
0.4902 0.55686 0.67451
0.48627 0.55294 0.67059
0.47059 0.54118 0.6549
0.50196 0.57647 0.70588
0.50588 0.58039 0.70588
0.5098 0.58431 0.70196
0.51373 0.58824 0.70588
0.51373 0.58431 0.70196
0.51373 0.58039 0.69804
0.5098 0.57255 0.70196
0.50588 0.56863 0.69804
0.50588 0.56863 0.69804
0.50196 0.56471 0.69412
0.50588 0.56863 0.69804
0.49804 0.56863 0.69412
0.49412 0.56863 0.69412
0.49804 0.56863 0.69412
0.49804 0.57255 0.69804
0.49804 0.57255 0.69804
0.49412 0.56863 0.69412
0.50196 0.56471 0.69412
0.5098 0.56863 0.69804
0.50588 0.56471 0.69412
0.50588 0.56471 0.6902
0.50196 0.56078 0.68235
0.50588 0.56078 0.68235
0.50588 0.56863 0.68627
0.48627 0.56078 0.67451
0.4902 0.56471 0.68235
0.48627 0.56471 0.67843
0.48627 0.56078 0.67843
0.48235 0.55294 0.67059
0.49804 0.56471 0.68235
0.49412 0.56078 0.67059
0.49412 0.56078 0.67059
0.48627 0.55294 0.66275
0.50196 0.57647 0.70588
0.50196 0.57647 0.69804
0.50588 0.58039 0.69804
0.51373 0.58824 0.70588
0.50588 0.57647 0.69412
0.5098 0.57255 0.69412
0.50588 0.56863 0.69804
0.50588 0.56863 0.69804
0.50588 0.56863 0.69804
0.50588 0.56863 0.69804
0.50588 0.56863 0.69804
0.49412 0.56863 0.69804
0.49804 0.57255 0.69804
0.49412 0.56863 0.69412
0.50196 0.57255 0.70196
0.49804 0.56863 0.69412
0.4902 0.56471 0.6902
0.50196 0.56863 0.69412
0.5098 0.57255 0.69804
0.50588 0.56471 0.6902
0.50196 0.56471 0.68627
0.50196 0.56078 0.68235
0.50588 0.56471 0.68627
0.50588 0.56863 0.6902
0.49412 0.56471 0.68627
0.49412 0.56471 0.68627
0.48627 0.55686 0.67843
0.48235 0.55686 0.67451
0.48627 0.55686 0.67451
0.49412 0.56078 0.67843
0.49412 0.56078 0.67451
0.4902 0.55686 0.66667
0.4902 0.55686 0.66667
0.5098 0.58431 0.7098
0.50588 0.58431 0.70196
0.50588 0.58431 0.70196
0.51765 0.58824 0.70588
0.51373 0.58039 0.70196
0.50588 0.56863 0.70196
0.50196 0.56471 0.69412
0.50196 0.56471 0.69412
0.50588 0.56863 0.69804
0.50588 0.56863 0.69804
0.50588 0.56863 0.69804
0.49412 0.56078 0.69412
0.49412 0.56471 0.69412
0.49412 0.56471 0.69412
0.49804 0.56078 0.69412
0.50196 0.56471 0.69804
0.50196 0.56078 0.6902
0.49804 0.56471 0.6902
0.50196 0.56471 0.6902
0.50196 0.56471 0.68627
0.50588 0.56863 0.6902
0.5098 0.56863 0.6902
0.5098 0.56863 0.6902
0.5098 0.56863 0.6902
0.49804 0.55686 0.6902
0.4902 0.55294 0.68627
0.49412 0.55686 0.68627
0.49412 0.56078 0.67843
0.4902 0.55686 0.67451
0.4902 0.55686 0.67451
0.49412 0.56078 0.67451
0.4902 0.55686 0.67059
0.48627 0.55294 0.66667
0.51373 0.58824 0.71373
0.51373 0.59216 0.7098
0.51373 0.58824 0.70588
0.51373 0.58431 0.70196
0.52157 0.58431 0.7098
0.5098 0.57255 0.70196
0.50588 0.56471 0.69412
0.50588 0.56863 0.69804
0.5098 0.57255 0.70196
0.50588 0.56863 0.69804
0.50196 0.56471 0.69412
0.50196 0.56078 0.69412
0.5098 0.57255 0.70588
0.50196 0.56471 0.69804
0.49804 0.56078 0.69412
0.50196 0.56471 0.69804
0.50588 0.56863 0.69804
0.50196 0.56471 0.69412
0.49804 0.56078 0.6902
0.50196 0.56471 0.69412
0.49804 0.55686 0.68627
0.50196 0.56078 0.68627
0.50588 0.56471 0.6902
0.50588 0.56471 0.6902
0.49804 0.56078 0.6902
0.50196 0.56471 0.69412
0.50196 0.56471 0.69412
0.49804 0.56078 0.6902
0.49412 0.55686 0.68235
0.4902 0.55294 0.68235
0.49412 0.55686 0.67843
0.48235 0.54902 0.66667
0.48235 0.54902 0.66667
0.5098 0.58431 0.7098
0.51373 0.59216 0.71373
0.5098 0.58431 0.70196
0.50588 0.57647 0.69412
0.51765 0.58431 0.70588
0.51373 0.57647 0.70588
0.50588 0.56863 0.69804
0.50196 0.56471 0.69412
0.50588 0.56863 0.69804
0.50588 0.56863 0.69804
0.50196 0.56471 0.69412
0.50588 0.56471 0.70196
0.51373 0.56863 0.70588
0.5098 0.56471 0.70196
0.50196 0.56471 0.69804
0.50196 0.56471 0.69804
0.50588 0.56863 0.69804
0.50196 0.56471 0.69412
0.50196 0.56471 0.69804
0.50196 0.56471 0.69412
0.49804 0.55686 0.6902
0.50196 0.56078 0.6902
0.50588 0.56471 0.69412
0.50588 0.56471 0.69412
0.49804 0.56078 0.6902
0.49804 0.56078 0.6902
0.49804 0.56078 0.6902
0.49804 0.56078 0.6902
0.49412 0.55686 0.68627
0.49412 0.55686 0.68627
0.4902 0.55294 0.68235
0.48627 0.54902 0.67451
0.48627 0.54902 0.67843
0.5098 0.58431 0.7098
0.50588 0.58039 0.70196
0.50196 0.57647 0.70196
0.50196 0.57647 0.70196
0.50588 0.57647 0.70196
0.50196 0.56863 0.69804
0.50196 0.56471 0.69412
0.50196 0.56471 0.69412
0.50196 0.56471 0.69412
0.50588 0.56863 0.69804
0.50588 0.56863 0.69804
0.50196 0.56471 0.69412
0.50196 0.56471 0.69412
0.50196 0.56078 0.69412
0.50196 0.56471 0.69412
0.50196 0.56078 0.69412
0.50196 0.56471 0.6902
0.5098 0.57647 0.70196
0.49804 0.56078 0.69412
0.49804 0.56078 0.69412
0.50588 0.56863 0.69804
0.50196 0.56471 0.69412
0.50196 0.56471 0.69412
0.49412 0.55686 0.6902
0.49412 0.55686 0.68627
0.49412 0.56078 0.67843
0.49804 0.56471 0.68235
0.49804 0.56078 0.68627
0.5098 0.58039 0.70588
0.5098 0.58431 0.7098
0.50196 0.57647 0.70196
0.49804 0.57255 0.69804
0.49412 0.56863 0.69412
0.50588 0.56863 0.69804
0.50588 0.56863 0.69804
0.50588 0.56863 0.70196
0.50588 0.56863 0.69804
0.50588 0.56863 0.69804
0.50196 0.56863 0.69804
0.49412 0.56471 0.6902
0.49804 0.56471 0.69412
0.49804 0.56471 0.69412
0.50588 0.57255 0.70196
0.50196 0.57255 0.69804
0.50196 0.56863 0.6902
0.50196 0.56471 0.6902
0.50196 0.56471 0.69804
0.49804 0.56078 0.69412
0.49804 0.56078 0.6902
0.49804 0.56078 0.6902
0.4902 0.55294 0.68235
0.4902 0.55294 0.68627
0.49412 0.55294 0.68627
0.49412 0.56078 0.68235
0.5098 0.58039 0.7098
0.50588 0.58039 0.70588
0.50588 0.58039 0.70588
0.5098 0.58431 0.7098
0.49804 0.57255 0.69804
0.50196 0.56863 0.69412
0.5098 0.57255 0.70196
0.49804 0.56078 0.69412
0.49412 0.55686 0.6902
0.50196 0.56471 0.69804
0.4902 0.56471 0.6902
0.49804 0.57255 0.69804
0.49412 0.56863 0.69412
0.49412 0.56863 0.69412
0.49804 0.57255 0.69804
0.50196 0.57647 0.70196
0.50196 0.56863 0.6902
0.50196 0.56471 0.6902
0.50196 0.56471 0.69804
0.49412 0.55686 0.6902
0.49412 0.55686 0.68627
0.49804 0.56078 0.6902
0.50196 0.56471 0.69412
0.49804 0.56078 0.69412
0.49804 0.56078 0.6902
0.51373 0.58039 0.7098
0.51373 0.58039 0.7098
0.51373 0.57647 0.70588
0.51765 0.58431 0.7098
0.5098 0.57647 0.70588
0.50588 0.56863 0.69804
0.5098 0.57255 0.70196
0.50588 0.56863 0.70196
0.49804 0.56078 0.69412
0.49804 0.56471 0.69804
0.4902 0.56471 0.69412
0.49412 0.56863 0.69412
0.49412 0.57255 0.69412
0.49412 0.56863 0.6902
0.49412 0.56863 0.69412
0.49412 0.57255 0.69804
0.49804 0.56863 0.69412
0.50196 0.56078 0.6902
0.49412 0.55686 0.68627
0.49412 0.55686 0.68627
0.49804 0.56471 0.68235
0.50196 0.56863 0.68627
0.50196 0.56863 0.68627
0.49804 0.56471 0.68627
0.51765 0.58039 0.71373
0.52157 0.58431 0.71373
0.51765 0.58039 0.7098
0.51765 0.58039 0.70588
0.51373 0.58039 0.70588
0.5098 0.57255 0.69804
0.5098 0.57255 0.70196
0.5098 0.57255 0.70588
0.50196 0.56471 0.69804
0.50588 0.56863 0.70196
0.49412 0.56471 0.69804
0.4902 0.56078 0.6902
0.49804 0.56863 0.6902
0.49804 0.57255 0.69412
0.49804 0.57255 0.69804
0.4902 0.56471 0.6902
0.50196 0.56863 0.69412
0.50196 0.56863 0.69412
0.50196 0.56863 0.69412
0.50196 0.56863 0.6902
0.50196 0.56863 0.68627
0.49804 0.56471 0.68235
0.49804 0.56471 0.68235
0.51765 0.58039 0.7098
0.51373 0.57647 0.70588
0.51765 0.58039 0.7098
0.52157 0.58431 0.7098
0.5098 0.57647 0.69412
0.50588 0.57255 0.6902
0.5098 0.57647 0.69804
0.5098 0.57255 0.7098
0.50588 0.56863 0.70196
0.50196 0.56471 0.69804
0.50588 0.56863 0.70196
0.50196 0.56471 0.69412
0.50588 0.57255 0.69412
0.50588 0.57647 0.70196
0.49804 0.57255 0.69804
0.49412 0.57255 0.69804
0.49804 0.56863 0.6902
0.50588 0.57255 0.68627
0.49804 0.56471 0.68235
0.50196 0.56863 0.68627
0.50196 0.56863 0.68627
0.49804 0.56471 0.68235
0.49804 0.56471 0.68235
0.50196 0.57255 0.6902
0.50196 0.57255 0.6902
0.5098 0.58039 0.69804
0.50588 0.56863 0.69804
0.50588 0.56863 0.70196
0.5098 0.57255 0.70588
0.50588 0.56863 0.69804
0.50588 0.56863 0.69804
0.50588 0.56863 0.69804
0.49804 0.56471 0.6902
0.50196 0.56863 0.69412
0.50588 0.57255 0.70196
0.49804 0.56471 0.68627
0.50196 0.57647 0.69412
0.49804 0.56863 0.68627
0.49412 0.56471 0.68235
0.50196 0.56863 0.68627
0.49804 0.56471 0.68235
0.50588 0.57255 0.69412
0.50196 0.56471 0.69804
0.50588 0.56863 0.70196
0.50196 0.56471 0.69412
0.50196 0.56471 0.69412
0.50196 0.56471 0.69412
0.50196 0.56078 0.69412
0.50196 0.56471 0.69412
0.50588 0.56863 0.69804
0.50196 0.56863 0.69412
0.50196 0.57647 0.69412
0.50196 0.57647 0.69412
0.49804 0.57255 0.6902
0.50588 0.57255 0.6902
0.49804 0.56471 0.68235
0.50588 0.56863 0.70196
0.50196 0.56471 0.70196
0.50196 0.56471 0.69412
0.49804 0.56078 0.6902
0.49804 0.56078 0.6902
0.49804 0.56078 0.6902
0.50196 0.56471 0.69412
0.50196 0.56078 0.69412
0.49804 0.56863 0.6902
0.49412 0.56863 0.68627
0.49412 0.56863 0.68627
0.50196 0.57255 0.6902
0.49804 0.56471 0.68235
0.49804 0.56471 0.68235
0.49804 0.56863 0.6902
0.49804 0.56863 0.6902
0.49804 0.56863 0.69412
0.49804 0.56471 0.69412
0.49412 0.56078 0.6902
0.49804 0.56863 0.6902
0.49412 0.56863 0.68627
0.49412 0.56863 0.68627
0.49412 0.56471 0.68235
0.49412 0.56471 0.68235
0.49412 0.56471 0.68235
0.49412 0.56863 0.6902
0.49412 0.56863 0.68627
0.49804 0.57255 0.6902
0.49412 0.56863 0.68627
0.49412 0.56863 0.68627
0.4902 0.56471 0.68235
0.4902 0.56471 0.68235
0.49412 0.56863 0.68627
0.4902 0.56471 0.68235
0.49412 0.56863 0.68627
