0.42353 0.4902 0.61569
0.41961 0.48627 0.60392
0.39608 0.45882 0.58431
0.38431 0.44706 0.57647
0.39216 0.45098 0.58039
0.40784 0.47059 0.59216
0.39608 0.45882 0.58039
0.39216 0.4549 0.58431
0.37647 0.44706 0.57647
0.36078 0.43137 0.56471
0.39608 0.45882 0.58824
0.38039 0.44314 0.57255
0.39216 0.4549 0.58431
0.37647 0.45098 0.58039
0.36471 0.43529 0.57255
0.39608 0.45882 0.59216
0.38824 0.45098 0.58431
0.38431 0.44706 0.58431
0.36471 0.43529 0.57647
0.39216 0.4549 0.58824
0.40392 0.46275 0.59608
0.38039 0.44314 0.58039
0.38431 0.44706 0.58039
0.40392 0.46275 0.59608
0.38431 0.44706 0.58431
