0.62745 0.7098 0.78824
0.62353 0.70588 0.78039
0.62745 0.7098 0.78431
0.62353 0.7098 0.78431
0.62745 0.71373 0.78824
0.62745 0.71373 0.78824
0.62353 0.7098 0.78431
0.62353 0.70588 0.77647
0.62745 0.70588 0.78039
0.62353 0.7098 0.78431
0.62353 0.71373 0.78431
0.61961 0.7098 0.78039
0.62353 0.70588 0.78039
0.62745 0.70588 0.78039
0.62353 0.71373 0.78431
0.62353 0.71765 0.78824
0.62353 0.7098 0.78039
0.62745 0.70588 0.78039
0.62353 0.71373 0.78431
0.62353 0.71373 0.78431
0.62745 0.7098 0.78431
0.62745 0.7098 0.78431
