0.23922 0.3451 0.47451
0.22353 0.32549 0.4549
0.22353 0.31373 0.44314
0.23922 0.32157 0.45098
0.2 0.28235 0.41176
0.24706 0.34118 0.47451
0.25098 0.34118 0.47843
0.22745 0.32157 0.45098
0.20392 0.28235 0.41176
0.22745 0.31373 0.43922
0.25882 0.34902 0.47059
0.22353 0.32549 0.45098
0.24314 0.3451 0.47059
0.23529 0.32157 0.4549
0.19216 0.27451 0.40392
0.24314 0.32941 0.45882
0.23529 0.32549 0.4549
0.24314 0.3451 0.46667
0.20784 0.2902 0.41569
0.22353 0.29804 0.42745
0.24314 0.32941 0.46275
0.24706 0.32549 0.45882
