0.27059 0.38039 0.52157
0.25882 0.36863 0.51373
0.27451 0.37647 0.52157
0.27451 0.37255 0.51765
0.27059 0.38039 0.52549
0.26667 0.37647 0.52157
0.26667 0.37255 0.51765
0.25882 0.36078 0.50196
0.27451 0.36471 0.50196
0.27059 0.38039 0.52549
0.2549 0.36471 0.5098
0.26275 0.37255 0.51765
0.27059 0.37647 0.52157
0.2549 0.36471 0.50588
0.27451 0.36863 0.50588
0.26275 0.37647 0.51373
0.2549 0.36863 0.50196
0.26667 0.38039 0.51765
0.26667 0.38039 0.52157
0.26275 0.37255 0.51765
0.27059 0.36471 0.4902
0.26275 0.37647 0.52157
0.26667 0.37647 0.52157
0.27059 0.38039 0.52549
0.27451 0.38824 0.52941
0.26667 0.37255 0.51765
0.27451 0.38039 0.52549
0.27843 0.36078 0.4902
0.27451 0.38431 0.52941
0.26667 0.37647 0.52549
0.25882 0.36471 0.5098
0.27843 0.37647 0.52157
0.29804 0.38039 0.50588
