0.21569 0.32157 0.45098
0.21176 0.31373 0.44314
0.21569 0.32157 0.45098
0.21176 0.31373 0.44314
0.20784 0.31373 0.44314
0.2 0.31373 0.43922
0.21176 0.31373 0.44314
0.21176 0.31373 0.44314
0.21569 0.32157 0.44706
0.20392 0.31765 0.44314
0.21176 0.31373 0.44314
0.21569 0.31765 0.44706
0.21569 0.32157 0.45098
0.2 0.31373 0.43922
0.20784 0.32157 0.44706
0.20784 0.32157 0.4549
0.2 0.31373 0.44706
0.20392 0.31765 0.43922
0.20392 0.31765 0.43922
0.2 0.31373 0.43922
0.20784 0.32157 0.4549
0.2 0.31373 0.44706
0.20392 0.31765 0.44314
0.20392 0.31765 0.44314
0.20392 0.31765 0.4549
0.2 0.31373 0.44706
0.19608 0.3098 0.44314
0.20392 0.32157 0.44706
0.19608 0.3098 0.43529
0.2 0.3098 0.43529
