0.46667 0.55686 0.72941
0.48235 0.57255 0.73725
0.48235 0.57255 0.73333
0.47059 0.56078 0.72549
0.46275 0.55294 0.72157
0.45882 0.55294 0.72157
0.47059 0.56078 0.72941
0.47451 0.56471 0.72941
0.48235 0.57255 0.73725
0.47451 0.56471 0.72941
0.47059 0.56078 0.72549
0.47451 0.56471 0.72941
0.47843 0.56863 0.73333
0.47843 0.56863 0.73333
0.47451 0.56471 0.73333
0.47451 0.56471 0.72941
0.47451 0.56471 0.72941
0.47843 0.56863 0.73333
0.47843 0.56863 0.73333
0.47451 0.56471 0.72941
0.48235 0.56863 0.73333
0.48235 0.57255 0.73725
0.46667 0.56471 0.74118
0.47451 0.56471 0.73725
0.47451 0.56471 0.73333
0.47451 0.56471 0.72941
0.47059 0.56078 0.72549
0.47451 0.56471 0.72941
0.47451 0.56471 0.72941
0.47059 0.56078 0.72549
0.47843 0.56863 0.73333
0.47451 0.56471 0.72941
0.46667 0.56471 0.73725
0.46275 0.55686 0.72941
0.46667 0.56078 0.72549
0.47451 0.56471 0.72941
0.47451 0.56471 0.72941
0.47451 0.56471 0.72941
0.47451 0.56471 0.72941
0.47451 0.56471 0.72549
0.47059 0.56863 0.72549
0.47059 0.56863 0.72549
0.46667 0.56078 0.72157
0.47451 0.56471 0.72941
0.47451 0.57255 0.73333
0.47059 0.56078 0.73333
0.47059 0.56471 0.73725
0.47451 0.56471 0.73725
0.47843 0.56863 0.73725
0.47843 0.56863 0.73725
0.47451 0.56471 0.73333
0.47451 0.56471 0.73333
0.47451 0.56471 0.72941
0.47843 0.56863 0.72941
0.47451 0.56863 0.72941
0.47451 0.56863 0.72549
0.47059 0.56471 0.72549
0.47451 0.56863 0.73333
0.47059 0.56471 0.72549
0.47059 0.56471 0.72549
0.45882 0.55294 0.72157
0.47059 0.56078 0.73333
0.46667 0.55686 0.72941
0.47059 0.56078 0.73333
0.47843 0.56863 0.74118
0.47451 0.56471 0.73725
0.47059 0.56078 0.73333
0.47451 0.56471 0.73333
0.47843 0.56863 0.73333
0.47843 0.56863 0.72941
0.47451 0.56078 0.72157
0.47451 0.56078 0.72157
0.47059 0.56863 0.72941
0.47843 0.57647 0.73725
0.47843 0.56863 0.73333
0.47451 0.56471 0.72941
0.47451 0.56471 0.72549
0.45882 0.55294 0.72941
0.46275 0.55686 0.72941
0.46667 0.56078 0.73333
0.47059 0.56471 0.73333
0.47451 0.57255 0.73333
0.47843 0.57255 0.73333
0.47451 0.56471 0.72941
0.47843 0.56863 0.72941
0.48235 0.57255 0.73333
0.48235 0.57255 0.73333
0.47843 0.56863 0.72941
0.48235 0.57255 0.73333
0.47843 0.56471 0.72549
0.46667 0.56078 0.74118
0.45882 0.55294 0.72549
0.46667 0.56078 0.73333
0.46667 0.56078 0.73333
0.47059 0.56863 0.73333
0.47059 0.56863 0.72941
0.47843 0.56863 0.73333
0.47843 0.56863 0.73333
0.47451 0.56471 0.72549
0.48235 0.57255 0.73333
0.47451 0.56471 0.72549
0.47059 0.56078 0.72157
0.47843 0.56471 0.72549
0.46275 0.55686 0.73725
0.46275 0.55686 0.73725
0.45882 0.55294 0.73333
0.46667 0.56078 0.73333
0.47059 0.56471 0.73725
0.47059 0.56471 0.73725
0.47059 0.56863 0.73333
0.46667 0.56471 0.72549
0.47451 0.56863 0.73333
0.47843 0.56863 0.72941
0.47843 0.56863 0.72941
0.47843 0.56863 0.72941
0.47843 0.56863 0.72941
0.47843 0.56863 0.72941
0.45882 0.56078 0.73725
0.45882 0.56078 0.73725
0.4549 0.55686 0.73333
0.45098 0.55294 0.72941
0.45882 0.56471 0.73333
0.46275 0.55686 0.73333
0.47059 0.56471 0.73725
0.47843 0.57255 0.7451
0.47059 0.56471 0.73333
0.47059 0.56471 0.73333
0.47451 0.56471 0.73725
0.47059 0.56471 0.72941
0.47059 0.56863 0.72941
0.46667 0.56471 0.72549
0.47059 0.56471 0.72549
0.48235 0.57255 0.73333
0.44706 0.55294 0.72941
0.4549 0.56471 0.73725
0.4549 0.56078 0.73725
0.4549 0.56078 0.73333
0.4549 0.56078 0.72941
0.46275 0.56078 0.73333
0.46667 0.56078 0.73333
0.47059 0.56471 0.73725
0.47451 0.56863 0.74118
0.47059 0.56471 0.73725
0.46667 0.56078 0.73333
0.46667 0.56078 0.72941
0.47451 0.57255 0.73333
0.47451 0.57255 0.73333
0.47843 0.57255 0.73333
0.47843 0.56863 0.72941
0.44706 0.55294 0.72941
0.45098 0.55686 0.73333
0.4549 0.56078 0.73725
0.4549 0.56078 0.73725
0.4549 0.56078 0.73333
0.45882 0.56471 0.73333
0.45882 0.55686 0.72941
0.46667 0.56078 0.73333
0.46667 0.56078 0.73333
0.46275 0.55686 0.72941
0.47059 0.56471 0.73725
0.46667 0.56078 0.73333
0.46275 0.55686 0.72549
0.47059 0.56863 0.72941
0.47451 0.57255 0.73333
0.47451 0.57255 0.73333
0.47451 0.56471 0.72549
0.4549 0.56078 0.74118
0.4549 0.56078 0.73725
0.4549 0.56078 0.73725
0.45098 0.55686 0.73333
0.46275 0.56471 0.73725
0.46275 0.56471 0.73333
0.45882 0.55686 0.72941
0.47059 0.56471 0.73725
0.46667 0.56078 0.73333
0.45882 0.55686 0.72941
0.46275 0.56078 0.73333
0.46667 0.56471 0.72941
0.47451 0.56471 0.72941
0.47451 0.56863 0.72941
0.47843 0.57255 0.73333
0.47059 0.56863 0.72941
0.4549 0.56078 0.7451
0.45882 0.56471 0.74902
0.45098 0.55686 0.74118
0.44706 0.55294 0.73333
0.45098 0.55686 0.73333
0.4549 0.56078 0.73725
0.46275 0.56471 0.73725
0.47059 0.56471 0.73333
0.47059 0.56471 0.73725
0.47059 0.56471 0.73725
0.47059 0.56471 0.73725
0.46275 0.56471 0.73725
0.47059 0.56863 0.73725
0.47843 0.57255 0.73725
0.47843 0.56863 0.73333
0.47843 0.56863 0.73333
0.47451 0.56863 0.72941
0.47843 0.57647 0.73725
0.46275 0.56078 0.74902
0.45098 0.55686 0.74118
0.44706 0.55294 0.73333
0.4549 0.56078 0.73725
0.4549 0.56471 0.74118
0.45882 0.56078 0.73333
0.46275 0.56078 0.72549
0.47059 0.56471 0.73333
0.46667 0.56078 0.73333
0.46667 0.56078 0.73333
0.46667 0.56471 0.72941
0.46667 0.56471 0.72549
0.47843 0.56863 0.74118
0.47451 0.56078 0.72941
0.47451 0.56471 0.72941
0.47451 0.56863 0.72941
0.4549 0.55294 0.73725
0.46275 0.55686 0.74118
0.46275 0.55686 0.74118
0.4549 0.55686 0.74118
0.4549 0.55686 0.73333
0.45882 0.56078 0.73725
0.45882 0.56078 0.73333
0.4549 0.55294 0.72549
0.45882 0.55294 0.72157
0.46275 0.55686 0.72941
0.47451 0.56863 0.74118
0.47059 0.56863 0.73725
0.46275 0.56078 0.72157
0.47059 0.56471 0.72549
0.47451 0.55686 0.72941
0.47451 0.56078 0.73333
0.47059 0.56471 0.72941
0.46667 0.56863 0.72549
0.47059 0.57255 0.73333
0.47059 0.56863 0.72941
0.45098 0.55294 0.73725
0.4549 0.54902 0.73333
0.46667 0.55294 0.73725
0.46275 0.55294 0.73333
0.45882 0.55294 0.73333
0.46275 0.55686 0.73725
0.45882 0.55294 0.72549
0.45882 0.55294 0.72549
0.46275 0.55686 0.72941
0.47059 0.56471 0.73725
0.46667 0.56078 0.73333
0.46667 0.56471 0.72157
0.47059 0.56863 0.72941
0.48235 0.57255 0.73725
0.47843 0.56471 0.73333
0.47451 0.56078 0.72549
0.48235 0.56863 0.73725
0.47451 0.56863 0.73333
0.47059 0.57255 0.72941
0.46275 0.56078 0.72157
0.46667 0.56471 0.72549
0.44706 0.55294 0.73725
0.4549 0.55294 0.73333
0.46667 0.55686 0.73725
0.46667 0.56078 0.74118
0.46667 0.56078 0.74118
0.46275 0.55686 0.73725
0.47059 0.56471 0.73725
0.47059 0.56471 0.73725
0.46275 0.55686 0.72941
0.46667 0.56078 0.73333
0.46275 0.55686 0.72941
0.45882 0.55686 0.71765
0.46667 0.56471 0.72941
0.48235 0.57255 0.7451
0.48235 0.56471 0.74118
0.47843 0.55686 0.72941
0.48235 0.56471 0.73333
0.48235 0.57255 0.73725
0.47843 0.57255 0.73725
0.46667 0.56471 0.72549
0.44706 0.55686 0.74118
0.43922 0.55294 0.74118
0.44706 0.55686 0.74118
0.44706 0.55294 0.72941
0.45882 0.55294 0.73333
0.47059 0.56471 0.74118
0.46667 0.56078 0.73725
0.46275 0.55686 0.73333
0.46667 0.56078 0.73333
0.47451 0.56863 0.74118
0.46667 0.56078 0.73333
0.47451 0.56863 0.74118
0.47843 0.56863 0.74118
0.46667 0.56471 0.72549
0.47059 0.56078 0.73333
0.47451 0.56471 0.73725
0.47451 0.56078 0.73725
0.47843 0.56471 0.73725
0.47843 0.57255 0.73333
0.44706 0.55294 0.73725
0.44706 0.55294 0.73725
0.44314 0.54902 0.73333
0.4549 0.56078 0.74118
0.45882 0.56078 0.73725
0.46275 0.55686 0.72941
0.46667 0.56078 0.73333
0.46667 0.56078 0.73333
0.4549 0.54902 0.72157
0.45882 0.55294 0.72549
0.46275 0.55686 0.72941
0.47451 0.56863 0.73333
0.47843 0.56863 0.73333
0.47451 0.56471 0.72941
0.47451 0.56471 0.73725
0.47059 0.56078 0.73333
0.46667 0.55686 0.72549
0.46667 0.55686 0.72157
0.47059 0.56471 0.72941
0.47451 0.57255 0.73333
0.46667 0.57255 0.73333
0.44314 0.54902 0.73333
0.45098 0.55686 0.74118
0.43922 0.5451 0.72941
0.44706 0.55294 0.73333
0.4549 0.55686 0.73333
0.46275 0.55686 0.73333
0.46275 0.55686 0.73333
0.46275 0.55686 0.73333
0.46275 0.55686 0.72941
0.46667 0.56078 0.73333
0.46667 0.56078 0.73333
0.47451 0.56471 0.73333
0.47451 0.56863 0.73725
0.47059 0.56471 0.73333
0.46667 0.55686 0.72941
0.47451 0.56471 0.73725
0.47843 0.56863 0.73333
0.47451 0.56471 0.72549
0.47451 0.56863 0.72941
0.47451 0.57255 0.73333
0.47059 0.57647 0.73333
0.47059 0.56863 0.72941
0.44706 0.55294 0.73725
0.44706 0.55294 0.73725
0.44314 0.54902 0.73333
0.44706 0.55294 0.72941
0.4549 0.55686 0.73333
0.45882 0.55294 0.73333
0.46275 0.55686 0.73725
0.46275 0.55686 0.73333
0.47059 0.56471 0.73725
0.46667 0.56078 0.73333
0.46667 0.56078 0.73333
0.47059 0.56471 0.73725
0.47451 0.56863 0.74118
0.47059 0.56471 0.73725
0.47451 0.56863 0.74118
0.47843 0.56471 0.73725
0.47451 0.56471 0.72941
0.47843 0.56863 0.73333
0.48235 0.57255 0.73725
0.47451 0.57255 0.73333
0.46667 0.57255 0.72941
0.47059 0.56863 0.72941
0.47059 0.56471 0.72549
0.47843 0.56863 0.73333
0.44314 0.54902 0.73333
0.4549 0.56078 0.7451
0.44314 0.54902 0.73333
0.44706 0.55294 0.73725
0.45098 0.55686 0.73725
0.45098 0.55294 0.73333
0.4549 0.55686 0.73725
0.45098 0.55294 0.73333
0.45882 0.56471 0.74118
0.4549 0.55686 0.72941
0.4549 0.55686 0.72549
0.46275 0.56863 0.73725
0.46275 0.56471 0.73333
0.46667 0.56078 0.73333
0.47843 0.56863 0.74118
0.47451 0.56471 0.73725
0.47451 0.56471 0.72941
0.47451 0.56863 0.73333
0.47451 0.57255 0.73333
0.47059 0.56863 0.72941
0.47843 0.57647 0.73725
0.48235 0.57647 0.74118
0.47451 0.56471 0.72941
0.47843 0.56863 0.73333
0.44706 0.55294 0.73333
0.45098 0.55686 0.73725
0.4549 0.56078 0.7451
0.45098 0.55686 0.74118
0.45098 0.56078 0.74118
0.44314 0.55294 0.72549
0.44706 0.55686 0.73333
0.45098 0.56078 0.73725
0.45882 0.56471 0.74118
0.44706 0.55686 0.72941
0.45098 0.55686 0.72549
0.46275 0.56863 0.73725
0.45882 0.56078 0.72941
0.45882 0.55294 0.72549
0.47059 0.56078 0.73333
0.47059 0.56471 0.73725
0.47451 0.56471 0.72941
0.47451 0.56863 0.73333
0.47059 0.56863 0.72941
0.47059 0.56863 0.72941
0.47451 0.56863 0.72941
0.47451 0.56471 0.72941
0.47843 0.56863 0.73333
0.44706 0.55294 0.73333
0.4549 0.56078 0.72941
0.45098 0.56078 0.72941
0.44706 0.55686 0.74118
0.44314 0.55294 0.73725
0.44706 0.56078 0.74118
0.45098 0.56471 0.73725
0.45098 0.56471 0.73725
0.44706 0.56078 0.73333
0.44706 0.56471 0.73725
0.45098 0.56471 0.73725
0.4549 0.56863 0.73333
0.4549 0.56078 0.72941
0.4549 0.56078 0.72941
0.47059 0.56471 0.73725
0.47451 0.56863 0.74118
0.47843 0.57255 0.7451
0.46667 0.56471 0.72941
0.47059 0.56471 0.72549
0.47843 0.56863 0.73333
0.47843 0.56863 0.73333
0.48235 0.57255 0.73725
0.47451 0.56471 0.72549
0.47843 0.56863 0.72941
0.44314 0.55294 0.73333
0.44706 0.56078 0.72941
0.45098 0.56078 0.73333
0.44706 0.56078 0.73725
0.44706 0.55686 0.73725
0.44706 0.55294 0.73725
0.44706 0.55686 0.73333
0.44706 0.55686 0.73333
0.45098 0.56078 0.73333
0.44706 0.56078 0.72549
0.45098 0.56471 0.72941
0.4549 0.56863 0.73333
0.45882 0.56078 0.73725
0.46667 0.56471 0.73725
0.46667 0.56078 0.72941
0.46667 0.56863 0.73333
0.46667 0.57255 0.73333
0.46667 0.57255 0.73333
0.46667 0.56863 0.72941
0.47451 0.56863 0.73333
0.48235 0.57255 0.73725
0.48235 0.57255 0.73725
0.47451 0.56471 0.72941
0.47843 0.56863 0.72941
0.44706 0.56078 0.73333
0.44706 0.56078 0.73333
0.45098 0.56471 0.73725
0.45098 0.56078 0.7451
0.45098 0.56078 0.7451
0.44706 0.55294 0.72941
0.4549 0.55686 0.73725
0.4549 0.56078 0.73725
0.44706 0.55686 0.72549
0.45098 0.56471 0.72941
0.4549 0.56863 0.73333
0.46275 0.56078 0.74118
0.47059 0.56471 0.74118
0.46667 0.56078 0.72941
0.46275 0.56863 0.72941
0.45882 0.57255 0.72941
0.4549 0.56863 0.72549
0.46275 0.56863 0.72549
0.47059 0.56863 0.72941
0.47843 0.56863 0.73333
0.47843 0.56863 0.73333
0.48235 0.57255 0.73725
0.47843 0.57255 0.73333
0.44314 0.55686 0.72941
0.44706 0.56078 0.73333
0.44706 0.56078 0.73333
0.43922 0.54902 0.73333
0.44706 0.55686 0.73725
0.4549 0.56078 0.73725
0.45098 0.55686 0.73333
0.45098 0.56078 0.73725
0.4549 0.56078 0.73725
0.4549 0.56078 0.73725
0.4549 0.56078 0.73725
0.4549 0.56078 0.73725
0.45882 0.56471 0.73725
0.46275 0.56863 0.73333
0.46275 0.57255 0.72941
0.46275 0.57255 0.72941
0.45882 0.56863 0.72549
0.46275 0.56863 0.72549
0.47451 0.57255 0.73333
0.47059 0.56471 0.72549
0.47843 0.56863 0.73333
0.48235 0.57255 0.73725
0.44314 0.55294 0.72941
0.44706 0.55686 0.72941
0.44314 0.55294 0.72941
0.45098 0.55686 0.73725
0.4549 0.56078 0.73333
0.45882 0.55686 0.72941
0.45882 0.55686 0.73333
0.45882 0.55294 0.73333
0.4549 0.55294 0.73333
0.4549 0.56078 0.73725
0.4549 0.56078 0.73333
0.45882 0.56471 0.73725
0.46275 0.56863 0.73333
0.46275 0.56863 0.72941
0.46667 0.57255 0.72941
0.47059 0.57647 0.73333
0.46667 0.56863 0.72941
0.47059 0.56863 0.73333
0.47059 0.56078 0.72941
0.47059 0.56078 0.72941
0.4549 0.56078 0.73725
0.45098 0.55686 0.73333
0.4549 0.55686 0.73333
0.45098 0.55686 0.73333
0.45882 0.56078 0.72941
0.47059 0.56078 0.73333
0.46667 0.55686 0.72941
0.46667 0.54902 0.73333
0.46275 0.55294 0.73725
0.46667 0.56863 0.7451
0.45882 0.56471 0.73333
0.45882 0.56471 0.73333
0.46275 0.56471 0.73725
0.45882 0.56078 0.72549
0.46667 0.56471 0.72549
0.47059 0.56863 0.72941
0.47059 0.56471 0.72941
0.47059 0.56471 0.73725
0.47059 0.56078 0.73333
0.48235 0.57255 0.74118
0.45098 0.55686 0.73333
0.44706 0.55294 0.72941
0.44706 0.55294 0.72941
0.46275 0.56471 0.73333
0.46667 0.55686 0.72941
0.46275 0.55294 0.72941
0.46667 0.55294 0.73725
0.46667 0.56078 0.74118
0.46275 0.56471 0.74118
0.46667 0.56471 0.73725
0.46667 0.56471 0.73725
0.46275 0.55686 0.72941
0.46667 0.56471 0.72941
0.47059 0.56863 0.72941
0.47059 0.56863 0.72941
0.47451 0.57255 0.73725
0.47451 0.56471 0.74118
0.47451 0.56471 0.73725
0.48235 0.57255 0.74118
0.45098 0.55686 0.72941
0.45882 0.55686 0.72941
0.47059 0.56078 0.73333
0.47059 0.56078 0.73333
0.47059 0.55686 0.73725
0.46667 0.55686 0.73725
0.46667 0.56471 0.74118
0.46667 0.56078 0.73725
0.46667 0.56078 0.73333
0.46667 0.55686 0.72941
0.46667 0.56078 0.72549
0.47451 0.56863 0.72941
0.47059 0.56863 0.72941
0.47451 0.56863 0.73333
0.47451 0.56471 0.73725
0.47451 0.56471 0.73725
0.45882 0.56078 0.73725
0.45882 0.55294 0.73333
0.47059 0.56471 0.73725
0.47843 0.56471 0.73725
0.46667 0.55686 0.72941
0.46667 0.56078 0.73333
0.46667 0.56078 0.73333
0.46275 0.55686 0.73725
0.46275 0.55686 0.73333
0.46667 0.56078 0.72941
0.47451 0.56471 0.72941
0.47843 0.56863 0.73333
0.47059 0.56078 0.72549
0.47451 0.56078 0.72549
0.44706 0.56078 0.73333
0.45882 0.56863 0.74118
0.45098 0.55686 0.73333
0.45882 0.55294 0.72941
0.46275 0.55294 0.72549
0.46667 0.55686 0.72941
0.46275 0.55686 0.72941
0.46667 0.56078 0.73333
0.47059 0.56471 0.7451
0.46667 0.56078 0.73725
0.47059 0.56471 0.73333
0.47059 0.56471 0.72941
0.47451 0.56471 0.72941
0.46667 0.55686 0.72157
0.44706 0.55686 0.72941
0.45882 0.56078 0.73333
0.46275 0.56078 0.72941
0.47059 0.56471 0.73725
0.45882 0.55294 0.72549
0.46275 0.55686 0.72941
0.46667 0.56078 0.73725
0.46667 0.56078 0.73725
0.47451 0.57255 0.73725
0.47059 0.56471 0.72941
0.45098 0.56471 0.73725
0.45098 0.56078 0.72941
0.45882 0.56471 0.72941
0.46275 0.56078 0.72941
0.46275 0.55686 0.72941
0.46275 0.55686 0.72941
0.46275 0.55686 0.73725
0.47059 0.56471 0.74118
0.45882 0.56471 0.73333
0.46667 0.56078 0.73333
0.47059 0.56471 0.74118
0.46667 0.56078 0.73725
0.46667 0.56471 0.73333
0.46275 0.55686 0.73333
0.46275 0.56078 0.72941
0.45882 0.56078 0.73333
0.47451 0.56863 0.74118
0.47843 0.56863 0.74118
0.4549 0.55686 0.72549
