0.12549 0.18824 0.2902
0.12549 0.18824 0.2902
0.12549 0.18824 0.29804
0.12941 0.19216 0.29412
0.12549 0.18824 0.2902
0.12549 0.18824 0.2902
0.12157 0.18039 0.29412
0.12549 0.18431 0.29412
0.12549 0.18824 0.2902
0.12157 0.18431 0.28627
0.12549 0.18824 0.2902
0.12941 0.18824 0.29412
0.12157 0.17647 0.28235
0.12157 0.18039 0.29412
0.12157 0.18039 0.29412
0.12941 0.18824 0.30196
0.12549 0.18431 0.29804
0.12157 0.18431 0.29412
0.11765 0.18039 0.29412
0.12157 0.18039 0.2902
0.11373 0.17255 0.28627
0.12157 0.18039 0.29804
0.12941 0.18824 0.30588
0.12157 0.18039 0.29804
0.12549 0.18824 0.30196
0.11765 0.18039 0.29412
0.12157 0.18039 0.29412
0.12157 0.18039 0.29804
0.11765 0.17647 0.29804
0.12549 0.18431 0.30588
0.12941 0.18824 0.3098
0.11765 0.18431 0.29804
0.11765 0.18431 0.2902
0.1098 0.17255 0.2902
0.12941 0.19216 0.3098
0.12941 0.19216 0.30588
0.1098 0.18039 0.28235
0.12941 0.19608 0.30196
0.13333 0.2 0.30588
0.16078 0.20784 0.30196
