0.19216 0.2902 0.41961
0.18039 0.2902 0.41961
0.18431 0.28627 0.41569
0.18431 0.28627 0.41569
0.17647 0.2902 0.41569
0.18431 0.29412 0.41961
0.19216 0.29412 0.42353
0.18039 0.28235 0.41176
0.17647 0.28627 0.41176
0.18431 0.2902 0.41569
0.18431 0.28627 0.41569
0.17255 0.27843 0.40784
0.16863 0.27843 0.40392
0.17647 0.27843 0.40784
0.18824 0.2902 0.41961
0.18039 0.28235 0.41176
0.19216 0.29412 0.42353
0.17255 0.28627 0.41176
0.17255 0.28235 0.41176
0.18039 0.28235 0.41176
0.18039 0.28235 0.41176
0.18039 0.28235 0.41176
0.19216 0.29412 0.42353
0.17647 0.28627 0.41569
0.17647 0.27843 0.40784
0.18824 0.2902 0.41961
0.17647 0.27843 0.40784
0.18824 0.2902 0.41569
0.17647 0.27843 0.40784
0.18431 0.2902 0.41569
0.17647 0.28627 0.4
0.18431 0.2902 0.40392
0.18824 0.29412 0.41176
