0.13725 0.19608 0.32549
0.14902 0.20784 0.33725
0.15686 0.21569 0.3451
0.13725 0.19216 0.31765
0.14902 0.20392 0.32941
0.15294 0.21569 0.33725
0.14118 0.21176 0.32549
0.12941 0.19608 0.3098
0.14902 0.20784 0.32549
0.15294 0.21176 0.32941
0.14118 0.20392 0.32549
0.1451 0.20784 0.33333
0.13333 0.19608 0.32157
0.12941 0.19216 0.32157
0.14118 0.20392 0.33333
0.14118 0.20392 0.33333
0.12941 0.19216 0.31765
0.1451 0.20392 0.33333
0.12549 0.2 0.32157
0.13333 0.19608 0.31765
0.13725 0.19608 0.31765
0.16471 0.21961 0.34118
