0.18039 0.18824 0.07451
0.18431 0.19608 0.082353
0.2 0.21176 0.098039
0.23137 0.23137 0.16471
0.19216 0.19216 0.10588
0.24314 0.24706 0.12941
0.31765 0.32941 0.21176
0.14902 0.14902 0.082353
0.21569 0.23137 0.14902
0.19216 0.21569 0.098039
0.20784 0.22745 0.1098
0.18824 0.19608 0.1098
0.11373 0.12157 0.05098
0.16471 0.16863 0.094118
0.17647 0.19216 0.11765
0.22353 0.24706 0.14118
0.15294 0.18431 0.070588
0.12157 0.13725 0.047059
0.1451 0.15686 0.082353
0.12941 0.14118 0.066667
0.26275 0.2549 0.16471
0.21961 0.24314 0.1451
0.17647 0.20784 0.082353
0.11373 0.15294 0.047059
0.14118 0.16078 0.07451
0.12549 0.14118 0.062745
0.14118 0.16078 0.070588
0.39216 0.39608 0.31373
0.17255 0.20392 0.1098
0.19216 0.22353 0.12157
0.12941 0.16078 0.066667
0.13725 0.17255 0.078431
0.1451 0.16078 0.082353
0.27843 0.2902 0.20392
0.11373 0.1451 0.05098
0.1451 0.16471 0.078431
0.18039 0.18431 0.1098
0.1098 0.12941 0.043137
0.21569 0.21961 0.1451
0.42353 0.43137 0.36471
