0.8549 0.82745 0.77255
0.8549 0.82745 0.77255
0.85882 0.83137 0.78039
0.85098 0.82745 0.77255
0.85098 0.82745 0.77255
0.8549 0.83137 0.77647
0.85882 0.83137 0.77647
0.84706 0.81961 0.78431
0.84314 0.81961 0.77255
0.85098 0.82745 0.77647
0.8549 0.82745 0.77255
0.85882 0.82745 0.77647
0.8 0.77647 0.73725
0.82745 0.80392 0.75294
0.83529 0.81176 0.75686
0.83137 0.78431 0.72157
0.81176 0.78824 0.76078
0.82353 0.8 0.7451
0.83529 0.80784 0.75294
0.74902 0.72157 0.70196
0.81569 0.78431 0.74902
0.82745 0.79216 0.74118
0.7098 0.67451 0.63922
