0.32157 0.68627 0.88235
0.32157 0.68235 0.88235
0.32549 0.68627 0.88627
0.32941 0.6902 0.88627
0.3098 0.67843 0.87451
0.31765 0.68627 0.88235
0.31373 0.68235 0.88235
0.30196 0.67843 0.87451
0.3098 0.68235 0.88235
0.31373 0.67451 0.87451
0.30588 0.67451 0.87451
0.3098 0.68235 0.87843
0.3098 0.68627 0.88235
0.30196 0.67451 0.87059
0.3098 0.67843 0.87843
0.31765 0.68235 0.88235
0.33333 0.69412 0.89412
0.31765 0.68235 0.87843
0.31765 0.67843 0.87843
0.31373 0.67843 0.87843
0.30588 0.68235 0.87843
0.30588 0.68627 0.88235
0.30588 0.68235 0.88235
0.30588 0.67843 0.87451
0.31373 0.67843 0.87843
0.32549 0.65882 0.84314
0.30588 0.68235 0.88235
0.32941 0.68235 0.87451
0.32941 0.6902 0.88627
0.31765 0.68235 0.87843
0.30588 0.67843 0.87059
0.31373 0.68627 0.87843
0.31373 0.68627 0.88235
0.31765 0.68235 0.88627
0.26275 0.51373 0.68627
0.33333 0.6902 0.89804
0.31765 0.67843 0.86667
0.32549 0.67843 0.87451
0.32157 0.68235 0.87451
0.31765 0.68235 0.87451
0.32157 0.69412 0.88235
0.32157 0.6902 0.8902
0.32549 0.69412 0.89804
0.32549 0.6902 0.89412
0.19608 0.35294 0.5098
0.3451 0.64706 0.83922
0.31765 0.68627 0.87451
0.32941 0.68235 0.87451
0.32941 0.6902 0.88235
0.32157 0.68627 0.87843
0.32157 0.69412 0.88235
0.32157 0.6902 0.8902
0.25882 0.50196 0.67059
0.34902 0.6902 0.8902
0.32549 0.67843 0.87451
0.32549 0.67843 0.87451
0.31765 0.68235 0.87451
0.31373 0.68627 0.87843
0.18824 0.34118 0.48627
0.33333 0.61961 0.81961
0.32157 0.68235 0.88235
0.31765 0.67843 0.87451
0.21176 0.43922 0.61569
