0.21961 0.51765 0.71373
0.21176 0.5098 0.70588
0.22353 0.52157 0.71765
0.22745 0.52549 0.72157
0.21961 0.51765 0.71373
0.21569 0.51373 0.71765
0.20784 0.5098 0.71373
0.23137 0.52941 0.72549
0.23137 0.52941 0.72549
0.22353 0.52157 0.71765
0.22353 0.51765 0.72157
0.21569 0.51373 0.71765
0.22745 0.52941 0.72157
0.22353 0.52157 0.72549
0.21569 0.51765 0.72157
0.20392 0.51765 0.71765
0.2 0.51373 0.71373
0.22745 0.52941 0.73333
0.20784 0.51765 0.71765
0.2 0.51765 0.71765
0.19216 0.5098 0.7098
0.21176 0.52549 0.72549
0.20392 0.51765 0.71765
0.19608 0.51765 0.71373
0.2 0.51765 0.72157
0.2 0.51765 0.72549
