0.34902 0.6902 0.87843
0.34118 0.69412 0.8902
0.3451 0.6902 0.87843
0.34902 0.68627 0.87451
0.32941 0.68627 0.8902
0.32941 0.68627 0.8902
0.33333 0.69412 0.89412
0.3451 0.69412 0.8902
0.3451 0.6902 0.87843
0.33725 0.6902 0.8902
0.32941 0.6902 0.8902
0.32549 0.68627 0.88627
0.32941 0.6902 0.8902
0.32941 0.68627 0.88627
0.33725 0.68627 0.88235
0.34118 0.6902 0.87843
0.32549 0.67451 0.86275
0.32941 0.68627 0.88235
0.32941 0.6902 0.8902
0.32549 0.68627 0.88627
0.32941 0.6902 0.8902
0.32549 0.68627 0.88627
0.32549 0.68235 0.87843
0.32941 0.67843 0.87451
0.34118 0.68627 0.87451
0.32549 0.68235 0.87843
0.32549 0.68627 0.88235
0.32941 0.6902 0.89412
0.32549 0.6902 0.8902
0.32157 0.69412 0.89412
0.32549 0.6902 0.8902
0.32941 0.68627 0.88627
0.32941 0.68627 0.88235
0.32549 0.68235 0.87451
0.32941 0.6902 0.88235
0.32941 0.69412 0.88627
0.31765 0.68627 0.8902
0.31765 0.69412 0.89412
0.31373 0.6902 0.88627
0.3098 0.68627 0.88235
0.31765 0.68627 0.88627
0.32157 0.68627 0.88627
0.32549 0.6902 0.87451
0.32157 0.69412 0.88235
0.3098 0.68235 0.88627
0.3098 0.68235 0.88235
0.3098 0.68627 0.88235
0.30196 0.68235 0.88235
