0.54902 0.62353 0.72157
0.54902 0.62745 0.72157
0.5451 0.61961 0.71765
0.5451 0.61961 0.71373
0.5451 0.61961 0.71373
0.5451 0.62353 0.72157
0.5451 0.62353 0.72157
0.54118 0.61961 0.71765
0.5451 0.62353 0.71765
0.54902 0.62353 0.71765
0.5451 0.61569 0.71373
0.5451 0.62353 0.72157
0.5451 0.62353 0.72157
0.54118 0.61961 0.71765
0.5451 0.62353 0.71765
0.54902 0.62353 0.71765
0.55294 0.62353 0.72549
0.54902 0.62353 0.72157
0.54902 0.62353 0.72157
0.54118 0.61961 0.71373
0.54118 0.61961 0.7098
0.54902 0.61569 0.71765
