0.20392 0.29804 0.47059
0.19608 0.2902 0.46275
0.19216 0.2902 0.45882
0.20784 0.30196 0.47059
0.20392 0.29804 0.47059
0.19608 0.2902 0.46275
0.20784 0.30588 0.47843
0.20392 0.29804 0.47059
0.20392 0.29804 0.47059
0.19608 0.2902 0.46275
0.18824 0.28627 0.4549
0.20784 0.30196 0.47451
0.2 0.29412 0.46667
0.19608 0.2902 0.46275
0.18824 0.28627 0.4549
0.20784 0.30588 0.47451
0.20392 0.29804 0.47059
0.19216 0.28627 0.45882
0.18824 0.28627 0.4549
0.20392 0.29804 0.47059
0.18824 0.28235 0.4549
0.19216 0.28627 0.45882
0.20784 0.30588 0.47451
0.20392 0.30196 0.47059
0.2 0.29804 0.46275
0.20784 0.30196 0.47451
0.20392 0.30196 0.47059
