0.19216 0.28235 0.40392
0.19608 0.2902 0.40392
0.20784 0.30196 0.41569
0.19216 0.28627 0.39608
0.20392 0.29804 0.40784
0.2 0.2902 0.40392
0.20392 0.29804 0.40784
0.20392 0.29804 0.40784
0.2 0.29412 0.40392
0.19608 0.2902 0.4
0.20392 0.29804 0.40784
0.19216 0.28235 0.39608
0.21569 0.30588 0.41569
0.20784 0.30196 0.41176
0.2 0.29412 0.40392
0.18824 0.28235 0.39216
0.19608 0.2902 0.4
0.2 0.29412 0.40784
0.20784 0.30196 0.41569
0.21176 0.30588 0.41961
0.2 0.29804 0.40784
0.2 0.29412 0.40784
0.20784 0.30196 0.41961
