0.95686 0.83922 0.69804
0.96078 0.84314 0.70196
0.96471 0.84706 0.70588
0.96078 0.84314 0.70196
0.96863 0.85098 0.7098
0.96078 0.84314 0.70196
0.96471 0.84706 0.70588
0.96078 0.84314 0.70196
0.96471 0.84706 0.70588
0.95686 0.84314 0.70588
0.96078 0.84314 0.70588
0.96471 0.84706 0.70588
0.96863 0.85098 0.7098
0.96471 0.84706 0.70588
0.96471 0.84706 0.70588
0.96863 0.85098 0.7098
0.96471 0.84706 0.70588
0.95686 0.83922 0.70588
0.96078 0.84314 0.7098
0.96078 0.84314 0.70196
0.96471 0.84706 0.70588
0.96863 0.85098 0.7098
0.96471 0.84706 0.70588
0.96078 0.84314 0.70196
0.96078 0.84314 0.70196
0.95686 0.84314 0.7098
0.95294 0.83529 0.70196
0.95686 0.83922 0.70196
0.96863 0.85098 0.70588
0.96863 0.85098 0.7098
0.96863 0.85098 0.7098
0.96078 0.84314 0.70196
0.96078 0.84314 0.70196
0.96078 0.84314 0.7098
0.95686 0.83922 0.70588
0.96078 0.84314 0.70196
0.96471 0.84706 0.70588
0.96471 0.84706 0.70588
0.96471 0.84706 0.70588
0.96078 0.84314 0.70196
0.96078 0.84314 0.70196
0.96471 0.84706 0.71373
0.96078 0.84314 0.7098
0.96078 0.84314 0.70588
0.96471 0.84706 0.70588
0.96471 0.84706 0.70588
0.96471 0.84706 0.70588
0.96078 0.84314 0.70196
0.96078 0.84314 0.70196
0.96863 0.85098 0.7098
0.96471 0.84706 0.7098
0.96471 0.84706 0.70588
0.95686 0.83922 0.69804
0.96471 0.84706 0.70588
0.96078 0.84314 0.70196
0.96471 0.84706 0.70588
0.96078 0.84314 0.70196
0.96863 0.85098 0.7098
0.96471 0.84706 0.70588
0.96471 0.84706 0.70588
0.96078 0.84314 0.70196
0.96471 0.84706 0.70588
0.96471 0.84706 0.70588
0.96471 0.84706 0.70588
0.96078 0.84314 0.70196
0.96471 0.84706 0.70588
0.95686 0.83922 0.69804
0.96078 0.84314 0.70196
0.96078 0.84314 0.70196
0.96863 0.85098 0.7098
0.96078 0.84314 0.70196
0.96078 0.84314 0.70196
0.96471 0.84706 0.70588
0.95686 0.83922 0.69804
0.96471 0.84706 0.70588
0.95686 0.83922 0.69804
0.95686 0.83922 0.69804
0.96078 0.84314 0.70196
0.96471 0.84706 0.70588
0.96471 0.84706 0.70588
0.96078 0.84314 0.70196
0.96078 0.84314 0.70196
0.96078 0.84314 0.70196
0.96078 0.84314 0.70196
0.96863 0.85098 0.7098
0.96078 0.84314 0.70196
0.96471 0.84706 0.70588
0.96078 0.84314 0.70196
0.96471 0.84706 0.70588
0.96471 0.84706 0.70588
0.96078 0.84314 0.70196
0.95294 0.83529 0.69804
0.96078 0.84314 0.70196
0.95686 0.83922 0.69804
0.96471 0.84706 0.70588
0.95686 0.83922 0.70196
0.96078 0.84314 0.70196
0.95686 0.83922 0.69804
0.96078 0.84314 0.70196
0.96471 0.84706 0.70588
0.96078 0.84314 0.70196
0.96471 0.8549 0.70196
0.9451 0.82353 0.68235
0.94902 0.83137 0.6902
0.95686 0.83922 0.69804
0.96078 0.84314 0.70196
0.95686 0.83922 0.69412
0.95686 0.83922 0.69804
0.95686 0.83922 0.69804
0.95686 0.83922 0.69804
0.96078 0.84314 0.70588
0.96471 0.84706 0.7098
0.98039 0.86667 0.71373
0.95686 0.83137 0.6902
0.94902 0.83137 0.6902
0.95686 0.83922 0.69804
0.96471 0.84706 0.70196
0.95686 0.83922 0.69412
0.95686 0.83922 0.6902
0.96078 0.84314 0.69412
0.96078 0.84314 0.7098
0.96471 0.84706 0.71373
0.96078 0.84314 0.7098
0.94118 0.83137 0.70196
0.96078 0.83922 0.69412
0.9451 0.82745 0.68627
0.95686 0.83922 0.69804
0.96863 0.85098 0.7098
0.96078 0.84314 0.70196
0.96078 0.84314 0.69804
0.96471 0.84706 0.70196
0.96078 0.84314 0.70588
0.96078 0.84314 0.7098
0.96078 0.84314 0.71373
