0.14902 0.45098 0.6549
0.13333 0.43529 0.63922
0.12941 0.43137 0.63529
0.14118 0.45098 0.6549
0.12941 0.43137 0.63529
0.13333 0.43137 0.63529
0.14118 0.4549 0.6549
0.13725 0.43922 0.64314
0.1451 0.44314 0.64706
0.14902 0.43922 0.63922
0.14118 0.42745 0.62353
0.15686 0.47059 0.67059
0.14902 0.45098 0.6549
0.15294 0.45098 0.6549
0.15294 0.43922 0.64314
0.15686 0.44314 0.63922
0.15294 0.44314 0.63529
0.17255 0.48235 0.68627
0.16471 0.46667 0.67059
0.16078 0.45882 0.66275
0.16471 0.4549 0.65882
0.16078 0.44706 0.65098
0.15686 0.44314 0.64314
0.18431 0.48627 0.6902
0.16078 0.4549 0.65882
0.15686 0.45098 0.64706
0.20392 0.50196 0.70588
