0.50588 0.6 0.73333
0.50588 0.6 0.73333
0.5098 0.6 0.72941
0.49804 0.59216 0.72549
0.50196 0.59608 0.72941
0.50588 0.6 0.73333
0.50196 0.59608 0.72941
0.50196 0.59216 0.72549
0.5098 0.6 0.73333
0.51373 0.6 0.72941
0.49804 0.59216 0.72549
0.50196 0.59608 0.72941
0.50588 0.59608 0.72941
0.5098 0.6 0.73333
0.50588 0.59608 0.72941
0.5098 0.6 0.72941
0.5098 0.59608 0.72549
0.51373 0.60784 0.74118
0.50588 0.6 0.73333
0.50196 0.59608 0.72549
0.51373 0.60392 0.73333
0.5098 0.6 0.72941
0.5098 0.6 0.72941
0.5098 0.6 0.72941
0.50196 0.59216 0.71765
0.5098 0.6 0.72941
