0.24314 0.32157 0.44706
0.23529 0.31373 0.44314
0.23922 0.31765 0.44314
0.24314 0.32549 0.44706
0.23922 0.31765 0.44314
0.22745 0.3098 0.43922
0.25098 0.32549 0.45098
0.23922 0.32157 0.44314
0.23529 0.31765 0.43922
0.22353 0.30588 0.42745
0.22353 0.3098 0.43529
0.24314 0.31765 0.44706
0.23529 0.31373 0.44314
0.23529 0.31765 0.44314
0.24314 0.32157 0.44706
0.22745 0.3098 0.43529
0.21176 0.29804 0.42353
0.24314 0.32157 0.45098
0.23137 0.3098 0.43922
0.25098 0.32941 0.45882
0.24706 0.32549 0.4549
0.23137 0.3098 0.43922
0.23529 0.31373 0.44314
0.22353 0.30588 0.43529
0.21961 0.31373 0.44314
0.25098 0.32549 0.4549
0.25098 0.32549 0.4549
0.2549 0.32941 0.45882
0.24314 0.32157 0.45098
0.22353 0.30196 0.43137
0.22745 0.30196 0.43137
0.22353 0.3098 0.43529
0.21176 0.30196 0.43529
