0.36863 0.43137 0.56471
0.3451 0.41569 0.55686
0.34118 0.41569 0.56078
0.36078 0.42353 0.55686
0.36078 0.42745 0.56471
0.34118 0.41176 0.55686
0.37255 0.43529 0.56471
0.36471 0.43137 0.56471
0.34118 0.41176 0.55294
0.32941 0.40784 0.54902
0.38039 0.44314 0.57647
0.36863 0.43529 0.56471
0.34118 0.41569 0.55294
0.33333 0.41176 0.54902
0.37255 0.43529 0.56863
0.36471 0.43137 0.56471
0.33725 0.41176 0.54902
0.33333 0.41569 0.55686
0.36471 0.42745 0.56471
0.37255 0.43922 0.57647
0.36078 0.42353 0.56471
0.35686 0.42745 0.56863
0.36078 0.42353 0.56078
0.35686 0.41961 0.56078
0.3451 0.40784 0.54902
0.34118 0.40784 0.55294
0.36471 0.42745 0.56471
0.35686 0.41961 0.56078
0.35294 0.41569 0.55686
0.35294 0.41961 0.56078
0.36078 0.42353 0.56471
