0.34118 0.43922 0.55686
0.3451 0.43922 0.56078
0.33333 0.43529 0.56863
0.33725 0.42353 0.5451
0.33333 0.43137 0.56471
0.38824 0.46275 0.58431
0.33725 0.42745 0.55294
0.33333 0.44314 0.56863
0.36863 0.44314 0.56471
0.33725 0.42745 0.55294
0.32941 0.43922 0.56471
0.38824 0.46275 0.58431
0.33725 0.42745 0.54902
0.33333 0.44314 0.56863
0.37255 0.4549 0.57255
0.34902 0.43529 0.56078
0.32941 0.43922 0.56863
0.37647 0.4549 0.58039
0.35294 0.43529 0.56863
0.33725 0.45098 0.58431
0.37647 0.4549 0.58039
0.34118 0.42353 0.56471
0.31765 0.42745 0.56863
0.36078 0.45098 0.57647
0.31373 0.42353 0.56863
0.32157 0.42745 0.56863
