0.26667 0.37255 0.5098
0.26667 0.38039 0.52941
0.25882 0.37647 0.52549
0.27059 0.37255 0.50588
0.27059 0.38039 0.52941
0.25882 0.37647 0.52549
0.24706 0.3451 0.46667
0.27059 0.36863 0.5098
0.27451 0.38824 0.53725
0.26667 0.38431 0.53333
0.25098 0.33725 0.47059
0.23529 0.32941 0.46275
0.27059 0.36471 0.51373
0.26667 0.37647 0.52941
0.25882 0.37647 0.52549
0.26667 0.34902 0.48627
0.2549 0.34118 0.47843
0.24706 0.33725 0.47843
0.26667 0.37255 0.52157
0.26275 0.38039 0.53333
0.25882 0.38039 0.53333
0.34118 0.42745 0.55686
0.32941 0.42745 0.56471
0.32157 0.41176 0.55294
0.29412 0.36863 0.5098
0.25882 0.33725 0.47451
0.24314 0.32549 0.46275
0.23137 0.32549 0.46667
0.25882 0.37255 0.52157
0.26667 0.38824 0.54118
0.25098 0.38039 0.53333
0.24314 0.36863 0.52157
0.35686 0.43529 0.56078
0.34902 0.43137 0.56471
0.32941 0.41569 0.5451
0.31373 0.38824 0.52549
0.2549 0.3451 0.47843
0.22745 0.31373 0.44314
0.21569 0.3098 0.44314
0.24706 0.36078 0.50588
0.2549 0.38039 0.52941
0.24706 0.37255 0.52549
0.24314 0.36863 0.52157
0.35686 0.43529 0.56078
0.34902 0.42745 0.55294
0.33725 0.41569 0.5451
0.26667 0.35294 0.48627
0.23922 0.31765 0.45098
0.21569 0.3098 0.44314
0.25098 0.36471 0.50588
0.26275 0.38824 0.53725
0.25882 0.38824 0.53725
0.25098 0.37647 0.52941
0.38824 0.46275 0.58824
0.39608 0.47059 0.6
0.38824 0.46275 0.59216
0.37647 0.45098 0.57647
0.36471 0.43922 0.56471
0.26667 0.34118 0.47059
0.23529 0.31373 0.45098
0.22353 0.3098 0.4549
0.25098 0.36078 0.50588
0.26275 0.39216 0.52941
0.25098 0.38039 0.52941
0.24706 0.36863 0.52157
0.24314 0.35686 0.5098
0.36863 0.44706 0.57255
0.36078 0.43529 0.56471
0.37255 0.44706 0.57647
0.39608 0.47059 0.59608
0.38824 0.46275 0.58824
0.27451 0.34902 0.48235
0.23922 0.32941 0.46275
0.22745 0.31373 0.45882
0.25882 0.36078 0.50588
0.27451 0.39216 0.53333
0.25882 0.38039 0.52941
0.24706 0.36471 0.51765
0.25098 0.36863 0.52157
0.24314 0.36078 0.5098
0.38039 0.4549 0.58039
0.37255 0.44706 0.57647
0.35686 0.43137 0.56078
0.38824 0.46275 0.58824
0.37647 0.45098 0.58039
0.26667 0.3451 0.47451
0.23529 0.32549 0.45882
0.24314 0.33333 0.47451
0.26275 0.36471 0.5098
0.27843 0.38824 0.53333
0.25882 0.37255 0.52549
0.24314 0.36078 0.51765
0.24314 0.36471 0.51765
0.23922 0.36078 0.5098
0.23529 0.35686 0.50588
0.39216 0.45882 0.58431
0.36078 0.43137 0.56078
0.35686 0.43137 0.56078
0.38824 0.46275 0.58824
0.36863 0.44706 0.57647
0.26275 0.34902 0.47843
0.24706 0.33333 0.47059
0.23922 0.32941 0.46275
0.26275 0.36863 0.5098
0.27059 0.38431 0.53725
0.25882 0.37255 0.53333
0.25098 0.36471 0.52157
0.24314 0.36471 0.51765
0.23529 0.36078 0.5098
0.23922 0.36078 0.5098
0.23137 0.34902 0.49804
0.39608 0.46275 0.57647
0.37255 0.44706 0.56863
0.36078 0.43529 0.56078
0.38824 0.46275 0.58824
0.37647 0.4549 0.58431
0.26667 0.35294 0.48235
0.23529 0.32157 0.46275
0.22353 0.31373 0.44706
0.25098 0.35686 0.49804
0.27451 0.38824 0.5451
0.27451 0.38824 0.5451
0.2549 0.36863 0.52549
0.24314 0.36863 0.51765
0.23137 0.36078 0.5098
0.22745 0.34902 0.50196
0.22745 0.3451 0.49804
0.40392 0.47059 0.58431
0.38431 0.45882 0.57647
0.37647 0.45098 0.57647
0.41961 0.49412 0.61961
0.4 0.47843 0.60392
0.26667 0.35686 0.48235
0.23529 0.32549 0.46275
0.23529 0.32549 0.45882
0.25098 0.35686 0.49804
0.27451 0.39216 0.5451
0.27059 0.38431 0.54118
0.25882 0.37647 0.53333
0.24314 0.36863 0.52157
0.23137 0.36078 0.5098
0.22745 0.3451 0.49804
0.23137 0.34118 0.49804
0.22745 0.34118 0.49804
0.22353 0.34118 0.4902
0.39608 0.47059 0.58431
0.38039 0.4549 0.57647
0.37647 0.45098 0.57647
0.38431 0.46275 0.58824
0.38431 0.47059 0.59216
0.27843 0.37255 0.50588
0.23529 0.32549 0.45882
0.24706 0.33725 0.46275
0.25098 0.36471 0.49412
0.26275 0.38824 0.53725
0.2549 0.38431 0.53333
0.24314 0.37647 0.52157
0.23137 0.36471 0.5098
0.22353 0.35294 0.50196
0.22745 0.3451 0.50196
0.23137 0.34902 0.50196
0.21569 0.34118 0.49412
0.21569 0.33725 0.48627
0.39216 0.46667 0.58431
0.37647 0.45098 0.57647
0.37255 0.44706 0.57647
0.37647 0.4549 0.58431
0.37647 0.47059 0.59216
0.32157 0.42745 0.56471
0.23922 0.34118 0.47451
0.23922 0.33725 0.46667
0.25882 0.37255 0.5098
0.27451 0.39608 0.5451
0.25882 0.38824 0.53725
0.24314 0.38039 0.52549
0.23137 0.36863 0.51373
0.23137 0.36078 0.5098
0.22745 0.3451 0.50196
0.22745 0.3451 0.49804
0.22353 0.34902 0.50196
0.21176 0.33725 0.48627
0.20784 0.33333 0.48235
0.20784 0.33333 0.48627
0.4 0.47451 0.59216
0.37255 0.44314 0.56471
0.37255 0.44706 0.57647
0.37255 0.44314 0.58431
0.36863 0.46275 0.59216
0.33333 0.45098 0.58824
0.29804 0.41176 0.54902
0.24706 0.34902 0.48235
0.27059 0.38039 0.52549
0.27451 0.39216 0.54118
0.25882 0.38039 0.52941
0.23529 0.36863 0.51373
0.23922 0.37255 0.51765
0.23137 0.36078 0.51373
0.23137 0.35294 0.50588
0.23137 0.34902 0.50196
0.22353 0.34902 0.50196
0.21176 0.33725 0.48627
0.20784 0.33333 0.48235
0.20784 0.33333 0.48627
0.20784 0.32941 0.47451
0.20784 0.32549 0.46667
0.21176 0.32941 0.47059
0.38824 0.46667 0.58039
0.36863 0.45098 0.56863
0.34902 0.43529 0.55686
0.35686 0.43922 0.57647
0.36471 0.45882 0.6
0.32549 0.45098 0.59216
0.31373 0.43922 0.58431
0.28627 0.40784 0.54902
0.27451 0.39608 0.5451
0.26667 0.38824 0.53725
0.26275 0.38431 0.53333
0.24706 0.37255 0.52157
0.24706 0.36863 0.52157
0.23922 0.35686 0.5098
0.23922 0.35294 0.5098
0.23137 0.3451 0.50196
0.21961 0.33725 0.49412
0.21569 0.33725 0.48627
0.21569 0.33725 0.48235
0.21176 0.33333 0.47843
0.21176 0.32941 0.47451
0.21961 0.33725 0.47843
0.21176 0.32941 0.47059
0.38039 0.46667 0.57647
0.36078 0.4549 0.56863
0.3451 0.44314 0.56078
0.33725 0.42745 0.56078
0.36471 0.45882 0.60392
0.33333 0.45882 0.6
0.3098 0.43529 0.58431
0.2902 0.41569 0.56471
0.27451 0.4 0.54902
0.26667 0.39216 0.54118
0.25882 0.38431 0.53333
0.2549 0.38039 0.52941
0.23922 0.35686 0.5098
0.24314 0.35686 0.51373
0.23529 0.34902 0.50588
0.23137 0.34902 0.50588
0.22353 0.34118 0.49412
0.21961 0.33725 0.48627
0.21961 0.34118 0.48235
0.21176 0.32941 0.47059
0.21961 0.33725 0.47843
0.21569 0.33333 0.47451
0.21569 0.33333 0.47451
0.39216 0.47059 0.58039
0.36863 0.45098 0.56863
0.3451 0.43529 0.55686
0.33333 0.42353 0.55294
0.35294 0.45098 0.59216
0.32941 0.4549 0.59608
0.31373 0.43922 0.58824
0.2902 0.41569 0.56471
0.26667 0.39216 0.54118
0.26667 0.39216 0.54118
0.25882 0.38431 0.53333
0.25098 0.37647 0.52549
0.23922 0.36471 0.51765
0.23137 0.35294 0.5098
0.23529 0.36078 0.51373
0.23137 0.35294 0.50588
0.21961 0.34118 0.49412
0.21569 0.34118 0.4902
0.21569 0.34118 0.47843
0.21176 0.32941 0.47059
0.21176 0.32941 0.47059
0.20784 0.32549 0.46667
0.41569 0.48627 0.6
0.41176 0.48627 0.60784
0.36471 0.44314 0.56863
0.34118 0.43137 0.56078
0.36471 0.45882 0.6
0.32941 0.4549 0.59608
0.30196 0.43137 0.58039
0.28627 0.41569 0.56471
0.27059 0.4 0.54902
0.26667 0.39608 0.5451
0.25882 0.38824 0.53725
0.2549 0.37647 0.52549
0.24314 0.36471 0.51765
0.23529 0.36078 0.51373
0.23529 0.36078 0.51373
0.22745 0.35294 0.50588
0.21961 0.3451 0.49412
0.22353 0.3451 0.49412
0.21569 0.34118 0.48235
0.21569 0.33333 0.47451
0.20784 0.32549 0.46667
0.20784 0.32549 0.46667
0.40392 0.48627 0.60392
0.38431 0.46667 0.58824
0.35686 0.44706 0.57255
0.35686 0.4549 0.58824
0.32941 0.45882 0.59608
0.3098 0.44706 0.59216
0.2902 0.42353 0.57255
0.26667 0.40392 0.55294
0.25882 0.39608 0.54118
0.2549 0.38431 0.53333
0.26667 0.38039 0.53333
0.25098 0.36863 0.52157
0.23922 0.36471 0.51765
0.23137 0.35686 0.5098
0.22353 0.34902 0.49804
0.21569 0.34118 0.4902
0.22353 0.3451 0.49412
0.22745 0.34118 0.4902
0.21569 0.33333 0.47451
0.21569 0.33333 0.47451
0.21569 0.33333 0.47451
0.38431 0.46275 0.58039
0.36471 0.45098 0.57255
0.36078 0.45098 0.58039
0.35686 0.4549 0.58824
0.33333 0.45882 0.6
0.31765 0.44314 0.59608
0.29412 0.42353 0.57647
0.27059 0.39608 0.54902
0.26667 0.39216 0.5451
0.25882 0.38824 0.53725
0.25882 0.38039 0.53333
0.24706 0.37255 0.52549
0.23922 0.36471 0.51765
0.22745 0.35294 0.50588
0.21961 0.3451 0.49804
0.22353 0.34902 0.49804
0.22745 0.3451 0.49412
0.23137 0.3451 0.49412
0.21176 0.32941 0.47059
0.21176 0.32941 0.47059
0.21569 0.33333 0.47451
0.38039 0.46275 0.58039
0.35294 0.43922 0.56078
0.34902 0.43922 0.56471
0.34902 0.44706 0.58431
0.33725 0.45882 0.6
0.31373 0.44314 0.59216
0.29412 0.41961 0.57255
0.27843 0.40392 0.55294
0.26275 0.39216 0.5451
0.26275 0.39216 0.54118
0.25098 0.37647 0.52941
0.24314 0.36863 0.52157
0.23922 0.36471 0.51765
0.22745 0.34902 0.50588
0.22353 0.34902 0.50196
0.22745 0.35294 0.50196
0.22353 0.34118 0.4902
0.21569 0.33725 0.48627
0.21176 0.32941 0.47451
0.21961 0.33725 0.48235
0.22353 0.34118 0.48627
0.34902 0.43922 0.56078
0.34902 0.44706 0.56471
0.34902 0.44706 0.58431
0.33333 0.45098 0.6
0.31765 0.44706 0.59608
0.29412 0.41961 0.56863
0.27843 0.40392 0.55294
0.26275 0.39608 0.5451
0.25098 0.38824 0.53725
0.23529 0.37255 0.52157
0.23922 0.36863 0.52157
0.24314 0.36471 0.51765
0.23529 0.34902 0.50588
0.22745 0.3451 0.49804
0.21961 0.3451 0.49412
0.21961 0.3451 0.49412
0.21176 0.33725 0.48627
0.21176 0.34118 0.4902
0.21569 0.33725 0.48627
0.21569 0.33333 0.48235
0.35294 0.44314 0.56471
0.3451 0.44314 0.56078
0.35294 0.45098 0.58824
0.33333 0.45098 0.6
0.31765 0.43922 0.58824
0.29804 0.41569 0.56471
0.28235 0.4 0.54902
0.26667 0.39608 0.5451
0.2549 0.38431 0.53333
0.23922 0.36471 0.51373
0.24706 0.37255 0.52157
0.24314 0.36863 0.52157
0.24314 0.36078 0.51373
0.22745 0.3451 0.49804
0.21961 0.3451 0.49412
0.21961 0.3451 0.49804
0.21569 0.34118 0.49412
0.20784 0.33725 0.48627
0.20784 0.32941 0.47843
0.34902 0.44706 0.58431
0.33333 0.45098 0.6
0.32157 0.44314 0.59216
0.3098 0.42745 0.57647
0.28627 0.40392 0.55294
0.27451 0.39608 0.5451
0.26275 0.38824 0.53725
0.25882 0.38431 0.53333
0.24706 0.36863 0.51765
0.24706 0.36863 0.51765
0.25098 0.36863 0.51765
0.22745 0.3451 0.49804
0.21961 0.3451 0.49804
0.21961 0.3451 0.49804
0.21569 0.34118 0.49412
0.2 0.32549 0.47451
0.31765 0.44706 0.59216
0.3098 0.43529 0.58431
0.30196 0.42353 0.57255
0.29412 0.40784 0.55686
0.27451 0.39216 0.54118
0.27059 0.38824 0.53725
0.26667 0.38824 0.53333
0.25098 0.36863 0.52157
0.24314 0.35686 0.51373
0.24706 0.35686 0.51373
0.23529 0.34902 0.5098
0.22745 0.34118 0.50588
0.22745 0.34118 0.49804
0.21961 0.33725 0.48627
0.31765 0.44314 0.59216
0.30196 0.42745 0.57647
0.28627 0.40392 0.55294
0.28235 0.39608 0.54902
0.27059 0.38824 0.54118
0.25882 0.37255 0.52549
0.24706 0.36471 0.51765
0.23922 0.35686 0.51373
0.24706 0.36471 0.51765
0.23529 0.35294 0.5098
0.22353 0.33725 0.50196
0.23137 0.3451 0.50196
0.22353 0.34118 0.4902
0.30588 0.42745 0.57647
0.28235 0.4 0.54902
0.27451 0.38824 0.5451
0.26667 0.38039 0.54118
0.26275 0.37647 0.53333
0.25098 0.36863 0.52549
0.23922 0.36863 0.51765
0.23922 0.36471 0.51765
0.22745 0.35294 0.5098
0.22745 0.33725 0.50196
0.22745 0.34118 0.49804
0.22745 0.3451 0.49412
0.30588 0.42745 0.58039
0.2902 0.41176 0.56471
0.27059 0.39608 0.54902
0.26667 0.38824 0.5451
0.2549 0.38039 0.53333
0.24706 0.36863 0.52157
0.24314 0.36863 0.52157
0.23922 0.36471 0.51765
0.23529 0.36078 0.51373
0.22745 0.3451 0.50196
0.22353 0.33725 0.49412
0.29804 0.42353 0.57647
0.28235 0.40784 0.56078
0.27059 0.39608 0.54902
0.26275 0.38824 0.54118
0.25098 0.37647 0.52941
0.25098 0.37647 0.52549
0.24706 0.37255 0.52549
0.23529 0.36078 0.51373
0.22745 0.35294 0.50588
0.23137 0.35686 0.5098
0.22745 0.3451 0.50196
0.27843 0.40392 0.56078
0.27451 0.4 0.54902
0.26275 0.38824 0.53333
0.25098 0.37647 0.52549
0.25098 0.37647 0.52941
0.24706 0.37255 0.52549
0.23922 0.36471 0.51765
0.22353 0.35294 0.50196
0.21961 0.35294 0.50196
0.22353 0.3451 0.49804
0.27843 0.39608 0.55294
0.26667 0.39216 0.54118
0.26275 0.38824 0.53725
0.25882 0.38431 0.53333
0.25098 0.37647 0.52549
0.23922 0.36471 0.51765
0.23922 0.36471 0.51765
0.22745 0.35686 0.5098
0.22745 0.35686 0.50588
0.27451 0.39608 0.54902
0.26667 0.39216 0.54118
0.26275 0.38824 0.53725
0.24706 0.37255 0.52157
0.24314 0.36863 0.51765
0.23137 0.35686 0.5098
0.23529 0.36078 0.51373
0.26667 0.39216 0.54118
0.25882 0.38431 0.53333
0.24706 0.37255 0.52157
0.24706 0.37255 0.52157
0.25882 0.38431 0.53333
0.24706 0.37255 0.52157
