0.32549 0.40392 0.5451
0.31765 0.39608 0.53333
0.31373 0.39216 0.52941
0.33333 0.41176 0.55686
0.32157 0.4 0.53333
0.33725 0.41569 0.54902
0.30196 0.38039 0.5098
0.32549 0.40392 0.54902
0.31765 0.39608 0.52941
0.31765 0.39608 0.52549
0.27451 0.35686 0.48235
0.32941 0.41176 0.54902
0.31765 0.41176 0.5451
0.3098 0.39608 0.52941
0.32549 0.40784 0.5451
0.32549 0.41176 0.5451
0.32941 0.40784 0.5451
0.32157 0.4 0.53333
0.32157 0.39608 0.54118
0.30196 0.38431 0.53333
0.32941 0.40392 0.54118
0.3098 0.38824 0.53333
0.37255 0.43922 0.57255
0.33333 0.40784 0.54902
0.32549 0.4 0.52941
0.35686 0.42745 0.55686
0.35294 0.43137 0.56078
