0.18039 0.20784 0.1451
0.16863 0.2 0.1098
0.17255 0.20392 0.1098
0.16471 0.19608 0.1098
0.2 0.23137 0.14118
0.15294 0.18431 0.094118
0.26275 0.28627 0.19608
0.23137 0.26667 0.14902
0.12157 0.15686 0.058824
0.12157 0.14902 0.062745
0.21569 0.23137 0.16471
0.24706 0.27451 0.15686
0.20392 0.23922 0.12549
0.18039 0.20784 0.1098
0.23137 0.24314 0.16471
0.18431 0.2 0.12157
0.20784 0.21961 0.15686
0.18431 0.19216 0.1451
0.26667 0.28627 0.19608
0.18431 0.21176 0.10588
0.18039 0.2 0.10196
0.35686 0.37255 0.28235
0.17647 0.19216 0.094118
0.11765 0.12157 0.070588
0.19608 0.2 0.13333
0.17647 0.19608 0.11373
0.33725 0.35686 0.26667
0.29804 0.30196 0.22745
0.19216 0.2 0.094118
