0.19216 0.29412 0.43922
0.19608 0.29804 0.43922
0.18824 0.2902 0.42745
0.19608 0.29804 0.43922
0.19608 0.29804 0.43922
0.18824 0.2902 0.43137
0.18824 0.28627 0.42353
0.20392 0.30588 0.44314
0.19216 0.29412 0.43529
0.18824 0.2902 0.43529
0.18039 0.28235 0.42745
0.19608 0.29804 0.44314
0.19216 0.29412 0.43137
0.19608 0.29804 0.43922
0.2 0.30196 0.44706
0.17255 0.28235 0.43529
0.19608 0.29804 0.43922
0.19608 0.29412 0.43529
0.18431 0.28627 0.43137
0.2 0.34902 0.50588
0.19216 0.30196 0.44314
0.19608 0.29804 0.43529
0.17255 0.29804 0.44314
0.19216 0.30196 0.44314
0.18039 0.29412 0.43529
0.19608 0.36863 0.53725
0.19608 0.32549 0.47451
