0.96471 0.92549 0.85098
0.98824 0.93725 0.86275
0.98039 0.92549 0.85098
0.96471 0.9098 0.83922
0.97647 0.91765 0.83922
0.96078 0.92157 0.8549
0.97255 0.92941 0.85882
0.97255 0.92157 0.84706
0.72157 0.68235 0.61961
0.96078 0.92157 0.85098
0.98431 0.93725 0.86275
0.96863 0.92157 0.83529
0.96863 0.91765 0.83137
0.70588 0.66275 0.6
0.95686 0.92157 0.85098
0.98431 0.94118 0.86275
0.96863 0.92549 0.83922
0.70196 0.66275 0.59216
0.96078 0.92157 0.84706
0.98431 0.93725 0.8549
0.98039 0.93333 0.84706
0.88235 0.83922 0.76471
1 0.95686 0.87059
0.91765 0.87451 0.79608
0.92941 0.89412 0.80784
0.95294 0.9098 0.82353
