0.39608 0.4 0.42745
0.38824 0.37255 0.36863
0.39216 0.38824 0.41961
0.4 0.39608 0.42745
0.37255 0.35686 0.36078
0.37255 0.36471 0.39608
0.38824 0.38039 0.41961
0.37255 0.34902 0.35686
0.37255 0.36078 0.39608
0.37255 0.36078 0.39608
0.38431 0.36863 0.40392
0.36863 0.34118 0.35294
0.38431 0.36471 0.4
0.38039 0.36078 0.39216
0.38431 0.36863 0.39216
0.37255 0.34902 0.36078
0.36078 0.35686 0.38431
0.38039 0.36863 0.4
0.39216 0.38039 0.40784
0.39216 0.38431 0.40784
0.36863 0.35686 0.36863
0.62353 0.58431 0.52549
0.35686 0.34902 0.39216
0.37255 0.36863 0.4
0.38431 0.38039 0.40392
0.38431 0.38039 0.40392
0.37255 0.36471 0.38431
0.58039 0.54902 0.49412
0.34902 0.34902 0.38824
0.35294 0.35294 0.39216
0.35294 0.34902 0.38824
0.37255 0.36471 0.40392
0.38039 0.37255 0.40392
0.38431 0.37255 0.40392
0.38039 0.36471 0.38824
0.54118 0.5098 0.47451
0.36863 0.37255 0.40784
0.35686 0.35686 0.39608
0.36078 0.36078 0.4
0.36863 0.36863 0.40784
0.36471 0.36471 0.40392
0.36471 0.37255 0.40784
0.36863 0.36471 0.4
0.37647 0.37255 0.4
0.38431 0.37647 0.4
0.51765 0.49804 0.47843
0.35294 0.36471 0.4
0.36471 0.36863 0.40784
0.35294 0.35294 0.39216
0.36078 0.36078 0.4
0.36471 0.36471 0.40392
0.36078 0.36078 0.4
0.37255 0.37255 0.41176
0.36863 0.36078 0.39608
0.37647 0.36863 0.39216
0.38824 0.38039 0.40784
0.48627 0.46667 0.47059
0.3451 0.36078 0.39608
0.34902 0.36078 0.39608
0.35294 0.36471 0.4
0.36078 0.36471 0.40392
0.35686 0.36078 0.40392
0.36471 0.36471 0.41176
0.37647 0.37255 0.41961
0.37647 0.36863 0.41176
0.38431 0.37647 0.41176
0.38824 0.38039 0.40784
0.4 0.38824 0.41176
0.46275 0.43529 0.44706
0.3451 0.35294 0.39216
0.34118 0.35294 0.38824
0.35294 0.36471 0.4
0.36078 0.37255 0.40784
0.35294 0.36471 0.40784
0.37255 0.37255 0.42745
0.37647 0.37255 0.42353
0.38431 0.37647 0.41961
0.39216 0.38431 0.41961
0.39608 0.39216 0.42353
0.40784 0.4 0.42353
0.43922 0.41569 0.43137
0.33333 0.34902 0.39216
0.34118 0.34902 0.39608
0.3451 0.35686 0.39608
0.34902 0.36078 0.39608
0.35294 0.36471 0.4
0.35686 0.37255 0.40392
0.37647 0.38431 0.42745
0.37647 0.37647 0.42745
0.38039 0.37647 0.42745
0.38431 0.38431 0.42353
0.39216 0.39216 0.42745
0.4 0.4 0.42745
0.40392 0.40784 0.43529
0.40784 0.39608 0.41961
0.32941 0.34118 0.38824
0.33725 0.3451 0.39608
0.35686 0.36078 0.40392
0.36471 0.37255 0.41176
0.36078 0.36863 0.40784
0.37255 0.38039 0.41569
0.37647 0.38431 0.42353
0.37255 0.38039 0.42353
0.37647 0.38039 0.42353
0.38039 0.38824 0.42353
0.38431 0.38824 0.42353
0.39608 0.4 0.42745
0.40392 0.41569 0.44314
0.4 0.40392 0.42353
0.33725 0.3451 0.39608
0.34118 0.34902 0.4
0.34902 0.35294 0.4
0.36863 0.36471 0.41176
0.37255 0.36863 0.41961
0.38824 0.38431 0.43137
0.38039 0.38431 0.42353
0.36863 0.38431 0.41961
0.37255 0.38824 0.42353
0.37255 0.38824 0.42353
0.37647 0.38824 0.41961
0.38824 0.39608 0.42745
0.40392 0.41569 0.43922
0.38431 0.4 0.41569
0.61176 0.59608 0.56471
0.32157 0.32941 0.38039
0.33725 0.3451 0.39608
0.34902 0.35686 0.40784
0.36078 0.36078 0.41176
0.36863 0.36863 0.41569
0.37647 0.37647 0.42353
0.39216 0.39216 0.43529
0.38431 0.38431 0.42353
0.37255 0.38431 0.41961
0.37647 0.38824 0.42353
0.37255 0.38431 0.42353
0.37255 0.39216 0.41961
0.39216 0.40784 0.43529
0.4 0.41176 0.43529
0.39216 0.40784 0.42745
0.57255 0.55294 0.53725
0.43529 0.41569 0.43922
0.43137 0.40784 0.43137
0.43922 0.41569 0.44706
0.44314 0.41961 0.4549
0.43529 0.41961 0.4549
0.43137 0.41961 0.45098
0.41961 0.41569 0.44314
0.41176 0.40392 0.43529
0.39608 0.39216 0.42745
0.39216 0.39216 0.43529
0.36471 0.36863 0.41961
0.36078 0.36471 0.41961
0.34902 0.35686 0.40784
0.36078 0.36078 0.41176
0.38039 0.38039 0.42353
0.38824 0.38824 0.43137
0.38824 0.38824 0.42745
0.38431 0.38824 0.42353
0.38824 0.39608 0.43137
0.38039 0.39216 0.42745
0.37647 0.39216 0.42745
0.38039 0.39608 0.42745
0.38431 0.4 0.42745
0.40392 0.41176 0.43922
0.40784 0.41569 0.44314
0.52941 0.5098 0.50196
0.49804 0.47843 0.50588
0.48627 0.47059 0.49804
0.47451 0.46275 0.4902
0.45882 0.4549 0.48627
0.45098 0.44706 0.47843
0.43529 0.43137 0.46275
0.39608 0.39216 0.44314
0.37255 0.37255 0.42353
0.36471 0.36471 0.41569
0.37255 0.36863 0.41569
0.38431 0.38431 0.41961
0.38824 0.38431 0.41569
0.38824 0.38824 0.41961
0.38431 0.38431 0.42353
0.38039 0.38039 0.41961
0.38431 0.38431 0.42353
0.38431 0.39608 0.43137
0.38431 0.4 0.43529
0.39608 0.40392 0.44314
0.40784 0.40392 0.43922
0.41961 0.41569 0.44314
0.47451 0.47059 0.46667
0.50588 0.48627 0.51373
0.49412 0.47843 0.50588
0.47843 0.47059 0.49804
0.46275 0.45882 0.4902
0.45098 0.44706 0.47843
0.43922 0.43529 0.46667
0.40784 0.40784 0.45098
0.38431 0.38431 0.43137
0.37647 0.37647 0.42353
0.37255 0.37255 0.41961
0.38431 0.38431 0.42745
0.38824 0.38039 0.41961
0.38824 0.38039 0.41961
0.38039 0.37647 0.41961
0.38824 0.38431 0.42353
0.38431 0.38039 0.42353
0.39216 0.39608 0.43529
0.4 0.41176 0.44706
0.40784 0.40784 0.44706
0.40784 0.40392 0.43529
0.41569 0.41176 0.44706
0.43529 0.42745 0.43922
0.51373 0.4902 0.51765
0.49412 0.47843 0.50588
0.47843 0.46667 0.49804
0.47059 0.46667 0.49804
0.45882 0.4549 0.48627
0.44706 0.44314 0.47451
0.42353 0.42353 0.46275
0.39216 0.39608 0.43529
0.38431 0.38431 0.42353
0.38039 0.38431 0.43137
0.38431 0.38431 0.43529
0.39216 0.38431 0.43137
0.39608 0.38824 0.43137
0.39216 0.38431 0.42745
0.38431 0.37647 0.41961
0.39608 0.38824 0.43137
0.4 0.39608 0.43922
0.4 0.40784 0.44314
0.40392 0.4 0.44314
0.40784 0.40392 0.43529
0.41961 0.41176 0.45098
0.41569 0.40784 0.42745
0.52157 0.49804 0.51765
0.50588 0.48627 0.5098
0.4902 0.47451 0.49804
0.47843 0.46667 0.49412
0.46667 0.45882 0.4902
0.45882 0.4549 0.4902
0.43137 0.43137 0.46275
0.4 0.40392 0.43922
0.38039 0.39216 0.42745
0.38431 0.38824 0.43137
0.38824 0.38824 0.43529
0.38824 0.38824 0.42745
0.4 0.4 0.43922
0.4 0.4 0.43922
0.38824 0.38431 0.42745
0.39608 0.39608 0.43529
0.40784 0.40784 0.44706
0.41176 0.41569 0.4549
0.41176 0.41176 0.45098
0.41176 0.41176 0.44314
0.42353 0.41961 0.44706
0.40784 0.40392 0.42745
0.51373 0.49412 0.5098
0.50588 0.48627 0.5098
0.4902 0.47451 0.49804
0.48235 0.47059 0.49804
0.47059 0.46275 0.49412
0.44314 0.43922 0.47059
0.41961 0.41961 0.45098
0.38431 0.39216 0.42745
0.37255 0.37647 0.41961
0.38039 0.38431 0.42745
0.38431 0.38824 0.42745
0.38431 0.38824 0.42745
0.38431 0.38431 0.42353
0.39216 0.39216 0.43137
0.40784 0.40392 0.44314
0.41176 0.41176 0.45098
0.42353 0.41961 0.45882
0.42745 0.42353 0.46275
0.42353 0.42353 0.4549
0.41176 0.41176 0.43922
0.4 0.4 0.42353
0.62353 0.60392 0.58824
0.52157 0.50196 0.5098
0.51765 0.49804 0.51765
0.5098 0.48627 0.5098
0.4902 0.47451 0.49804
0.47451 0.46275 0.4902
0.4549 0.44706 0.47843
0.44314 0.43922 0.47059
0.40784 0.40784 0.44706
0.38039 0.38431 0.43137
0.36863 0.38039 0.42353
0.37647 0.38824 0.42353
0.38824 0.39216 0.43137
0.37647 0.37647 0.41569
0.39216 0.39216 0.43137
0.4 0.39608 0.43922
0.40392 0.39608 0.43922
0.41961 0.41176 0.4549
0.43137 0.42353 0.46275
0.42353 0.42353 0.4549
0.42353 0.42745 0.45098
0.40784 0.41176 0.43137
0.56078 0.55294 0.54118
0.53333 0.5098 0.52157
0.52941 0.50588 0.52157
0.51765 0.49412 0.5098
0.50588 0.48235 0.50196
0.49412 0.47059 0.49804
0.47451 0.4549 0.4902
0.46275 0.44706 0.48627
0.43529 0.42745 0.46667
0.39216 0.39216 0.43529
0.37255 0.37647 0.42353
0.37255 0.38824 0.43137
0.38039 0.38824 0.43529
0.38431 0.38431 0.42745
0.39216 0.39608 0.43922
0.40392 0.40392 0.44706
0.40392 0.40392 0.44314
0.41569 0.41176 0.4549
0.42353 0.42353 0.46275
0.42745 0.42745 0.46667
0.42353 0.42353 0.4549
0.41961 0.42353 0.44706
0.5098 0.50196 0.49412
0.53333 0.50588 0.52157
0.52549 0.50196 0.51765
0.51373 0.4902 0.5098
0.50588 0.47843 0.50588
0.48627 0.46667 0.49412
0.46667 0.4549 0.48235
0.44314 0.43529 0.47059
0.41961 0.41569 0.4549
0.39216 0.39608 0.43922
0.38039 0.38824 0.43922
0.38824 0.39216 0.44314
0.39608 0.39608 0.44314
0.39608 0.39608 0.44314
0.4 0.4 0.44314
0.40392 0.40784 0.44314
0.41176 0.41569 0.45098
0.41961 0.41961 0.45882
0.42353 0.42353 0.46275
0.41961 0.41961 0.4549
0.41176 0.41569 0.43922
0.45882 0.45098 0.4549
0.54118 0.51765 0.52941
0.53725 0.51373 0.52941
0.52941 0.5098 0.52549
0.52549 0.49804 0.52157
0.50588 0.47843 0.5098
0.49412 0.47451 0.49804
0.47843 0.46275 0.4902
0.45882 0.45098 0.48235
0.43922 0.43529 0.46667
0.4 0.4 0.43529
0.37647 0.38039 0.42745
0.38039 0.38431 0.43137
0.38824 0.38824 0.43529
0.39608 0.39608 0.44314
0.4 0.4 0.44314
0.40392 0.40392 0.43529
0.40784 0.40392 0.43529
0.41569 0.41569 0.44706
0.42745 0.42745 0.46667
0.41961 0.41961 0.45098
0.41176 0.41569 0.43922
0.41961 0.41961 0.43137
0.5451 0.52157 0.53333
0.5451 0.52157 0.52941
0.52941 0.50588 0.51765
0.51765 0.4902 0.5098
0.5098 0.48627 0.5098
0.49412 0.47843 0.50196
0.47843 0.46667 0.49412
0.4549 0.44314 0.47451
0.42353 0.41176 0.45098
0.39216 0.38431 0.42745
0.38039 0.38039 0.42353
0.38431 0.38039 0.42353
0.39608 0.39608 0.43529
0.4 0.40392 0.44314
0.40784 0.40784 0.44706
0.4 0.40784 0.43922
0.40392 0.41176 0.43922
0.41961 0.41961 0.4549
0.43137 0.43137 0.46275
0.41176 0.41176 0.44314
0.4 0.40392 0.41961
0.54902 0.52549 0.52549
0.54118 0.51765 0.52157
0.53333 0.5098 0.52157
0.52549 0.50196 0.51765
0.50588 0.48627 0.50588
0.4902 0.47451 0.49804
0.47059 0.4549 0.48627
0.4549 0.43529 0.47451
0.41569 0.40392 0.44706
0.38824 0.38039 0.42353
0.38824 0.38039 0.42353
0.39216 0.39608 0.43137
0.39216 0.40392 0.43922
0.40392 0.40784 0.44706
0.39608 0.40784 0.43922
0.4 0.41569 0.44314
0.41961 0.41961 0.45098
0.43922 0.43922 0.47059
0.42745 0.42745 0.46275
0.40784 0.41176 0.43529
0.56078 0.52941 0.53333
0.54902 0.51373 0.52549
0.52941 0.50588 0.51765
0.52549 0.50588 0.52157
0.50196 0.4902 0.5098
0.48627 0.47059 0.49412
0.47059 0.4549 0.48627
0.44314 0.43137 0.46667
0.40784 0.4 0.44314
0.39216 0.38431 0.42745
0.38824 0.39216 0.43137
0.38824 0.4 0.43529
0.39216 0.40392 0.43922
0.39608 0.40784 0.43922
0.40784 0.41569 0.44314
0.41961 0.41961 0.45098
0.43529 0.43529 0.46275
0.43529 0.43922 0.47059
0.40784 0.41176 0.43922
0.56078 0.52549 0.52941
0.54118 0.51373 0.51765
0.54118 0.51765 0.52549
0.52157 0.50588 0.52157
0.50588 0.4902 0.5098
0.48627 0.47059 0.49412
0.45882 0.45098 0.47843
0.42745 0.42353 0.4549
0.39608 0.39216 0.43137
0.39216 0.39608 0.43137
0.38431 0.39608 0.43137
0.39608 0.40784 0.44314
0.4 0.40784 0.44314
0.42353 0.42353 0.4549
0.42353 0.42353 0.45882
0.42745 0.42745 0.46275
0.43922 0.43922 0.47451
0.43529 0.43922 0.46275
0.53333 0.5098 0.52549
0.52157 0.50196 0.51765
0.50588 0.4902 0.5098
0.47843 0.47059 0.49412
0.4549 0.44706 0.47451
0.41176 0.40784 0.43922
0.38824 0.39608 0.43137
0.38824 0.39608 0.43529
0.4 0.4 0.43922
0.41176 0.41176 0.45098
0.42353 0.42353 0.46275
0.42745 0.42745 0.46667
0.43137 0.43137 0.47059
0.43529 0.43529 0.47843
0.45098 0.45098 0.47843
0.4902 0.47843 0.48627
0.53333 0.5098 0.52549
0.52157 0.50196 0.52157
0.49412 0.48235 0.5098
0.47451 0.46275 0.49412
0.43922 0.43529 0.46667
0.39608 0.39608 0.43137
0.38824 0.39216 0.43137
0.40392 0.40392 0.44314
0.41176 0.41176 0.45098
0.42745 0.42745 0.46667
0.42745 0.42745 0.46667
0.43137 0.43137 0.47059
0.43922 0.43922 0.47451
0.45098 0.44706 0.47843
0.46275 0.45098 0.48235
0.51373 0.49412 0.51765
0.49412 0.48235 0.5098
0.47059 0.45882 0.49412
0.41961 0.41569 0.4549
0.38824 0.38431 0.42353
0.39216 0.39216 0.43137
0.40784 0.40784 0.44706
0.42353 0.42353 0.46275
0.43137 0.43137 0.46667
0.43922 0.43922 0.47451
0.44314 0.44314 0.47843
0.45098 0.44706 0.47059
0.44706 0.43922 0.47059
0.49412 0.47843 0.5098
0.4549 0.44314 0.48235
0.4 0.39608 0.42353
0.39216 0.39216 0.43137
0.40784 0.40784 0.44314
0.42353 0.42353 0.45882
0.44706 0.44706 0.47843
0.45098 0.45098 0.48235
0.45098 0.45098 0.48235
0.45098 0.4549 0.47843
0.44706 0.44706 0.47059
0.43529 0.43137 0.45882
0.40392 0.40392 0.43529
0.4 0.4 0.43137
0.41569 0.41569 0.44706
0.43922 0.43922 0.47059
0.44314 0.44314 0.47451
0.45098 0.45098 0.48235
0.42745 0.42745 0.45098
0.40784 0.41176 0.43529
0.41176 0.41569 0.43922
0.42353 0.42745 0.45882
0.43529 0.43922 0.46667
0.43529 0.42745 0.45098
0.41569 0.41176 0.43922
0.42353 0.42745 0.4549
