0.098039 0.16078 0.19216
0.15686 0.16078 0.18039
0.11765 0.17255 0.19608
0.078431 0.15294 0.19608
0.090196 0.15686 0.17647
0.11765 0.18039 0.17647
0.10196 0.15294 0.15294
0.12549 0.17255 0.18824
0.12157 0.16863 0.20392
0.078431 0.14902 0.18431
0.070588 0.12941 0.18431
0.070588 0.11765 0.16078
0.11765 0.15686 0.17647
0.13725 0.16471 0.17255
0.14902 0.16078 0.17647
0.1451 0.15294 0.17647
0.047059 0.13333 0.17647
0.05098 0.12549 0.17255
0.047059 0.12549 0.18431
0.082353 0.1451 0.19216
0.090196 0.14118 0.17255
0.082353 0.13333 0.16471
0.07451 0.14118 0.17647
0.090196 0.16863 0.19216
0.090196 0.16078 0.20392
0.090196 0.14902 0.19608
0.07451 0.13725 0.17255
0.070588 0.15294 0.18039
0.066667 0.14118 0.18431
0.098039 0.16078 0.19608
0.094118 0.14902 0.18431
0.10588 0.15294 0.18824
0.13725 0.19216 0.21569
0.10588 0.18039 0.19216
0.07451 0.16863 0.18431
0.2549 0.46275 0.39608
