0.49804 0.60784 0.75294
0.49804 0.60784 0.75294
0.49804 0.61176 0.75686
0.49804 0.60784 0.75294
0.50196 0.61176 0.75294
0.49804 0.61176 0.75686
0.50196 0.61176 0.75686
0.50588 0.61569 0.76078
0.50196 0.61176 0.75294
0.49412 0.6 0.7451
0.50196 0.60392 0.74902
0.5098 0.61176 0.75686
0.5098 0.61176 0.75686
0.50588 0.60784 0.7451
0.5098 0.61569 0.75294
0.50196 0.61176 0.75686
0.50588 0.60784 0.75294
0.5098 0.61176 0.76078
0.50588 0.61176 0.75686
0.50588 0.60784 0.75294
0.50588 0.61176 0.75294
0.50588 0.61176 0.75686
