0.6902 0.63529 0.56471
0.68627 0.63137 0.56078
0.69412 0.63922 0.56863
0.69412 0.64314 0.57255
0.69412 0.63529 0.56078
0.70196 0.64314 0.56078
0.70196 0.64314 0.56471
0.70588 0.64706 0.56471
0.70588 0.64706 0.56863
0.70588 0.64706 0.56863
0.71373 0.6549 0.57647
0.68627 0.63529 0.56078
0.69804 0.64314 0.56863
0.69804 0.63922 0.56471
0.69804 0.64314 0.55686
0.70588 0.65098 0.56078
0.70588 0.6549 0.56471
0.71765 0.6549 0.56863
0.72157 0.65882 0.57255
0.72157 0.65882 0.57255
0.69412 0.63529 0.56078
0.6902 0.63529 0.56078
0.68627 0.63529 0.56078
0.69804 0.64314 0.56863
0.70196 0.64314 0.56863
0.7098 0.64706 0.56471
0.71373 0.65098 0.56863
0.71373 0.65098 0.56863
0.72157 0.6549 0.57255
0.72549 0.65882 0.57647
0.72549 0.65882 0.57647
0.72941 0.66667 0.58431
0.69804 0.63137 0.56863
0.69804 0.63529 0.57255
0.69412 0.63529 0.56863
0.69412 0.64314 0.56863
0.7098 0.65098 0.57647
0.71765 0.6549 0.58039
0.71765 0.65882 0.58039
0.72549 0.66275 0.58431
0.73333 0.67059 0.59216
0.74118 0.67451 0.6
0.74118 0.67451 0.59608
0.7451 0.67843 0.60392
0.74902 0.68627 0.59608
0.82353 0.78039 0.71373
0.82353 0.78039 0.71373
0.83137 0.78431 0.72157
0.83137 0.78039 0.71765
0.83137 0.78431 0.71373
0.83137 0.79216 0.72157
0.84314 0.8 0.73333
0.85098 0.80392 0.74118
0.85098 0.80784 0.74118
0.85098 0.80784 0.73725
0.86275 0.81961 0.74902
0.86667 0.81569 0.74902
0.86667 0.81961 0.74902
0.87059 0.84314 0.78039
0.86667 0.84314 0.78039
0.86667 0.83529 0.77647
0.87451 0.83529 0.76863
0.87843 0.83529 0.76471
0.86667 0.83137 0.76471
0.87059 0.83529 0.77647
0.87451 0.83922 0.78039
0.87451 0.83922 0.77255
0.87451 0.83922 0.77255
0.87451 0.84314 0.77647
0.87451 0.84314 0.77647
0.87843 0.84314 0.77647
0.86275 0.83529 0.77255
0.86275 0.83529 0.77255
0.87059 0.83529 0.77647
0.87451 0.83137 0.76471
0.87451 0.83137 0.76471
0.86667 0.83137 0.76471
0.87059 0.83529 0.77255
0.87059 0.83529 0.77647
0.87059 0.83529 0.76863
0.87451 0.83922 0.77255
0.87843 0.84314 0.77647
0.88235 0.84706 0.78039
0.87843 0.84314 0.77647
0.8549 0.82353 0.76078
0.8549 0.82353 0.76078
0.86275 0.82745 0.76471
0.86275 0.82353 0.76078
0.86667 0.82745 0.76078
0.86667 0.83137 0.76471
0.87059 0.83529 0.77255
0.87059 0.83529 0.76863
0.86667 0.83137 0.76471
0.87059 0.83529 0.76863
0.87451 0.83922 0.77255
0.87451 0.83922 0.77255
0.88235 0.84314 0.77647
0.86275 0.82353 0.75686
0.8549 0.81961 0.75294
0.85882 0.82353 0.75686
0.85882 0.82353 0.75686
0.86275 0.82745 0.76078
0.86667 0.83137 0.76471
0.86667 0.83137 0.76078
0.86667 0.83137 0.76471
0.86667 0.83137 0.76471
0.86667 0.83137 0.76471
0.87451 0.83922 0.77255
0.87451 0.83529 0.76863
0.88627 0.83922 0.77647
0.86275 0.82745 0.76078
0.86275 0.82745 0.76078
0.86667 0.83137 0.76471
0.86275 0.82745 0.76078
0.86275 0.83137 0.76471
0.86667 0.83137 0.76471
0.86667 0.83137 0.76471
0.87059 0.83529 0.76863
0.86667 0.83137 0.76471
0.87059 0.83529 0.76863
0.87451 0.83922 0.77255
0.87451 0.83922 0.77255
0.88627 0.83922 0.77647
0.87451 0.83529 0.77255
0.87451 0.83529 0.77255
0.87451 0.83529 0.76863
0.87451 0.83922 0.77255
0.87451 0.83922 0.77255
0.86667 0.83137 0.76471
0.87059 0.83529 0.76863
0.87059 0.83529 0.76863
0.87451 0.83922 0.77255
0.87451 0.83922 0.77255
0.87843 0.84314 0.77647
0.87843 0.83922 0.78039
0.88235 0.83137 0.77647
0.88235 0.83529 0.77255
0.87843 0.83529 0.77255
0.87451 0.83922 0.77255
0.87451 0.83922 0.77255
0.87059 0.83529 0.76863
0.87451 0.83922 0.77255
0.87451 0.83922 0.77255
0.87451 0.83922 0.77255
0.87843 0.84314 0.77647
0.87843 0.83922 0.78039
0.87843 0.83137 0.77647
0.87843 0.83137 0.77255
0.87843 0.83137 0.76863
0.86667 0.83137 0.76471
0.87059 0.83529 0.76863
0.87451 0.83922 0.77255
0.87451 0.83922 0.77255
0.87843 0.84314 0.77647
0.87843 0.84314 0.77647
0.87843 0.84314 0.77647
0.87451 0.83922 0.78039
0.88627 0.83922 0.78431
0.87843 0.83137 0.77255
0.87843 0.83137 0.76863
0.87059 0.83137 0.76471
0.87059 0.83529 0.76863
0.87843 0.83922 0.77255
0.87843 0.84314 0.77647
0.88235 0.84706 0.78039
0.88235 0.85098 0.78039
0.87843 0.84314 0.78431
0.88627 0.84706 0.79608
0.8902 0.84706 0.78431
0.88235 0.84314 0.78039
0.88235 0.83922 0.78431
0.88235 0.84314 0.78824
0.88627 0.84314 0.78824
0.89412 0.84706 0.79608
0.8902 0.85098 0.79216
0.87451 0.83922 0.78039
0.88235 0.84314 0.78431
0.88235 0.84706 0.78824
0.88627 0.84706 0.78824
0.88235 0.84314 0.78431
0.87843 0.83922 0.78039
0.88235 0.84314 0.78431
0.8902 0.84314 0.78824
0.88627 0.8549 0.80392
0.88235 0.85098 0.80392
0.87843 0.84706 0.80784
0.87059 0.83922 0.80392
0.87451 0.83922 0.8
0.87059 0.83529 0.8
0.86667 0.83529 0.8
0.86667 0.83137 0.8
