0.5098 0.58824 0.71373
0.5098 0.59216 0.71765
0.5098 0.59216 0.71373
0.51373 0.59608 0.71765
0.51373 0.59608 0.7098
0.5098 0.59216 0.71765
0.51373 0.59608 0.71765
0.51373 0.59608 0.71765
0.51373 0.59608 0.7098
0.52157 0.59608 0.72549
0.51373 0.59216 0.71765
0.51373 0.59216 0.71373
0.51765 0.59608 0.71373
0.52157 0.59608 0.71373
0.52549 0.59608 0.71373
0.51765 0.59216 0.72157
0.51765 0.59216 0.72157
0.51765 0.59216 0.72157
0.51765 0.59216 0.71765
0.51373 0.58824 0.70588
0.52157 0.59216 0.7098
0.52549 0.59216 0.7098
0.52549 0.59608 0.71373
0.52157 0.59216 0.71765
0.51373 0.58824 0.71373
0.51765 0.58824 0.71765
0.51765 0.59216 0.71765
0.51373 0.59608 0.71765
0.51373 0.59608 0.7098
0.52157 0.6 0.71373
0.52157 0.59608 0.71373
0.51373 0.58824 0.70588
0.54118 0.60392 0.71373
0.52941 0.59216 0.71373
0.51765 0.59216 0.71373
0.51765 0.59608 0.71765
0.51765 0.6 0.72157
0.51373 0.59608 0.71373
0.51373 0.59608 0.71373
0.51765 0.59608 0.71373
0.52157 0.6 0.71373
0.52157 0.59216 0.7098
0.51373 0.58431 0.70196
0.52157 0.59216 0.7098
0.57255 0.62745 0.72549
0.55686 0.61569 0.71765
0.54118 0.60392 0.71765
0.52157 0.59216 0.7098
0.51373 0.59608 0.7098
0.51373 0.6 0.72549
0.51373 0.6 0.71373
0.5098 0.59216 0.70588
0.51373 0.59216 0.70588
0.51765 0.58824 0.70588
0.52941 0.59608 0.71373
0.52941 0.59608 0.71373
0.52157 0.58824 0.70588
0.59608 0.65098 0.74118
0.57255 0.62745 0.72941
0.55686 0.61569 0.72549
0.52941 0.59608 0.71373
0.52157 0.59608 0.71765
0.51373 0.59608 0.71765
0.51765 0.60392 0.71765
0.51765 0.6 0.71373
0.52157 0.6 0.71373
0.51765 0.59216 0.7098
0.52941 0.59608 0.71373
0.52549 0.59216 0.7098
0.51765 0.58824 0.70588
0.5098 0.58824 0.70196
0.61176 0.65882 0.75294
0.59216 0.64706 0.7451
0.56471 0.62353 0.72941
0.53333 0.59608 0.7098
0.52941 0.59608 0.71765
0.51373 0.59216 0.71373
0.51373 0.6 0.71373
0.51373 0.59608 0.7098
0.52157 0.6 0.71765
0.52549 0.6 0.71765
0.52549 0.59608 0.71373
0.53333 0.6 0.71765
0.52549 0.59608 0.71373
0.5098 0.58824 0.70196
0.50196 0.58431 0.70196
0.58431 0.63529 0.73725
0.57255 0.62745 0.72941
0.56471 0.62353 0.73333
0.53725 0.60392 0.72157
0.51765 0.59216 0.7098
0.51765 0.59608 0.71373
0.51373 0.60392 0.71373
0.51373 0.6 0.71373
0.51373 0.59216 0.7098
0.51765 0.59216 0.7098
0.51765 0.59216 0.7098
0.52941 0.59608 0.71373
0.52157 0.59216 0.7098
0.51373 0.58824 0.70588
0.51373 0.58824 0.70588
0.51373 0.58824 0.70588
0.54118 0.60392 0.70588
0.5451 0.60784 0.72157
0.52549 0.59608 0.71765
0.51373 0.59216 0.70588
0.51765 0.6 0.71373
0.51373 0.60784 0.71765
0.5098 0.6 0.7098
0.51765 0.59608 0.71373
0.52157 0.59216 0.71373
0.51765 0.59216 0.7098
0.52157 0.58824 0.70588
0.52157 0.59216 0.7098
0.52157 0.59608 0.71373
0.51765 0.59216 0.7098
0.51373 0.58824 0.70588
0.51765 0.59216 0.71373
0.53725 0.60392 0.70588
0.52157 0.60392 0.71765
0.51373 0.60784 0.71765
0.5098 0.60392 0.71373
0.51765 0.6 0.71373
0.52157 0.6 0.71373
0.52157 0.59608 0.71373
0.51765 0.59216 0.7098
0.52549 0.59608 0.71373
0.52157 0.59216 0.7098
0.51765 0.59216 0.7098
0.51373 0.58824 0.70588
0.51373 0.58824 0.70588
0.51373 0.58824 0.7098
0.51765 0.60392 0.72157
0.5098 0.60392 0.72157
0.51373 0.60392 0.71765
0.52157 0.6 0.71373
0.52157 0.59608 0.71373
0.52549 0.6 0.71765
0.51765 0.6 0.71373
0.52157 0.59608 0.71373
0.52157 0.59608 0.71373
0.52941 0.59608 0.71373
0.52157 0.59216 0.70588
0.51765 0.58431 0.70588
0.51373 0.58824 0.71373
0.50588 0.59608 0.71373
0.5098 0.6 0.71373
0.51765 0.59608 0.71373
0.52157 0.59608 0.71373
0.52157 0.59608 0.71373
0.52549 0.59216 0.7098
0.52941 0.59216 0.71373
0.53333 0.59608 0.71373
0.52157 0.58824 0.70588
0.52157 0.58824 0.70588
0.51765 0.58824 0.71765
0.50588 0.6 0.72157
0.50588 0.59608 0.71765
0.51373 0.59608 0.71765
0.5098 0.59216 0.71373
0.51765 0.59608 0.7098
0.51765 0.59216 0.7098
0.52157 0.58824 0.7098
0.53333 0.6 0.71765
0.52549 0.59216 0.7098
0.52157 0.58824 0.7098
0.52157 0.58431 0.71765
0.52549 0.58824 0.71765
0.5098 0.6 0.72157
0.51765 0.6 0.72549
0.51373 0.59608 0.71373
0.51765 0.59608 0.71373
0.51765 0.59608 0.71373
0.51373 0.58824 0.70588
0.52157 0.59216 0.71765
0.52549 0.59216 0.71765
0.52157 0.58431 0.71373
0.51765 0.58431 0.70588
0.52549 0.59216 0.71373
0.51373 0.58824 0.70588
0.51765 0.6 0.72157
0.51765 0.59608 0.71765
0.52157 0.59216 0.71373
0.52549 0.6 0.71765
0.51373 0.58824 0.70588
0.51765 0.59216 0.71765
0.52549 0.59216 0.72157
0.52549 0.58431 0.71373
0.51765 0.58431 0.70196
0.52157 0.58824 0.70588
0.5098 0.58824 0.70196
0.52549 0.6 0.72941
0.52157 0.59608 0.71765
0.51765 0.59216 0.7098
0.52157 0.59608 0.71373
0.51765 0.59216 0.7098
0.52549 0.6 0.72549
0.52941 0.59608 0.72549
0.53333 0.59608 0.72549
0.52157 0.58824 0.7098
0.52157 0.59216 0.7098
0.51373 0.58824 0.70588
0.52157 0.59216 0.7098
0.52549 0.6 0.72157
0.52549 0.59608 0.71765
0.52157 0.59608 0.71373
0.52157 0.59608 0.71373
0.52157 0.59608 0.71373
0.52157 0.59608 0.71765
0.52157 0.59216 0.71373
0.52941 0.59216 0.71373
0.52549 0.59216 0.70588
0.52157 0.59216 0.70196
0.51373 0.59216 0.70196
0.52549 0.6 0.71765
0.52549 0.6 0.71765
0.51765 0.59216 0.7098
0.52157 0.6 0.71765
0.51765 0.59216 0.7098
0.52157 0.59216 0.7098
0.52157 0.58824 0.70588
0.52549 0.59216 0.70196
0.52157 0.59608 0.70196
0.51765 0.6 0.71373
0.52157 0.60392 0.71765
0.51765 0.6 0.71373
0.51765 0.59216 0.7098
0.52941 0.6 0.71765
0.52941 0.59608 0.71373
0.52941 0.59608 0.70588
0.52549 0.60392 0.71765
0.51765 0.59608 0.7098
0.52549 0.59608 0.71373
0.52941 0.59608 0.71373
