0.42745 0.40392 0.4
0.42353 0.4 0.4
0.40784 0.39216 0.38431
0.40392 0.38824 0.38431
0.4 0.38431 0.38824
0.42745 0.40784 0.39608
0.41961 0.39608 0.39216
0.42353 0.4 0.4
0.41569 0.39608 0.4
0.40392 0.38824 0.39216
0.42745 0.40784 0.39608
0.42353 0.40392 0.39608
0.41569 0.39216 0.39608
0.41176 0.39608 0.4
0.40392 0.38824 0.39608
0.41961 0.40392 0.39608
0.41961 0.40392 0.40392
0.41961 0.40392 0.40784
0.40784 0.4 0.4
0.39608 0.38824 0.39608
0.42745 0.41176 0.40392
0.42745 0.41176 0.41176
0.42745 0.41176 0.41569
0.41961 0.40392 0.41176
0.41569 0.4 0.41569
0.42745 0.41176 0.41176
0.41961 0.40392 0.40784
0.41961 0.4 0.41569
0.41176 0.39608 0.40392
0.40392 0.38431 0.4
