0.35294 0.42353 0.56471
0.33725 0.40784 0.54902
0.36078 0.42745 0.56863
0.33725 0.41176 0.55294
0.34902 0.42353 0.56471
0.3451 0.41569 0.55294
0.33725 0.41569 0.55686
0.33725 0.41569 0.56078
0.3098 0.38824 0.52549
0.3451 0.41961 0.55686
0.34118 0.41961 0.56078
0.32941 0.40784 0.54902
0.31765 0.39608 0.52941
0.33333 0.41961 0.55294
0.33333 0.41569 0.55294
0.33725 0.41569 0.55686
0.32549 0.40392 0.54118
0.32549 0.41176 0.54902
0.35686 0.43922 0.57255
0.35294 0.43137 0.56863
0.32549 0.4 0.5451
0.34902 0.42353 0.56471
0.37255 0.45098 0.58431
0.39216 0.46667 0.60392
0.31765 0.39216 0.53725
0.3451 0.41569 0.5451
0.34118 0.41176 0.5451
0.30588 0.37647 0.52157
0.32157 0.39216 0.52941
