0.070588 0.12941 0.14118
0.070588 0.12941 0.14118
0.070588 0.12941 0.14118
0.07451 0.13333 0.1451
0.066667 0.12157 0.13725
0.066667 0.12549 0.13725
0.066667 0.12941 0.13725
0.070588 0.12941 0.14118
0.07451 0.13333 0.1451
0.078431 0.14118 0.14902
0.066667 0.12941 0.1451
0.066667 0.12549 0.13725
0.070588 0.13333 0.14118
0.078431 0.13333 0.14902
0.078431 0.13725 0.14902
0.086275 0.1451 0.15686
0.082353 0.14118 0.14902
0.07451 0.13333 0.14902
0.07451 0.13333 0.1451
0.07451 0.12941 0.1451
0.07451 0.13333 0.1451
0.086275 0.14118 0.15294
0.098039 0.14902 0.16078
0.082353 0.13725 0.1451
0.078431 0.13725 0.14902
0.078431 0.13725 0.14902
0.082353 0.14118 0.15294
0.082353 0.1451 0.15686
0.086275 0.1451 0.15686
0.078431 0.13725 0.14902
0.082353 0.14118 0.15294
0.082353 0.14118 0.15294
0.078431 0.14118 0.15294
