0.52157 0.65882 0.81569
0.52549 0.66275 0.81961
0.51765 0.6549 0.81176
0.52549 0.66275 0.81961
0.52941 0.66667 0.82353
0.51373 0.65098 0.80784
0.52157 0.65882 0.81569
0.52157 0.65882 0.81569
0.52157 0.65882 0.81176
0.51765 0.6549 0.81176
0.52157 0.65882 0.81569
0.51765 0.6549 0.81176
0.51765 0.6549 0.81176
0.52157 0.65882 0.81569
0.52157 0.65882 0.81569
0.52549 0.66275 0.81569
0.51373 0.65098 0.80784
0.51373 0.65098 0.80784
0.52157 0.65882 0.81569
0.52157 0.65882 0.81569
0.52157 0.65882 0.81569
0.52157 0.65882 0.81569
0.51373 0.65098 0.80392
0.5098 0.64706 0.80392
0.51765 0.6549 0.81176
0.52157 0.65882 0.81569
0.52157 0.65882 0.81569
0.52157 0.6549 0.81176
0.51373 0.65098 0.80392
0.52157 0.65882 0.80784
