0.27059 0.36863 0.50196
0.25882 0.36078 0.49412
0.26667 0.36863 0.5098
0.27451 0.37255 0.52157
0.27843 0.37647 0.5098
0.26275 0.36471 0.50196
0.27059 0.37255 0.51373
0.27059 0.36863 0.51373
0.27451 0.37647 0.50196
0.26667 0.36078 0.49804
0.27059 0.36863 0.50588
0.27451 0.36471 0.50588
0.28235 0.37647 0.50588
0.28235 0.36863 0.50588
0.27843 0.36863 0.5098
0.27451 0.36471 0.5098
0.26667 0.35686 0.4902
0.2549 0.33725 0.47843
0.27843 0.36863 0.5098
0.26275 0.35686 0.49804
0.24314 0.31765 0.45098
0.27843 0.36078 0.49804
