0.67451 0.73725 0.8
0.67843 0.73725 0.8
0.67059 0.73333 0.79216
0.67451 0.73333 0.79608
0.67451 0.73725 0.8
0.67059 0.73333 0.79608
0.66667 0.72941 0.78824
0.67059 0.73333 0.79608
0.66667 0.72941 0.78824
0.67059 0.73333 0.79216
0.67451 0.73333 0.8
0.66667 0.72941 0.79216
0.67059 0.73333 0.79216
0.67059 0.73333 0.79608
0.67451 0.73725 0.8
0.67059 0.73333 0.79608
0.67059 0.73333 0.79216
0.67059 0.73333 0.79216
0.67059 0.73333 0.79608
0.67059 0.73333 0.79216
0.67059 0.73333 0.79216
0.67059 0.73333 0.79608
0.66667 0.73333 0.79216
0.67843 0.73725 0.79608
0.67843 0.73725 0.79608
0.67059 0.73333 0.79608
