0.19608 0.32549 0.46275
0.19216 0.32157 0.45882
0.20392 0.32941 0.46275
0.20784 0.33333 0.46275
0.19608 0.31765 0.45098
0.19608 0.32549 0.46275
0.18824 0.31765 0.4549
0.20392 0.32157 0.4549
0.21176 0.32941 0.46275
0.20392 0.32157 0.4549
0.21176 0.32941 0.47843
0.20784 0.32941 0.47451
0.20392 0.32549 0.47059
0.20784 0.32549 0.46667
0.20784 0.32549 0.46275
0.19608 0.31373 0.4549
0.21176 0.32941 0.47843
0.20784 0.32549 0.47451
0.20392 0.32157 0.47059
0.20784 0.32157 0.47059
0.20784 0.32157 0.46667
0.2 0.31373 0.45882
0.21176 0.32941 0.47843
0.20392 0.32157 0.47059
0.20392 0.32157 0.47059
0.20784 0.32157 0.47451
0.20784 0.31765 0.47059
0.19608 0.30588 0.45882
0.21176 0.32941 0.47843
0.2 0.32157 0.46667
0.20392 0.32157 0.47059
0.20392 0.31765 0.47059
0.20784 0.31765 0.47059
0.19608 0.30588 0.46275
0.18431 0.29412 0.44314
0.21176 0.32941 0.47843
0.20784 0.32549 0.47451
0.2 0.31765 0.46667
0.20784 0.31765 0.47059
0.20784 0.31765 0.46667
0.19608 0.30588 0.45882
0.19216 0.30196 0.45098
0.20784 0.32549 0.47451
0.2 0.31765 0.46667
0.20784 0.31765 0.46275
0.20784 0.31765 0.46275
0.18824 0.29804 0.44314
0.20392 0.32157 0.47059
0.19216 0.3098 0.45882
0.20392 0.31765 0.46275
0.21176 0.32157 0.46667
0.2 0.31765 0.46667
0.19608 0.31373 0.4549
