0.63529 0.58824 0.5098
0.56863 0.52157 0.47059
0.54118 0.50196 0.45098
0.63922 0.58431 0.52157
0.56471 0.51373 0.47451
0.54118 0.50196 0.44314
0.63137 0.57255 0.51373
0.56078 0.5098 0.47059
0.55686 0.51765 0.46275
0.61569 0.56078 0.50196
0.56078 0.50588 0.47059
0.58039 0.5451 0.48627
0.61569 0.56078 0.49804
0.55686 0.50588 0.45882
0.61569 0.56863 0.5098
0.61176 0.56078 0.49804
0.55294 0.50196 0.45098
0.64314 0.59608 0.53333
0.60784 0.55294 0.4902
0.54902 0.50196 0.45098
0.6902 0.64314 0.58039
0.74118 0.6902 0.61961
0.78824 0.73725 0.65882
0.83137 0.78039 0.70196
0.87059 0.82353 0.74118
0.90588 0.85882 0.77255
