0.015686 0.16078 0.32549
0.023529 0.16471 0.32941
0.023529 0.16078 0.32549
0.015686 0.16471 0.33725
0.015686 0.16078 0.32549
0.015686 0.15294 0.31373
0.019608 0.16863 0.34118
0.015686 0.16078 0.32549
0.019608 0.16078 0.32157
0.019608 0.17255 0.34118
0.011765 0.15686 0.32549
0.019608 0.16078 0.32157
0.015686 0.16471 0.33725
0.015686 0.15686 0.33333
0.019608 0.15294 0.32549
0.015686 0.16863 0.3451
0.023529 0.16471 0.34118
0.023529 0.15686 0.32941
0.019608 0.16863 0.3451
0.023529 0.16471 0.34118
0.027451 0.15686 0.32941
0.023529 0.14902 0.31373
0.023529 0.17255 0.34902
0.015686 0.16078 0.33333
0.015686 0.16078 0.33333
0.019608 0.16471 0.32941
