0.57647 0.69412 0.80392
0.57255 0.69412 0.80392
0.57647 0.69412 0.80392
0.57255 0.6902 0.8
0.57647 0.6902 0.8
0.56863 0.68627 0.79608
0.56863 0.68627 0.79608
0.58039 0.69412 0.80784
0.58431 0.69412 0.80784
0.58039 0.69412 0.80784
0.57647 0.69412 0.80392
0.58039 0.69804 0.80784
0.57647 0.69412 0.80392
0.58039 0.69804 0.80784
0.58824 0.69804 0.81176
0.58039 0.69412 0.80784
0.58039 0.69804 0.80784
0.58039 0.69804 0.80784
0.58039 0.69804 0.80784
0.57647 0.69804 0.80784
0.58824 0.69804 0.81176
0.57647 0.69412 0.80392
0.57647 0.69412 0.80392
0.57647 0.69412 0.80392
0.58431 0.69412 0.80784
