0.11373 0.2902 0.46667
0.1098 0.29412 0.46667
0.086275 0.27059 0.44314
0.098039 0.28627 0.4549
0.11765 0.30588 0.47451
0.094118 0.28235 0.45098
0.082353 0.27451 0.44314
0.078431 0.27059 0.43922
0.098039 0.29804 0.47451
0.094118 0.28627 0.46667
0.090196 0.28235 0.45882
0.078431 0.27059 0.44706
0.094118 0.29412 0.47843
0.086275 0.28627 0.46667
0.082353 0.28235 0.46275
0.07451 0.27451 0.4549
0.090196 0.2902 0.47451
0.078431 0.28235 0.46667
0.070588 0.27451 0.45882
0.078431 0.28235 0.46667
0.070588 0.27843 0.46275
