0.15294 0.25098 0.36863
0.15294 0.24706 0.36863
0.14902 0.24706 0.36471
0.16078 0.25882 0.37647
0.14902 0.24706 0.36471
0.15294 0.25098 0.36863
0.14902 0.2549 0.36863
0.14902 0.2549 0.36863
0.14902 0.2549 0.36863
0.14902 0.25098 0.36471
0.15294 0.25098 0.36863
0.15686 0.2549 0.37255
0.14902 0.2549 0.36863
0.15686 0.26275 0.37647
0.15686 0.25882 0.37255
0.15686 0.2549 0.37255
0.14902 0.2549 0.36863
0.13725 0.24706 0.35686
0.15294 0.2549 0.37255
0.16078 0.26275 0.38039
0.15294 0.2549 0.37255
0.15686 0.2549 0.37255
