0.54902 0.67843 0.83137
0.54902 0.67843 0.83137
0.55686 0.67843 0.83137
0.55294 0.67843 0.83137
0.55686 0.68235 0.83529
0.55686 0.67843 0.83137
0.55294 0.67843 0.83137
0.55686 0.67843 0.83137
0.55686 0.67843 0.83137
0.55686 0.67451 0.83137
0.55294 0.67843 0.83137
0.55294 0.67843 0.83137
0.55294 0.67843 0.83137
0.55686 0.68235 0.83529
0.55294 0.67843 0.83137
0.5451 0.67059 0.81961
0.55294 0.67843 0.82745
0.55686 0.68235 0.83137
0.55686 0.67843 0.83137
0.55294 0.67843 0.83137
0.55294 0.67843 0.83137
0.55294 0.67843 0.83137
