0.63922 0.71373 0.78039
0.63529 0.7098 0.77647
0.63137 0.70588 0.77255
0.63922 0.71373 0.78824
0.63922 0.71373 0.78039
0.63529 0.7098 0.77647
0.63529 0.7098 0.77647
0.62745 0.7098 0.78824
0.63529 0.7098 0.78039
0.63529 0.70588 0.78431
0.6549 0.72941 0.80392
0.56863 0.64706 0.72941
0.63529 0.7098 0.79216
0.64314 0.71373 0.80392
0.56078 0.62745 0.72549
0.34902 0.42745 0.53333
0.63529 0.71765 0.79608
0.63922 0.72157 0.81176
0.47451 0.55294 0.6549
0.63529 0.71373 0.8
0.44314 0.52157 0.62353
0.44706 0.52157 0.61961
