0.93725 0.81961 0.68627
0.92941 0.81176 0.67843
0.93725 0.81961 0.68627
0.92549 0.80784 0.67451
0.92941 0.81176 0.67843
0.93333 0.81569 0.68235
0.93725 0.81961 0.68627
0.92941 0.81176 0.67843
0.94902 0.83137 0.69804
0.93333 0.81569 0.68235
0.92549 0.80784 0.67843
0.93333 0.81569 0.68235
0.93333 0.81569 0.68235
0.92941 0.81176 0.67843
0.92941 0.81176 0.67451
0.93333 0.81569 0.67843
0.92549 0.80784 0.67059
0.91765 0.8 0.66667
0.92941 0.81176 0.67843
0.92941 0.81176 0.67451
0.92157 0.80392 0.66275
0.93333 0.81569 0.68235
0.92941 0.81176 0.67843
0.93725 0.81961 0.68627
0.92157 0.80392 0.67059
0.90588 0.78824 0.6549
0.91373 0.79216 0.67059
0.93333 0.81569 0.68235
0.92549 0.80784 0.67451
0.92157 0.8 0.68235
