0.20392 0.30588 0.46667
0.20392 0.30588 0.46667
0.20392 0.30588 0.46667
0.20392 0.30588 0.46667
0.19608 0.30196 0.46275
0.21176 0.3098 0.47059
0.2 0.29804 0.45882
0.20392 0.30588 0.46275
0.20784 0.30588 0.46275
0.19608 0.29412 0.4549
0.2 0.29804 0.4549
0.2 0.29804 0.4549
0.19216 0.2902 0.45098
0.20392 0.30196 0.45882
0.20392 0.30196 0.45882
0.21569 0.3098 0.46667
0.20784 0.30588 0.46667
0.21569 0.31373 0.47451
0.20784 0.30588 0.46667
0.20784 0.30588 0.46275
0.20784 0.30588 0.46275
0.21176 0.30588 0.46667
0.21961 0.3098 0.47451
0.21569 0.30588 0.47059
0.20392 0.30588 0.46667
0.2 0.3098 0.46667
0.21569 0.31373 0.47451
0.20392 0.30196 0.46275
0.20784 0.31373 0.47059
