0.15686 0.24706 0.38039
0.043137 0.16078 0.32941
0.14902 0.23529 0.37647
0.1451 0.23137 0.37647
0.078431 0.18039 0.33725
0.031373 0.15686 0.32157
0.039216 0.16471 0.33725
0.043137 0.16863 0.34118
0.043137 0.16863 0.33333
0.15294 0.23922 0.38039
0.14902 0.23137 0.37647
0.10196 0.23529 0.4
0.058824 0.16471 0.32941
0.047059 0.16471 0.32941
0.047059 0.16471 0.33333
0.05098 0.16471 0.33333
0.05098 0.16863 0.33333
0.15686 0.23529 0.37647
0.15686 0.23137 0.37647
0.047059 0.16863 0.34118
0.062745 0.16471 0.33725
0.05098 0.16863 0.33333
0.05098 0.16471 0.32549
0.054902 0.16863 0.33725
0.05098 0.16471 0.33725
0.14902 0.23529 0.37647
0.15294 0.23529 0.38039
0.15294 0.23529 0.38431
0.13725 0.29804 0.47451
0.054902 0.16471 0.32549
0.05098 0.16471 0.32941
0.047059 0.16471 0.32941
0.054902 0.16471 0.32157
0.05098 0.15686 0.32157
0.05098 0.15686 0.32941
0.05098 0.16471 0.32549
0.05098 0.16471 0.32549
0.14118 0.23137 0.36471
0.15294 0.23529 0.36863
0.16078 0.24314 0.38039
0.14902 0.23922 0.38039
0.15294 0.24314 0.38431
0.14902 0.23529 0.37647
0.16863 0.24706 0.38824
0.054902 0.19216 0.34902
0.058824 0.16863 0.32157
0.047059 0.16078 0.31765
0.054902 0.15686 0.32157
0.058824 0.16863 0.32157
0.054902 0.16471 0.32157
0.043137 0.15294 0.31765
0.05098 0.16078 0.31765
0.05098 0.16863 0.32549
0.031373 0.15294 0.29804
0.13333 0.22745 0.36863
0.15294 0.24706 0.37647
0.14902 0.23922 0.37255
0.15294 0.23137 0.36863
0.16078 0.24706 0.38039
0.15294 0.24314 0.37647
0.15686 0.25098 0.38431
0.15294 0.25098 0.38039
0.15686 0.24314 0.37647
0.17255 0.2549 0.38431
0.16078 0.2549 0.37647
0.16471 0.25882 0.37647
0.031373 0.14902 0.3098
0.05098 0.16078 0.31765
0.047059 0.16078 0.31765
0.058824 0.16863 0.32549
0.058824 0.16863 0.32549
0.05098 0.16471 0.32157
0.043137 0.15686 0.31373
0.047059 0.16078 0.31765
0.05098 0.16471 0.32157
0.031373 0.15294 0.30196
0.12549 0.21961 0.35294
0.12941 0.22353 0.36471
0.14118 0.23529 0.36863
0.14118 0.24314 0.36078
0.14902 0.25098 0.36863
0.15294 0.24706 0.37647
0.16078 0.24314 0.38039
0.17255 0.23922 0.38039
0.16471 0.23529 0.37647
0.16078 0.23922 0.37647
0.16078 0.24314 0.38039
0.14902 0.24314 0.37647
0.16078 0.23529 0.37647
0.17647 0.25098 0.38039
0.17647 0.25098 0.38431
0.16471 0.24706 0.38039
0.11765 0.26667 0.43137
0.05098 0.14902 0.3098
0.054902 0.16471 0.32157
0.05098 0.16078 0.31765
0.062745 0.17255 0.32549
0.054902 0.16471 0.32157
0.054902 0.16471 0.32157
0.047059 0.16078 0.31765
0.043137 0.15294 0.31373
0.035294 0.15294 0.3098
0.031373 0.15686 0.30588
0.082353 0.23137 0.38431
0.12549 0.21961 0.35294
0.13333 0.22745 0.36078
0.13333 0.22745 0.36863
0.14118 0.23529 0.36863
0.14902 0.25098 0.36863
0.14902 0.25098 0.36863
0.15294 0.24706 0.37647
0.15294 0.23922 0.37647
0.16078 0.23529 0.37647
0.15294 0.22745 0.36471
0.15686 0.23922 0.37647
0.16471 0.24314 0.38039
0.1451 0.23529 0.36863
0.16863 0.24314 0.38039
0.16863 0.25098 0.37647
0.16863 0.25098 0.38039
0.14902 0.2549 0.38824
0.066667 0.19216 0.35294
0.078431 0.18039 0.33333
0.070588 0.18039 0.33333
0.070588 0.18039 0.33333
0.066667 0.17647 0.32941
0.062745 0.16863 0.32549
0.047059 0.15686 0.31765
0.039216 0.14902 0.3098
0.035294 0.14902 0.30588
0.031373 0.14902 0.30588
0.035294 0.16078 0.30588
0.047059 0.18039 0.33333
0.13725 0.22745 0.35294
0.13333 0.23137 0.35294
0.13333 0.23529 0.35686
0.14118 0.24314 0.36471
0.14118 0.24314 0.36471
0.1451 0.24314 0.36863
0.14902 0.24314 0.38039
0.14118 0.23137 0.37255
0.14118 0.23137 0.36471
0.14902 0.23137 0.36863
0.15686 0.23529 0.37255
0.15294 0.23529 0.37647
0.1451 0.23137 0.36471
0.16078 0.2549 0.38039
0.15686 0.25098 0.38039
0.16471 0.2549 0.38431
0.14118 0.27059 0.40784
0.066667 0.18824 0.33333
0.082353 0.19608 0.34902
0.070588 0.18824 0.33725
0.066667 0.18431 0.33333
0.058824 0.17255 0.32941
0.058824 0.16078 0.32941
0.047059 0.1451 0.31765
0.039216 0.14118 0.3098
0.043137 0.14902 0.3098
0.035294 0.15686 0.3098
0.047059 0.16078 0.3098
0.05098 0.14902 0.30196
0.13725 0.22745 0.35294
0.14118 0.23529 0.36078
0.13725 0.23922 0.35686
0.1451 0.24314 0.36471
0.14118 0.23922 0.36078
0.1451 0.23922 0.36863
0.1451 0.23922 0.37255
0.13725 0.22745 0.36863
0.1451 0.23529 0.36863
0.1451 0.23529 0.36863
0.15294 0.24314 0.37647
0.14902 0.23529 0.37647
0.1451 0.23922 0.37647
0.15294 0.2549 0.38824
0.14118 0.25098 0.38824
0.13725 0.23922 0.38039
0.12549 0.23529 0.38824
0.098039 0.23137 0.38824
0.07451 0.2 0.3451
0.078431 0.20392 0.34902
0.066667 0.19608 0.35294
0.05098 0.18039 0.32941
0.039216 0.17255 0.32157
0.035294 0.16863 0.31765
0.05098 0.17255 0.33725
0.039216 0.15294 0.32157
0.027451 0.14118 0.30588
0.035294 0.1451 0.3098
0.035294 0.14118 0.30196
0.047059 0.15686 0.31373
0.035294 0.14118 0.3098
0.13333 0.22353 0.35686
0.14118 0.22745 0.35686
0.14118 0.23529 0.35686
0.1451 0.23529 0.36078
0.14902 0.24314 0.36863
0.15294 0.24706 0.36863
0.14118 0.23922 0.36471
0.15686 0.25098 0.38431
0.13333 0.22745 0.36863
0.15294 0.24314 0.37647
0.15294 0.24706 0.37647
0.1451 0.24314 0.37647
0.1451 0.24706 0.37647
0.13333 0.23922 0.37647
0.11765 0.23529 0.37255
0.1098 0.22353 0.36863
0.090196 0.21569 0.36078
0.078431 0.20784 0.36078
0.078431 0.20784 0.35294
0.066667 0.19608 0.34118
0.05098 0.18824 0.34118
0.05098 0.18039 0.34118
0.047059 0.17647 0.33333
0.043137 0.17255 0.32549
0.039216 0.16863 0.32549
0.047059 0.17647 0.33725
0.039216 0.15294 0.31765
0.043137 0.1451 0.31373
0.035294 0.14118 0.3098
0.043137 0.13725 0.3098
0.047059 0.14902 0.3098
0.035294 0.1451 0.3098
0.11765 0.2902 0.4549
0.12941 0.22353 0.35686
0.12941 0.22353 0.35686
0.13725 0.23137 0.36471
0.14118 0.23137 0.36863
0.14118 0.23137 0.36863
0.16078 0.25098 0.38824
0.15294 0.24314 0.37647
0.16863 0.25882 0.39608
0.13725 0.22745 0.36078
0.15686 0.24706 0.38039
0.15294 0.24706 0.37647
0.14902 0.25098 0.37647
0.12941 0.23922 0.37255
0.10196 0.22353 0.36471
0.082353 0.21569 0.36078
0.086275 0.21569 0.36863
0.078431 0.20784 0.36471
0.07451 0.20784 0.36863
0.070588 0.21176 0.36471
0.05098 0.18824 0.34902
0.05098 0.18824 0.35294
0.05098 0.18431 0.34902
0.043137 0.17255 0.33333
0.043137 0.16863 0.33333
0.043137 0.17255 0.33333
0.035294 0.16078 0.32157
0.035294 0.15686 0.32157
0.039216 0.1451 0.31373
0.027451 0.14118 0.3098
0.031373 0.1451 0.31373
0.031373 0.14902 0.30196
0.047059 0.15294 0.30196
0.082353 0.22745 0.38824
0.12549 0.22353 0.34902
0.13333 0.22745 0.35686
0.13333 0.22745 0.36471
0.12549 0.22353 0.36078
0.12549 0.21961 0.36078
0.12549 0.21961 0.36078
0.11373 0.20784 0.34902
0.12941 0.22353 0.36471
0.1451 0.24314 0.38039
0.1451 0.24314 0.38431
0.15686 0.25098 0.38824
0.14902 0.24314 0.37647
0.1451 0.23922 0.37647
0.11765 0.21569 0.35686
0.1451 0.25098 0.4
0.12549 0.23137 0.38039
0.10588 0.22353 0.37255
0.098039 0.21961 0.37647
0.086275 0.21176 0.37255
0.078431 0.21176 0.36863
0.078431 0.20784 0.36863
0.066667 0.19608 0.35686
0.062745 0.2 0.35686
0.05098 0.19216 0.35294
0.043137 0.18039 0.3451
0.047059 0.18824 0.35294
0.05098 0.18824 0.35294
0.043137 0.16863 0.33725
0.035294 0.16471 0.33333
0.039216 0.16863 0.33725
0.035294 0.16471 0.32941
0.031373 0.15686 0.32549
0.027451 0.1451 0.31765
0.019608 0.14118 0.3098
0.015686 0.13333 0.30588
0.031373 0.14902 0.29804
0.047059 0.15294 0.3098
0.05098 0.18431 0.34118
0.14118 0.21961 0.35686
0.13333 0.21961 0.35686
0.13333 0.22353 0.36863
0.12941 0.22353 0.36471
0.12941 0.22353 0.36078
0.13333 0.22745 0.36471
0.13725 0.22353 0.36471
0.1451 0.22353 0.37255
0.15686 0.23922 0.38431
0.14902 0.23137 0.37255
0.14902 0.24706 0.38039
0.13725 0.24314 0.38824
0.10196 0.21961 0.37255
0.094118 0.21961 0.38039
0.078431 0.20784 0.36863
0.07451 0.21569 0.36863
0.07451 0.21176 0.37647
0.070588 0.20392 0.36863
0.062745 0.2 0.35686
0.070588 0.20392 0.36471
0.066667 0.2 0.36078
0.066667 0.20784 0.36078
0.047059 0.19608 0.35294
0.039216 0.18431 0.34902
0.035294 0.18039 0.3451
0.039216 0.18039 0.34902
0.047059 0.17647 0.34902
0.039216 0.16863 0.33725
0.027451 0.15686 0.32941
0.031373 0.16471 0.33725
0.031373 0.16078 0.33333
0.027451 0.15294 0.32549
0.015686 0.14118 0.3098
0.015686 0.13725 0.30588
0.035294 0.1451 0.29804
0.027451 0.1451 0.30588
0.035294 0.1451 0.29804
0.13725 0.21961 0.35686
0.13725 0.22353 0.35686
0.13725 0.22745 0.36471
0.12941 0.22353 0.35686
0.13333 0.22353 0.36078
0.13725 0.22353 0.36471
0.13725 0.23137 0.36863
0.12941 0.22745 0.36078
0.14118 0.24314 0.38431
0.13333 0.23922 0.38824
0.12157 0.23137 0.38039
0.098039 0.22745 0.37255
0.086275 0.22353 0.37255
0.07451 0.21961 0.36863
0.066667 0.21569 0.36863
0.062745 0.20784 0.36471
0.070588 0.20784 0.37255
0.070588 0.21176 0.36863
0.062745 0.2 0.35686
0.054902 0.19608 0.34902
0.054902 0.2 0.35294
0.05098 0.19608 0.35686
0.039216 0.18431 0.34902
0.035294 0.18431 0.3451
0.043137 0.18431 0.34902
0.043137 0.18039 0.3451
0.023529 0.15686 0.32549
0.019608 0.15294 0.31765
0.0078431 0.14118 0.30588
0.023529 0.1451 0.30196
0.023529 0.14902 0.3098
0.035294 0.13725 0.2902
0.13725 0.23137 0.36471
0.13725 0.22745 0.36078
0.14118 0.23529 0.37255
0.13333 0.22745 0.36863
0.13333 0.22745 0.37647
0.13725 0.23529 0.38431
0.12549 0.23137 0.37647
0.11373 0.22745 0.38431
0.10196 0.22353 0.38039
0.090196 0.21961 0.37255
0.078431 0.21569 0.36471
0.070588 0.21961 0.36471
0.062745 0.21569 0.36078
0.066667 0.21569 0.36863
0.062745 0.20784 0.37255
0.062745 0.20784 0.36471
0.058824 0.20392 0.35686
0.054902 0.2 0.35294
0.043137 0.19216 0.3451
0.043137 0.19216 0.35294
0.043137 0.18824 0.36078
0.035294 0.18824 0.35294
0.039216 0.18431 0.34902
0.039216 0.18039 0.3451
0.043137 0.18039 0.34118
0.12157 0.21569 0.35294
0.12549 0.21961 0.36078
0.12941 0.22353 0.36471
0.12549 0.22745 0.36863
0.11765 0.23137 0.37647
0.11373 0.23137 0.38431
0.10588 0.22745 0.38824
0.082353 0.21569 0.37255
0.07451 0.21569 0.36863
0.07451 0.22353 0.36863
0.070588 0.22353 0.36863
0.062745 0.21569 0.36078
0.062745 0.21176 0.36471
0.058824 0.20392 0.36471
0.058824 0.20392 0.37255
0.054902 0.20392 0.36863
0.05098 0.2 0.36078
0.054902 0.2 0.36471
0.05098 0.20392 0.36471
0.035294 0.18824 0.35294
0.035294 0.18431 0.35294
0.035294 0.18039 0.3451
0.047059 0.18431 0.34902
0.11765 0.21176 0.35294
0.12157 0.22353 0.36863
0.12157 0.22745 0.36863
0.11373 0.22745 0.37255
0.10196 0.22745 0.38039
0.094118 0.22353 0.38431
0.078431 0.21569 0.37647
0.07451 0.21961 0.37255
0.066667 0.22353 0.37255
0.070588 0.22745 0.37255
0.066667 0.21961 0.36863
0.054902 0.21176 0.35686
0.054902 0.20392 0.36863
0.054902 0.20392 0.37255
0.043137 0.19216 0.36471
0.043137 0.19216 0.36078
0.043137 0.19216 0.36078
0.047059 0.19608 0.36471
0.047059 0.2 0.36471
0.035294 0.18824 0.35686
0.10588 0.22745 0.37255
0.10196 0.23137 0.37647
0.094118 0.22353 0.38431
0.078431 0.21569 0.38039
0.070588 0.21961 0.38431
0.062745 0.21569 0.37647
0.058824 0.21176 0.37255
0.054902 0.20784 0.36078
0.058824 0.21176 0.36078
0.054902 0.20784 0.36078
0.047059 0.2 0.36863
0.05098 0.20392 0.37255
0.043137 0.19608 0.36471
0.043137 0.19608 0.36471
0.098039 0.22745 0.38039
0.090196 0.21961 0.37647
0.082353 0.21961 0.37647
0.066667 0.20784 0.36863
0.070588 0.21569 0.38039
0.058824 0.21176 0.37255
0.054902 0.20784 0.36863
0.054902 0.20784 0.36863
0.047059 0.2 0.36078
0.047059 0.2 0.36078
0.039216 0.2 0.36471
0.043137 0.20392 0.37255
0.086275 0.21569 0.38039
0.07451 0.20784 0.36863
0.058824 0.20392 0.36471
0.043137 0.2 0.36078
0.039216 0.19608 0.35686
0.043137 0.2 0.35686
0.039216 0.20392 0.36078
