0.94118 0.82745 0.69412
0.94118 0.82745 0.69412
0.94902 0.83529 0.70196
0.9451 0.83137 0.69804
0.94118 0.82745 0.69412
0.94118 0.82745 0.69412
0.9451 0.83137 0.69804
0.94118 0.82745 0.69412
0.94118 0.82745 0.69412
0.93725 0.82353 0.6902
0.94118 0.82745 0.69412
0.94118 0.82745 0.69412
0.9451 0.83137 0.69804
0.94902 0.83529 0.70196
0.94902 0.83529 0.70196
0.94902 0.83529 0.70196
0.94902 0.83529 0.70196
0.95294 0.83922 0.70588
0.94902 0.83529 0.70196
0.9451 0.83137 0.69804
0.92941 0.81176 0.67843
0.93333 0.81176 0.68627
0.92941 0.80784 0.68627
0.93333 0.81176 0.6902
0.93333 0.81961 0.6902
0.92941 0.82353 0.68627
0.93333 0.82353 0.68627
0.93725 0.82353 0.6902
0.9451 0.83137 0.69804
0.9451 0.83137 0.69804
0.9451 0.83137 0.69804
0.94118 0.82745 0.69412
0.94118 0.82745 0.69412
0.94902 0.83529 0.70196
0.9451 0.83137 0.69804
0.9451 0.83137 0.69804
0.9451 0.83137 0.69804
0.92941 0.81176 0.68627
0.92157 0.80784 0.68627
0.92549 0.80784 0.68235
0.93333 0.81569 0.69412
0.93725 0.81961 0.69412
0.94118 0.82745 0.69804
0.93333 0.82745 0.69412
0.92941 0.82353 0.68627
0.94118 0.83529 0.70196
0.9451 0.83922 0.70196
0.93725 0.82745 0.69412
0.9451 0.83137 0.69804
0.9451 0.83137 0.69804
0.94902 0.83137 0.69804
0.94902 0.83529 0.70196
0.94902 0.83137 0.69804
0.95294 0.83529 0.70196
0.92941 0.81569 0.6902
0.93333 0.81961 0.69804
0.92941 0.81569 0.68627
0.93725 0.82353 0.69804
0.93725 0.82353 0.69804
0.93725 0.82353 0.69804
0.92941 0.82745 0.6902
0.92157 0.81961 0.68235
0.92941 0.82745 0.6902
0.93725 0.83529 0.69804
0.93725 0.83529 0.69804
0.9451 0.83137 0.69804
0.94902 0.83529 0.70196
0.95294 0.83529 0.70196
0.95686 0.83922 0.70588
0.95686 0.83922 0.70588
0.95294 0.83529 0.70196
0.92549 0.81176 0.67843
0.92549 0.81176 0.68627
0.92549 0.81176 0.6902
0.92549 0.81176 0.68235
0.92157 0.80784 0.68235
0.92941 0.81569 0.6902
0.93725 0.82353 0.69804
0.92941 0.82745 0.6902
0.92549 0.82745 0.68627
0.93333 0.83529 0.69804
0.94118 0.83922 0.70196
0.94118 0.83922 0.70196
0.9451 0.83137 0.69804
0.95294 0.83529 0.70196
0.95686 0.83922 0.70588
0.95294 0.83529 0.70196
0.94902 0.83137 0.69804
0.95294 0.83529 0.70196
0.92549 0.81569 0.68627
0.91373 0.80392 0.67843
0.92549 0.81176 0.6902
0.92157 0.80392 0.67843
0.92157 0.81176 0.68627
0.92549 0.81961 0.6902
0.93333 0.82745 0.69412
0.94118 0.83137 0.69804
0.94118 0.83137 0.69804
0.93725 0.82745 0.69412
0.94118 0.83529 0.69804
0.94902 0.83922 0.70588
0.94902 0.83529 0.70196
0.94902 0.83529 0.70196
0.94118 0.82745 0.69412
0.94902 0.83529 0.70196
0.94902 0.83529 0.70196
0.95294 0.83529 0.70196
0.92549 0.82353 0.70196
0.92549 0.81569 0.69412
0.93333 0.81569 0.69804
0.92157 0.80392 0.68235
0.92157 0.81961 0.6902
0.92941 0.82745 0.69412
0.93725 0.83137 0.69412
0.9451 0.83137 0.69804
0.9451 0.82745 0.69412
0.94118 0.82745 0.69412
0.94118 0.82745 0.69412
0.9451 0.83137 0.69804
0.94902 0.83529 0.70196
0.9451 0.83137 0.69804
0.92941 0.81569 0.68235
0.93725 0.82353 0.6902
0.94902 0.83137 0.69804
0.95294 0.83529 0.70196
0.92157 0.82745 0.7098
0.91765 0.80784 0.68627
0.93725 0.81961 0.70588
0.92941 0.81176 0.6902
0.93725 0.82353 0.69804
0.9451 0.83137 0.69804
0.94118 0.82745 0.69412
0.9451 0.83137 0.69804
0.9451 0.83137 0.69804
0.9451 0.83137 0.69804
0.94902 0.83529 0.70196
0.94902 0.83529 0.70196
0.95294 0.83922 0.70588
0.94902 0.83529 0.70196
0.94902 0.83529 0.70196
0.94902 0.83529 0.70196
0.95686 0.83922 0.70588
0.96078 0.83922 0.7098
0.92549 0.83529 0.72157
0.91373 0.8 0.68235
0.93725 0.81961 0.70588
0.92941 0.81176 0.6902
0.93725 0.82353 0.69804
0.93725 0.82353 0.69412
0.94118 0.82745 0.69412
0.9451 0.83137 0.69804
0.94118 0.82745 0.69412
0.9451 0.83137 0.69804
0.95686 0.84314 0.7098
0.95294 0.83922 0.70588
0.94902 0.83529 0.70196
0.95294 0.83922 0.70588
0.94902 0.83529 0.70196
0.94902 0.83529 0.70196
0.95686 0.84314 0.70588
0.95294 0.83922 0.70196
0.91373 0.81961 0.71373
0.93333 0.80784 0.69804
0.93725 0.81569 0.70196
0.92941 0.81176 0.69412
0.92941 0.81961 0.6902
0.93725 0.82353 0.69804
0.93725 0.82353 0.69804
0.94118 0.82745 0.69804
0.9451 0.83137 0.69804
0.94118 0.82745 0.69412
0.9451 0.83137 0.69804
0.94902 0.83529 0.70196
0.95294 0.83922 0.70588
0.95686 0.84314 0.7098
0.94902 0.83529 0.70196
0.94902 0.83529 0.70196
0.9451 0.83529 0.69804
0.94902 0.83922 0.69412
0.94902 0.83922 0.69412
0.93333 0.83137 0.73333
0.92941 0.80392 0.69412
0.92941 0.80784 0.69412
0.93333 0.81569 0.69804
0.93725 0.82353 0.69804
0.93333 0.81961 0.69412
0.93725 0.82353 0.69804
0.94118 0.82745 0.69804
0.94902 0.83529 0.7098
0.94118 0.82745 0.70196
0.9451 0.83137 0.70196
0.94902 0.83529 0.70196
0.95294 0.83922 0.70588
0.95686 0.84314 0.7098
0.95686 0.84314 0.7098
0.94902 0.83529 0.70196
0.94902 0.83922 0.69804
0.95686 0.84706 0.70196
0.94902 0.83922 0.69412
0.95294 0.83529 0.69412
0.93333 0.83137 0.73725
0.92941 0.80392 0.69412
0.93333 0.81176 0.69804
0.92941 0.81176 0.69412
0.93725 0.82353 0.69804
0.93725 0.82353 0.69804
0.93725 0.82353 0.69804
0.94118 0.82745 0.70196
0.94902 0.83529 0.7098
0.9451 0.83137 0.70588
0.95294 0.83922 0.70588
0.95294 0.83922 0.70588
0.9451 0.83137 0.69804
0.94118 0.82745 0.69412
0.94902 0.83529 0.70196
0.9451 0.83137 0.69804
0.95686 0.84314 0.70588
0.96078 0.85098 0.70588
0.95294 0.84314 0.69804
0.94902 0.83529 0.6902
0.95686 0.83137 0.69412
0.92549 0.82353 0.72549
0.92941 0.80392 0.69412
0.93725 0.81569 0.69804
0.93725 0.81569 0.69412
0.93333 0.81961 0.69412
0.94118 0.82745 0.70196
0.9451 0.83137 0.70588
0.94118 0.82745 0.70196
0.94118 0.82745 0.70196
0.95294 0.83922 0.70588
0.94902 0.83529 0.70196
0.95294 0.83922 0.70588
0.9451 0.83137 0.69804
0.94118 0.82745 0.69412
0.9451 0.83137 0.69804
0.94902 0.83529 0.70196
0.95294 0.83922 0.70196
0.95294 0.84314 0.69804
0.95686 0.84706 0.70196
0.94902 0.83922 0.69412
0.95294 0.83529 0.70196
0.95686 0.83922 0.70588
0.95686 0.83922 0.70588
0.93333 0.82745 0.72549
0.92157 0.8 0.68627
0.92941 0.80392 0.6902
0.93333 0.81569 0.69412
0.93725 0.82353 0.69804
0.93333 0.81961 0.69412
0.9451 0.83137 0.70588
0.9451 0.83137 0.70588
0.9451 0.83137 0.70196
0.94902 0.83529 0.70196
0.94902 0.83529 0.70196
0.95294 0.83529 0.70196
0.94902 0.83529 0.70196
0.9451 0.83137 0.69804
0.95294 0.83922 0.70588
0.95294 0.83922 0.70588
0.95294 0.83922 0.70588
0.95294 0.83922 0.70196
0.94902 0.83529 0.69804
0.95294 0.83922 0.70196
0.95294 0.83922 0.70588
0.95294 0.83922 0.70588
0.95294 0.83922 0.70588
0.90588 0.79608 0.69804
0.92941 0.80784 0.69412
0.92941 0.80784 0.69412
0.93725 0.81569 0.69412
0.93725 0.82353 0.69804
0.93725 0.82353 0.69804
0.94118 0.82745 0.70196
0.9451 0.83137 0.70588
0.9451 0.83137 0.70196
0.94118 0.82745 0.69412
0.94902 0.83137 0.69804
0.95294 0.83529 0.70196
0.95294 0.83529 0.70196
0.95294 0.83529 0.70196
0.9451 0.83137 0.69804
0.95294 0.83922 0.70588
0.95686 0.84314 0.7098
0.95686 0.84314 0.7098
0.94902 0.83529 0.70196
0.95294 0.83922 0.70588
0.95686 0.84314 0.7098
0.95294 0.83922 0.70588
0.94902 0.83529 0.70196
0.95294 0.83922 0.69804
0.83137 0.73725 0.62353
0.93725 0.82353 0.70588
0.92941 0.81569 0.69804
0.92941 0.81176 0.69412
0.93725 0.82353 0.69804
0.93725 0.82353 0.69804
0.93725 0.82353 0.69804
0.94118 0.82745 0.69804
0.9451 0.83137 0.69804
0.94902 0.83529 0.70196
0.95686 0.83922 0.70588
0.95294 0.83529 0.70196
0.95686 0.83529 0.70196
0.95294 0.83529 0.70196
0.95294 0.83529 0.70196
0.95294 0.83922 0.70588
0.95686 0.84314 0.7098
0.95686 0.84314 0.7098
0.95686 0.84314 0.7098
0.95686 0.84314 0.7098
0.94902 0.83529 0.70196
0.95294 0.83529 0.70588
0.9451 0.83529 0.69804
0.9451 0.83529 0.6902
0.83529 0.74118 0.62745
0.93333 0.81961 0.70196
0.92941 0.81569 0.69804
0.91765 0.80392 0.68627
0.93333 0.81961 0.69412
0.93725 0.82353 0.69804
0.9451 0.83137 0.70196
0.93333 0.81961 0.68627
0.9451 0.83137 0.69804
0.9451 0.83137 0.69804
0.94902 0.83137 0.69804
0.95294 0.83529 0.70196
0.95686 0.83922 0.70588
0.95294 0.83137 0.69804
0.95294 0.83529 0.70196
0.95686 0.84314 0.7098
0.95686 0.84314 0.7098
0.96078 0.84706 0.71373
0.95686 0.84314 0.7098
0.95686 0.84314 0.7098
0.95686 0.84314 0.7098
0.95686 0.84314 0.7098
0.95294 0.83922 0.70588
0.95294 0.84314 0.70196
0.96078 0.84706 0.70588
0.87451 0.78431 0.67451
0.92941 0.81961 0.70196
0.92157 0.81569 0.70196
0.92157 0.81569 0.69804
0.93725 0.82353 0.69804
0.9451 0.83137 0.70588
0.93725 0.82353 0.69804
0.93725 0.82353 0.6902
0.9451 0.83137 0.69804
0.94902 0.83529 0.70196
0.95294 0.83529 0.70196
0.95686 0.83922 0.70588
0.95686 0.83922 0.70588
0.95686 0.83922 0.70588
0.95686 0.83922 0.70588
0.94902 0.83529 0.70196
0.95294 0.83922 0.70588
0.95686 0.84314 0.7098
0.95686 0.84314 0.7098
0.95294 0.83922 0.7098
0.95294 0.83922 0.70588
0.95686 0.84314 0.7098
0.95294 0.83922 0.70588
0.95294 0.83922 0.70588
0.96471 0.84706 0.71373
0.96078 0.84314 0.7098
0.89412 0.81176 0.70588
0.91765 0.81569 0.69412
0.92157 0.81961 0.68627
0.92941 0.82745 0.69412
0.93725 0.83137 0.69804
0.94118 0.83137 0.70196
0.93725 0.82353 0.69804
0.93725 0.82353 0.69804
0.94902 0.83529 0.70588
0.94902 0.83529 0.70588
0.94902 0.83137 0.70196
0.9451 0.83137 0.69804
0.95686 0.83922 0.70588
0.95294 0.83529 0.70196
0.95294 0.83529 0.69412
0.94902 0.83529 0.69412
0.95294 0.83529 0.69804
0.95686 0.83922 0.70196
0.96078 0.84706 0.70588
0.96078 0.84314 0.70588
0.96078 0.84314 0.7098
0.95294 0.83529 0.70196
0.95686 0.83922 0.70588
0.95686 0.83922 0.70588
0.95686 0.83922 0.70588
0.95686 0.83922 0.69804
0.69412 0.61961 0.51765
0.93333 0.83529 0.7098
0.92549 0.81961 0.68235
0.92549 0.82745 0.6902
0.92941 0.82745 0.6902
0.93333 0.82353 0.69412
0.94118 0.82745 0.70196
0.9451 0.83137 0.70588
0.9451 0.83137 0.70588
0.94902 0.83529 0.7098
0.94902 0.83529 0.70588
0.95294 0.83529 0.70196
0.96078 0.84314 0.7098
0.95294 0.83529 0.69804
0.94902 0.83137 0.6902
0.95294 0.83529 0.69412
0.95294 0.83529 0.69412
0.95294 0.83529 0.69412
0.96078 0.84314 0.70196
0.96078 0.84314 0.70588
0.96078 0.84314 0.7098
0.96471 0.84706 0.7098
0.96078 0.84314 0.7098
0.96078 0.84314 0.7098
0.95686 0.83922 0.70196
0.96078 0.84314 0.69804
0.93333 0.83529 0.7098
0.92941 0.82353 0.68627
0.93333 0.83529 0.69412
0.92157 0.81961 0.68235
0.93725 0.82745 0.69804
0.9451 0.83137 0.70588
0.94118 0.82745 0.70196
0.9451 0.83137 0.7098
0.94902 0.83529 0.7098
0.9451 0.83137 0.70196
0.95686 0.83922 0.70588
0.96078 0.84314 0.7098
0.96078 0.84314 0.70588
0.96078 0.84314 0.69804
0.96078 0.84314 0.70196
0.96078 0.84314 0.70196
0.96078 0.84314 0.70196
0.96078 0.84314 0.70196
0.96863 0.85098 0.7098
0.96471 0.84706 0.70588
0.95686 0.83922 0.69804
0.96078 0.84314 0.70196
0.95686 0.83922 0.70588
0.95686 0.83922 0.70196
0.94902 0.83137 0.6902
0.92941 0.83529 0.7098
0.94118 0.83529 0.69804
0.93725 0.83922 0.69804
0.92157 0.81961 0.68235
0.93333 0.82353 0.69412
0.9451 0.82745 0.70588
0.9451 0.83137 0.70196
0.94902 0.83529 0.70588
0.95294 0.83922 0.7098
0.94902 0.83529 0.70196
0.95686 0.83922 0.70588
0.96863 0.84314 0.71373
0.96471 0.84314 0.70588
0.96078 0.84314 0.70196
0.96078 0.84314 0.70196
0.95686 0.83922 0.69804
0.95686 0.83922 0.69804
0.96078 0.84314 0.70196
0.96471 0.84706 0.70588
0.96078 0.84314 0.70196
0.96078 0.84314 0.70196
0.95686 0.83922 0.69804
0.96471 0.84706 0.7098
0.96078 0.84314 0.70588
0.94902 0.83137 0.6902
0.95294 0.83529 0.69412
0.93333 0.83922 0.71765
0.93333 0.83529 0.69412
0.94118 0.83922 0.69804
0.92157 0.82353 0.68235
0.93725 0.82745 0.69804
0.94118 0.82745 0.70196
0.9451 0.83137 0.69804
0.9451 0.83137 0.69804
0.95294 0.83922 0.70588
0.95294 0.83922 0.70588
0.95686 0.83922 0.70588
0.96471 0.83922 0.7098
0.96078 0.83922 0.70196
0.95686 0.83922 0.69804
0.96078 0.84314 0.70196
0.96471 0.84706 0.70588
0.95686 0.83922 0.69804
0.96078 0.84314 0.70196
0.96471 0.84706 0.70588
0.96471 0.84706 0.70588
0.96471 0.84706 0.70588
0.96078 0.84314 0.70196
0.96078 0.84314 0.70196
0.96078 0.84314 0.70196
0.95294 0.83529 0.69412
0.95686 0.83922 0.69804
0.9098 0.81569 0.69804
0.92549 0.82353 0.69412
0.93333 0.83137 0.70196
0.93333 0.83137 0.70196
0.93725 0.82745 0.69804
0.9451 0.83137 0.69804
0.94902 0.83529 0.69804
0.9451 0.83137 0.69804
0.9451 0.83529 0.70196
0.95294 0.83922 0.70588
0.95686 0.83922 0.70588
0.96471 0.83922 0.7098
0.96078 0.83529 0.70196
0.95294 0.83529 0.69412
0.95294 0.83529 0.69412
0.95686 0.83922 0.69804
0.96078 0.84314 0.70196
0.96078 0.84314 0.70196
0.96078 0.84314 0.70196
0.96471 0.84706 0.70588
0.96471 0.84706 0.70588
0.96078 0.84314 0.70196
0.96471 0.84706 0.70588
0.96078 0.84314 0.70196
0.95686 0.83922 0.69804
0.95686 0.83922 0.69804
0.8902 0.79608 0.68235
0.93333 0.82745 0.70588
0.92941 0.82745 0.69804
0.93725 0.83137 0.70588
0.93725 0.82745 0.69412
0.94118 0.82745 0.6902
0.94902 0.83529 0.70196
0.94902 0.83529 0.70196
0.94902 0.83529 0.70196
0.94902 0.83529 0.70196
0.95686 0.83922 0.70588
0.96471 0.83922 0.7098
0.96078 0.83922 0.70196
0.96078 0.84314 0.70196
0.95294 0.83529 0.69804
0.95294 0.83529 0.69412
0.96078 0.84314 0.70196
0.96863 0.85098 0.7098
0.96471 0.84706 0.70588
0.96078 0.84314 0.70588
0.96471 0.84706 0.70588
0.95686 0.83922 0.70196
0.95686 0.83922 0.69804
0.95294 0.83529 0.69412
0.96078 0.84314 0.70196
0.95294 0.83529 0.69412
0.83922 0.74902 0.63529
0.94902 0.84314 0.72157
0.93333 0.83137 0.69412
0.94118 0.82353 0.6902
0.94118 0.82745 0.69412
0.94902 0.83529 0.70196
0.95294 0.83922 0.70588
0.9451 0.83137 0.69804
0.9451 0.83137 0.69804
0.94902 0.83529 0.70196
0.95686 0.84314 0.7098
0.95686 0.83922 0.70588
0.95294 0.83529 0.70196
0.95686 0.83922 0.70588
0.95686 0.83922 0.70588
0.95686 0.83922 0.70196
0.95686 0.83922 0.69804
0.96078 0.84314 0.70196
0.96863 0.85098 0.7098
0.96078 0.84314 0.7098
0.96078 0.84314 0.7098
0.96078 0.84314 0.7098
0.96078 0.84314 0.70196
0.95686 0.83922 0.69804
0.96078 0.84314 0.70196
0.95294 0.85098 0.71765
0.93725 0.83137 0.6902
0.93725 0.82353 0.6902
0.94118 0.82745 0.69412
0.95294 0.83922 0.70588
0.94902 0.83529 0.70196
0.94902 0.83529 0.70196
0.95294 0.83922 0.70588
0.95294 0.83922 0.70588
0.95686 0.84314 0.7098
0.96078 0.84314 0.7098
0.95686 0.83922 0.70588
0.95294 0.83529 0.70196
0.95686 0.83922 0.70588
0.95686 0.83922 0.70196
0.95686 0.83922 0.69804
0.95686 0.83922 0.69804
0.96078 0.84314 0.70196
0.96471 0.84706 0.7098
0.96078 0.84314 0.70588
0.95686 0.83922 0.69804
0.96078 0.84314 0.70196
0.96078 0.84314 0.70196
0.95686 0.83922 0.69804
0.94118 0.83922 0.71765
0.94118 0.83529 0.70588
0.9451 0.83137 0.69804
0.93725 0.82353 0.6902
0.94902 0.83529 0.70196
0.9451 0.83137 0.69804
0.9451 0.83137 0.69804
0.9451 0.83137 0.69804
0.95686 0.84314 0.7098
0.95686 0.83922 0.70588
0.96471 0.84706 0.71373
0.96078 0.84314 0.7098
0.95686 0.83922 0.70588
0.95294 0.83529 0.70196
0.95686 0.83922 0.70588
0.96078 0.84314 0.70588
0.96471 0.84706 0.70588
0.96471 0.84706 0.70588
0.96863 0.85098 0.7098
0.96471 0.84706 0.70588
0.96471 0.84706 0.70196
0.96078 0.84314 0.70196
0.96078 0.84314 0.70196
0.96078 0.84314 0.70196
0.93725 0.83922 0.71765
0.94902 0.83922 0.71765
0.9451 0.83137 0.71373
0.9451 0.83137 0.70588
0.94902 0.83529 0.70196
0.94902 0.83529 0.70196
0.95294 0.83922 0.70588
0.94902 0.83529 0.70196
0.95686 0.83922 0.70588
0.95686 0.83922 0.70588
0.96078 0.84314 0.7098
0.95686 0.83922 0.70588
0.95686 0.83922 0.70588
0.94902 0.83137 0.69804
0.95686 0.83922 0.70588
0.96078 0.84314 0.7098
0.96078 0.84314 0.7098
0.96471 0.84706 0.7098
0.96471 0.84706 0.70588
0.96863 0.85098 0.7098
0.96471 0.84706 0.70588
0.96471 0.84706 0.70588
0.96471 0.84706 0.70588
0.96078 0.84314 0.70196
0.93333 0.83529 0.71765
0.94118 0.83137 0.7098
0.94118 0.82745 0.7098
0.9451 0.83137 0.70588
0.94902 0.83529 0.70588
0.95294 0.83529 0.7098
0.96078 0.84314 0.71373
0.95686 0.83922 0.7098
0.95686 0.83922 0.70588
0.96078 0.84314 0.7098
0.96078 0.84314 0.7098
0.96078 0.84314 0.7098
0.95294 0.83529 0.70196
0.95294 0.83529 0.70196
0.95294 0.83529 0.70196
0.95686 0.83922 0.70588
0.96471 0.84706 0.71373
0.96078 0.84314 0.7098
0.96471 0.84706 0.70588
0.96078 0.84314 0.70196
0.96078 0.84314 0.70196
0.96471 0.84706 0.70588
0.96471 0.84706 0.70588
0.96078 0.84314 0.70196
0.91765 0.81569 0.7098
0.9451 0.83529 0.71765
0.94902 0.83529 0.71765
0.94902 0.83529 0.7098
0.94902 0.83529 0.70196
0.95294 0.83137 0.7098
0.9451 0.82353 0.70196
0.9451 0.82353 0.70196
0.96078 0.83922 0.7098
0.95294 0.83529 0.70196
0.95294 0.83529 0.70196
0.95686 0.83922 0.70588
0.95686 0.83922 0.70588
0.96078 0.84314 0.7098
0.95686 0.83922 0.70588
0.96078 0.84314 0.7098
0.96471 0.84706 0.71373
0.96471 0.84706 0.71373
0.96471 0.84706 0.70588
0.95686 0.83922 0.69804
0.96078 0.84314 0.70196
0.96078 0.84314 0.70196
0.95686 0.83922 0.69804
0.96078 0.84314 0.70196
0.88235 0.79608 0.70196
0.9451 0.84314 0.72157
0.93725 0.83529 0.70588
0.9451 0.83529 0.7098
0.94902 0.83529 0.7098
0.94902 0.82745 0.70588
0.9451 0.82353 0.70196
0.95294 0.83137 0.7098
0.95686 0.83922 0.70588
0.95686 0.83922 0.70588
0.95686 0.83922 0.70588
0.96078 0.84314 0.7098
0.95686 0.83922 0.70588
0.95686 0.83922 0.69804
0.96078 0.84314 0.70588
0.96078 0.84314 0.7098
0.96863 0.85098 0.71765
0.96078 0.84314 0.7098
0.96078 0.84314 0.7098
0.96471 0.84706 0.71373
0.96863 0.85098 0.71373
0.96078 0.84314 0.70588
0.96078 0.84314 0.69804
0.96471 0.84706 0.70588
0.84706 0.76471 0.68235
0.95294 0.85098 0.72941
0.93725 0.83922 0.70588
0.94118 0.83529 0.70588
0.94902 0.83529 0.7098
0.94902 0.82745 0.70588
0.9451 0.82353 0.70196
0.94902 0.82745 0.70588
0.96078 0.84314 0.7098
0.96078 0.84314 0.7098
0.96078 0.84314 0.7098
0.96078 0.84314 0.7098
0.96078 0.84314 0.7098
0.95686 0.83922 0.69804
0.96078 0.84314 0.70196
0.96471 0.84706 0.71373
0.96471 0.84706 0.71373
0.96471 0.84706 0.71373
0.96078 0.84314 0.7098
0.96078 0.84314 0.7098
0.96078 0.84314 0.7098
0.96471 0.84706 0.70588
0.96471 0.84706 0.70588
0.96471 0.84706 0.70588
0.83137 0.74902 0.67843
0.9451 0.84314 0.71765
0.94118 0.83922 0.7098
0.94118 0.83137 0.70588
0.9451 0.83137 0.70588
0.95294 0.83137 0.7098
0.95294 0.83137 0.7098
0.95294 0.83137 0.7098
0.96078 0.84314 0.7098
0.95686 0.83922 0.70588
0.95294 0.83529 0.70196
0.95686 0.83922 0.70588
0.95686 0.83922 0.70588
0.95294 0.83529 0.69412
0.95686 0.83922 0.70196
0.96471 0.84706 0.71373
0.95686 0.83922 0.70588
0.95686 0.83922 0.70588
0.96078 0.84314 0.7098
0.96471 0.84706 0.71373
0.96078 0.84314 0.7098
0.96471 0.84706 0.70588
0.96471 0.84706 0.70588
0.96471 0.84706 0.70588
0.94902 0.84314 0.71373
0.94902 0.83922 0.7098
0.93333 0.83529 0.70196
0.93725 0.82745 0.70196
0.9451 0.82745 0.69804
0.93725 0.82353 0.69412
0.94902 0.83137 0.70196
0.96078 0.84314 0.7098
0.96078 0.84314 0.7098
0.95686 0.83922 0.70588
0.96078 0.84314 0.7098
0.95686 0.83922 0.70588
0.96078 0.84314 0.70196
0.95686 0.83922 0.69804
0.96078 0.84314 0.70588
0.96078 0.84314 0.70588
0.95686 0.83922 0.69804
0.96078 0.84314 0.70196
0.96471 0.84706 0.7098
0.96078 0.84314 0.70588
0.96078 0.84314 0.70196
0.96078 0.84314 0.70196
0.96078 0.84314 0.70196
0.94902 0.83922 0.72549
0.94902 0.83922 0.7098
0.93333 0.83529 0.70588
0.93725 0.82745 0.70196
0.94902 0.83137 0.70196
0.9451 0.83137 0.69804
0.94902 0.83529 0.70196
0.95294 0.83529 0.70196
0.95294 0.83529 0.70196
0.95294 0.83529 0.70196
0.96078 0.84314 0.7098
0.96078 0.84314 0.7098
0.95686 0.83922 0.69804
0.95686 0.83922 0.69804
0.96078 0.84314 0.70196
0.96078 0.84314 0.70196
0.95686 0.83922 0.69804
0.96078 0.84314 0.70196
0.96471 0.84706 0.70588
0.96471 0.84706 0.70588
0.96471 0.84706 0.70588
0.96471 0.84706 0.70588
0.96471 0.84706 0.70588
0.91765 0.80392 0.70196
0.95294 0.83137 0.70588
0.93725 0.82745 0.70196
0.9451 0.82353 0.70196
0.9451 0.83137 0.69804
0.95294 0.83922 0.70588
0.95294 0.83922 0.70588
0.95686 0.83922 0.70588
0.95686 0.83922 0.70588
0.95686 0.83922 0.70588
0.96078 0.84314 0.7098
0.96078 0.84314 0.7098
0.95686 0.83922 0.69804
0.95686 0.83922 0.69804
0.96471 0.84706 0.70588
0.96078 0.84314 0.70196
0.95686 0.83922 0.69804
0.95686 0.83922 0.69804
0.96078 0.84314 0.70196
0.96078 0.84314 0.70196
0.96471 0.84706 0.70588
0.96863 0.85098 0.7098
0.96471 0.84706 0.70588
0.87451 0.77255 0.66275
0.94902 0.83922 0.70588
0.94118 0.83137 0.7098
0.94902 0.83137 0.70196
0.94118 0.82745 0.69804
0.94902 0.83529 0.70588
0.95686 0.84314 0.7098
0.95686 0.83922 0.70588
0.95686 0.83922 0.70588
0.96078 0.83922 0.70588
0.96471 0.84314 0.7098
0.96078 0.84706 0.7098
0.95686 0.83922 0.70196
0.96078 0.84314 0.70588
0.96078 0.84314 0.70588
0.96078 0.84314 0.70588
0.96078 0.84314 0.70588
0.96471 0.84706 0.7098
0.95686 0.83922 0.70196
0.84706 0.75686 0.65882
0.95686 0.83922 0.71373
0.9451 0.82745 0.7098
0.93725 0.82353 0.69412
0.9451 0.83137 0.70588
0.96078 0.84706 0.71765
0.96078 0.84706 0.71373
0.95686 0.84314 0.7098
0.95686 0.83922 0.70588
0.96471 0.83922 0.7098
0.96078 0.83922 0.7098
0.96078 0.84314 0.7098
0.95686 0.83922 0.70588
0.96078 0.84314 0.7098
0.96078 0.84314 0.7098
0.95686 0.83922 0.70588
0.96078 0.84314 0.7098
0.95686 0.83922 0.70588
0.83137 0.7451 0.67451
0.95294 0.83529 0.72549
0.94902 0.82745 0.70588
0.96471 0.84314 0.7098
0.96078 0.84314 0.7098
0.95294 0.83529 0.70196
0.95294 0.83529 0.70588
0.96471 0.84706 0.71373
0.96078 0.84314 0.7098
