0.98039 0.91373 0.81176
0.98039 0.91373 0.80392
0.98431 0.91765 0.80784
0.98431 0.91765 0.81569
0.97255 0.90588 0.80784
0.96863 0.90588 0.80784
0.96471 0.89804 0.79608
0.96863 0.90196 0.79608
0.97647 0.9098 0.80392
0.97255 0.90588 0.8
0.96863 0.90196 0.8
0.96078 0.89804 0.79608
0.97647 0.9098 0.81176
0.98039 0.91373 0.81176
0.97255 0.90588 0.79608
0.96863 0.90196 0.79608
0.96078 0.89412 0.79216
0.96863 0.90588 0.80392
0.97255 0.9098 0.81176
0.97255 0.9098 0.81176
0.96863 0.90588 0.80392
0.97255 0.9098 0.80784
0.96078 0.89804 0.79608
0.97255 0.9098 0.81176
0.97647 0.91373 0.81569
0.96471 0.90196 0.80784
0.96471 0.90196 0.80784
0.98431 0.92157 0.82353
0.96863 0.90588 0.81961
