0.96471 0.91373 0.82745
0.96863 0.92157 0.83529
0.95686 0.89412 0.80784
0.96471 0.91373 0.83137
0.96863 0.92157 0.83529
0.97255 0.92549 0.83922
0.97255 0.91373 0.83137
0.97255 0.92549 0.83922
0.97647 0.92941 0.84314
0.97255 0.92549 0.83922
0.95686 0.90196 0.81961
0.96863 0.92157 0.83529
0.97255 0.92549 0.83922
0.96863 0.92157 0.83529
0.97647 0.92941 0.84314
0.95686 0.91373 0.82745
0.96863 0.92549 0.83922
0.97255 0.92549 0.83922
0.96863 0.92157 0.83529
0.97647 0.92941 0.84314
0.95686 0.9098 0.82353
