0.11765 0.36471 0.56471
0.1098 0.36863 0.56471
0.11373 0.36471 0.56471
0.10588 0.35686 0.55686
0.10588 0.36078 0.55686
0.1098 0.36863 0.56471
0.12157 0.37647 0.57255
0.098039 0.35686 0.55294
0.10196 0.36078 0.55686
0.11373 0.37255 0.56863
0.10196 0.36078 0.55294
0.11373 0.37255 0.56863
0.11373 0.37255 0.56863
0.1098 0.36863 0.56471
0.10588 0.36471 0.56078
0.11373 0.37255 0.57647
0.10588 0.36863 0.56863
0.11373 0.37647 0.57647
0.1098 0.36863 0.56863
0.12157 0.38431 0.58824
0.098039 0.36471 0.56863
0.11373 0.37647 0.58039
0.11765 0.38039 0.58431
0.11765 0.38039 0.58039
