0.18431 0.53725 0.7451
0.18431 0.53333 0.74118
0.18824 0.54118 0.74902
0.18039 0.53333 0.74118
0.17647 0.52941 0.73725
0.17647 0.52941 0.73725
0.17255 0.52549 0.73333
0.18824 0.53725 0.74902
0.18824 0.54118 0.74902
0.17647 0.52941 0.73725
0.18039 0.53333 0.74118
0.17647 0.52941 0.73725
0.16863 0.52157 0.72941
0.18824 0.54118 0.74902
0.18824 0.54118 0.74902
0.18824 0.54118 0.74902
0.17647 0.52941 0.73725
0.16863 0.52157 0.72941
0.18431 0.53725 0.7451
0.17647 0.52941 0.73725
0.18824 0.54118 0.74902
0.17647 0.53333 0.74118
0.19216 0.55294 0.76078
0.18039 0.54118 0.75686
0.17647 0.54118 0.75294
