0.49412 0.61176 0.76078
0.49412 0.61176 0.76078
0.49412 0.61176 0.76078
0.49804 0.61569 0.76471
0.49412 0.61176 0.76078
0.49804 0.61569 0.76471
0.49412 0.61176 0.76078
0.49804 0.61569 0.76471
0.49804 0.61569 0.76471
0.4902 0.60784 0.75686
0.49804 0.61569 0.76078
0.50196 0.61961 0.76078
0.49412 0.61176 0.76078
0.50196 0.61961 0.76863
0.49804 0.61569 0.76471
0.49804 0.61569 0.76471
0.49412 0.61176 0.76078
0.49412 0.61176 0.76078
0.49804 0.61569 0.76471
0.50588 0.62353 0.77255
0.50588 0.62353 0.76471
0.50196 0.61961 0.75294
0.50196 0.61961 0.75294
0.50588 0.62353 0.75686
0.50588 0.62353 0.75686
0.50588 0.61961 0.76078
0.5098 0.61961 0.76471
0.5098 0.62745 0.76863
0.49412 0.61176 0.76078
0.49412 0.61176 0.76078
0.49412 0.61176 0.76078
0.49804 0.61569 0.76471
0.49412 0.61176 0.76078
0.50196 0.61961 0.76863
0.50196 0.61961 0.76863
0.49804 0.61569 0.75686
0.49804 0.61569 0.75294
0.49804 0.61569 0.75294
0.49804 0.61961 0.75686
0.50196 0.61961 0.75686
0.50196 0.61569 0.75686
0.5098 0.61961 0.76471
0.5098 0.61961 0.76471
0.5098 0.61961 0.76471
0.5098 0.61961 0.76471
0.5098 0.62745 0.76863
0.50588 0.62353 0.76078
0.49412 0.61176 0.76078
0.49412 0.61176 0.75686
0.4902 0.60784 0.75686
0.49412 0.61176 0.76078
0.49412 0.61176 0.76078
0.49804 0.61569 0.76471
0.49804 0.61569 0.76471
0.49804 0.61569 0.76471
0.49804 0.61569 0.76078
0.49804 0.61569 0.75686
0.50196 0.61961 0.75686
0.50588 0.61961 0.76078
0.50588 0.61961 0.76078
0.5098 0.62353 0.76863
0.5098 0.61961 0.76471
0.5098 0.61961 0.76471
0.51373 0.62353 0.76863
0.5098 0.61961 0.76471
0.5098 0.61961 0.76471
0.5098 0.62745 0.76863
0.50588 0.62353 0.76078
0.48627 0.61176 0.76078
0.49804 0.61569 0.76471
0.49412 0.61569 0.76078
0.49804 0.61569 0.76471
0.49412 0.60784 0.76471
0.49412 0.61176 0.76471
0.49804 0.61569 0.76471
0.49804 0.61569 0.76471
0.49804 0.61569 0.76471
0.49804 0.61569 0.75686
0.50196 0.61961 0.76078
0.50196 0.61961 0.76078
0.5098 0.61961 0.76471
0.50196 0.61176 0.75686
0.5098 0.61961 0.76471
0.51373 0.62353 0.76863
0.5098 0.61961 0.76471
0.5098 0.61961 0.76471
0.50588 0.61961 0.76471
0.50196 0.61961 0.76863
0.50196 0.61961 0.76078
0.49412 0.61176 0.76471
0.49804 0.61176 0.76471
0.49804 0.61569 0.76471
0.50196 0.61961 0.76863
0.49804 0.61569 0.76471
0.49804 0.61569 0.76471
0.50588 0.62353 0.76471
0.50196 0.61961 0.76078
0.49804 0.61569 0.75686
0.50588 0.61569 0.76078
0.50588 0.61569 0.76078
0.5098 0.61961 0.76471
0.50588 0.61569 0.76078
0.5098 0.61961 0.76471
0.5098 0.61961 0.76471
0.50196 0.61176 0.76078
0.50588 0.61961 0.76863
0.5098 0.62353 0.76471
0.49412 0.61176 0.76078
0.49804 0.61569 0.76471
0.50196 0.61961 0.76863
0.49412 0.61176 0.76471
0.4902 0.61176 0.75686
0.50196 0.61961 0.76078
0.49804 0.61569 0.75686
0.50196 0.61961 0.76078
0.5098 0.61961 0.76471
0.5098 0.61961 0.76471
0.50588 0.61569 0.76078
0.50588 0.61569 0.76078
0.5098 0.61961 0.76471
0.5098 0.61961 0.76471
0.5098 0.61961 0.76863
0.51373 0.62353 0.77255
0.5098 0.61961 0.76471
0.50588 0.61961 0.75294
0.47843 0.61176 0.75686
0.4902 0.60784 0.76078
0.4902 0.61569 0.76471
0.49412 0.61961 0.76863
0.4902 0.61569 0.76078
0.50196 0.61961 0.76078
0.50196 0.61961 0.76078
0.50588 0.62353 0.76471
0.50588 0.62353 0.76471
0.50588 0.61961 0.76078
0.50196 0.61961 0.76078
0.50588 0.61961 0.76471
0.5098 0.62353 0.76471
0.50196 0.60784 0.75294
0.50588 0.61569 0.75686
0.51765 0.61961 0.75686
0.51765 0.62353 0.76078
0.48235 0.61569 0.76078
0.4902 0.61176 0.76471
0.49412 0.60784 0.76078
0.49412 0.61176 0.76471
0.4902 0.61176 0.76078
0.4902 0.61176 0.76078
0.49412 0.61569 0.76078
0.49804 0.61569 0.75686
0.50196 0.61961 0.76078
0.49804 0.61961 0.76078
0.49804 0.61961 0.75686
0.49804 0.62353 0.76078
0.50196 0.62745 0.76471
0.50196 0.62745 0.76078
0.50196 0.62353 0.76078
0.50588 0.61961 0.76078
0.51373 0.62353 0.76078
0.51765 0.61961 0.75686
0.51765 0.62353 0.76078
0.47843 0.61176 0.75686
0.48627 0.61176 0.76471
0.4902 0.60784 0.76078
0.49412 0.61176 0.76078
0.49804 0.61569 0.76078
0.49804 0.61569 0.76471
0.49804 0.61569 0.76471
0.49804 0.61569 0.76471
0.50196 0.61961 0.76471
0.50196 0.61961 0.76078
0.49804 0.61569 0.75686
0.50196 0.62353 0.76078
0.49412 0.62745 0.76471
0.49804 0.62745 0.76471
0.49804 0.62745 0.76471
0.49412 0.62745 0.75686
0.49412 0.62353 0.75294
0.50588 0.62745 0.76078
0.52157 0.62353 0.76078
0.47843 0.60784 0.75686
0.48235 0.60784 0.75686
0.48627 0.61176 0.76078
0.49412 0.61176 0.76078
0.49804 0.61569 0.76471
0.49804 0.61569 0.76471
0.49804 0.61569 0.76471
0.49804 0.61569 0.76471
0.49804 0.61569 0.76471
0.50196 0.61961 0.76863
0.49804 0.61569 0.76471
0.50196 0.61961 0.76471
0.49804 0.61569 0.75686
0.50588 0.62353 0.76471
0.49412 0.62353 0.76863
0.4902 0.61961 0.76078
0.50196 0.61961 0.75686
0.50196 0.62353 0.75686
0.49804 0.62353 0.75686
0.51373 0.62353 0.76078
0.48235 0.60784 0.75686
0.48627 0.61176 0.76078
0.48235 0.60784 0.75686
0.4902 0.60784 0.75686
0.49804 0.61176 0.76078
0.49412 0.61176 0.76078
0.49804 0.61569 0.76471
0.49412 0.61176 0.76078
0.49412 0.61176 0.76078
0.50196 0.61961 0.76863
0.49804 0.61569 0.76471
0.49804 0.61569 0.76471
0.49804 0.61569 0.75686
0.50588 0.62353 0.76471
0.49412 0.61961 0.76863
0.50196 0.62353 0.76471
0.50588 0.62353 0.75686
0.50588 0.61961 0.75294
0.50588 0.62353 0.75686
0.48627 0.61176 0.76078
0.4902 0.61569 0.76471
0.48627 0.60784 0.75686
0.4902 0.60784 0.75686
0.49804 0.61176 0.76078
0.49412 0.61176 0.76078
0.49412 0.61176 0.76078
0.49804 0.61569 0.76471
0.49412 0.61176 0.76078
0.49412 0.61176 0.76078
0.49804 0.61569 0.76471
0.50196 0.61961 0.76863
0.49804 0.61569 0.76078
0.50196 0.61961 0.76078
0.50196 0.61961 0.76863
0.50588 0.61961 0.76471
0.5098 0.62353 0.76078
0.51373 0.62745 0.76078
0.5098 0.62353 0.75686
0.48235 0.60784 0.75686
0.48627 0.61176 0.76078
0.4902 0.61569 0.76471
0.4902 0.61176 0.76078
0.48627 0.61176 0.76078
0.4902 0.61176 0.76078
0.4902 0.60784 0.75686
0.49804 0.61569 0.76471
0.49804 0.61569 0.76471
0.49412 0.61176 0.76078
0.49804 0.61569 0.76471
0.50196 0.61961 0.76863
0.50196 0.61961 0.76863
0.50196 0.61961 0.76471
0.50196 0.61961 0.76471
0.50588 0.61961 0.76471
0.50588 0.61961 0.76078
0.50588 0.62353 0.75686
0.50588 0.62353 0.75686
0.5098 0.62353 0.75686
0.48627 0.61176 0.76078
0.48627 0.61176 0.76078
0.4902 0.61569 0.76471
0.4902 0.61569 0.76471
0.4902 0.61569 0.76471
0.49412 0.61569 0.76471
0.4902 0.60784 0.75686
0.49804 0.61569 0.76471
0.50196 0.61961 0.76863
0.50588 0.62353 0.77255
0.50196 0.61961 0.76863
0.49804 0.61569 0.76471
0.50196 0.61961 0.76863
0.50196 0.61961 0.76863
0.50196 0.61961 0.76078
0.50588 0.62353 0.76471
0.50196 0.61961 0.76078
0.5098 0.62745 0.76078
0.47843 0.61176 0.76471
0.47843 0.61176 0.75686
0.47843 0.60784 0.75294
0.48235 0.60784 0.75686
0.48627 0.61176 0.76078
0.48235 0.60784 0.75686
0.4902 0.61176 0.76078
0.49412 0.61176 0.76078
0.49804 0.61569 0.76078
0.49804 0.61569 0.75686
0.50588 0.62353 0.76471
0.50588 0.62353 0.76471
0.50196 0.61961 0.76078
0.50588 0.62353 0.76471
0.50588 0.62353 0.76471
0.50196 0.62353 0.76078
0.50196 0.62353 0.76078
0.50588 0.62353 0.76471
0.50588 0.62353 0.76078
0.50196 0.61961 0.75294
0.47843 0.60784 0.76078
0.47451 0.60784 0.75686
0.48235 0.61176 0.76078
0.48627 0.61176 0.76078
0.48627 0.61176 0.76078
0.48627 0.61176 0.76078
0.4902 0.61569 0.76471
0.49804 0.61569 0.76863
0.49804 0.61569 0.76471
0.50196 0.61961 0.76471
0.49804 0.61569 0.75686
0.50196 0.61961 0.76078
0.50196 0.61961 0.76078
0.50196 0.61961 0.76078
0.50196 0.61961 0.76078
0.50196 0.61961 0.76078
0.5098 0.62353 0.76471
0.5098 0.62745 0.76863
0.50588 0.62353 0.75686
0.48235 0.60784 0.76078
0.4902 0.61569 0.76471
0.48235 0.60784 0.75686
0.48627 0.61176 0.76078
0.4902 0.61569 0.76471
0.4902 0.61569 0.76471
0.50196 0.61961 0.76863
0.49804 0.61569 0.76471
0.50196 0.61961 0.76863
0.50196 0.61961 0.76078
0.50196 0.61961 0.76078
0.50588 0.62353 0.76471
0.50588 0.62353 0.76471
0.50196 0.61961 0.76078
0.5098 0.61961 0.76471
0.51373 0.62353 0.76863
0.50588 0.61569 0.76078
0.5098 0.62353 0.76078
0.50588 0.62353 0.75686
0.47843 0.60392 0.75686
0.48235 0.60784 0.76078
0.4902 0.61569 0.76471
0.4902 0.61569 0.76863
0.4902 0.61569 0.76471
0.48627 0.61176 0.76078
0.49412 0.61176 0.76078
0.49804 0.61569 0.76471
0.50196 0.61961 0.76863
0.49804 0.61569 0.76078
0.50588 0.62353 0.76471
0.50588 0.62353 0.76471
0.50196 0.61961 0.76078
0.50196 0.61961 0.76471
0.50588 0.61961 0.76471
0.5098 0.61961 0.76471
0.5098 0.61569 0.76078
0.48627 0.61176 0.76471
0.48235 0.60784 0.76078
0.4902 0.61569 0.76863
0.48627 0.61176 0.76471
0.4902 0.61569 0.76471
0.48235 0.60784 0.76078
0.49412 0.61176 0.76078
0.49804 0.61569 0.76471
0.49804 0.61569 0.76471
0.49804 0.61569 0.75686
0.50588 0.62353 0.76471
0.50196 0.61961 0.76078
0.50196 0.61961 0.76078
0.50588 0.62353 0.76471
0.5098 0.62353 0.76863
0.51373 0.62353 0.76863
0.5098 0.61961 0.76863
0.51373 0.62353 0.76471
0.51765 0.62745 0.76471
0.4902 0.61569 0.76863
0.48627 0.61176 0.76471
0.48235 0.60784 0.76078
0.47843 0.60392 0.75686
0.48627 0.61176 0.76471
0.48627 0.60784 0.76078
0.49412 0.61176 0.76078
0.50196 0.61569 0.76471
0.5098 0.61961 0.77255
0.50196 0.61176 0.76471
0.50196 0.61176 0.76471
0.50196 0.61961 0.76863
0.50588 0.62353 0.76471
0.50196 0.61961 0.75686
0.50196 0.62353 0.76863
0.5098 0.62745 0.77255
0.5098 0.61961 0.77255
0.51373 0.62353 0.76863
0.51373 0.62353 0.76863
0.51373 0.62353 0.76863
0.5098 0.62353 0.76471
0.48627 0.61176 0.76863
0.48627 0.61176 0.76471
0.48235 0.60784 0.76078
0.4902 0.61569 0.76863
0.48627 0.61176 0.76471
0.4902 0.61569 0.76863
0.49412 0.61961 0.77255
0.49804 0.61569 0.76471
0.50588 0.61961 0.76863
0.50588 0.61569 0.76863
0.50196 0.61176 0.76471
0.5098 0.61961 0.77255
0.5098 0.62745 0.77647
0.5098 0.62745 0.76863
0.50196 0.61961 0.75294
0.49412 0.61961 0.75686
0.50588 0.62353 0.76471
0.5098 0.61961 0.76471
0.5098 0.61961 0.76471
0.51373 0.62353 0.76863
0.51373 0.62353 0.76863
0.51373 0.62353 0.76471
0.48627 0.61176 0.76863
0.48627 0.61176 0.76471
0.48627 0.61176 0.76471
0.48627 0.61176 0.76471
0.4902 0.61569 0.76863
0.4902 0.61569 0.76863
0.4902 0.61961 0.76863
0.49804 0.61569 0.76471
0.50196 0.61961 0.76863
0.50588 0.61569 0.76863
0.50588 0.61569 0.76863
0.5098 0.61961 0.77255
0.50588 0.62353 0.77255
0.50588 0.62353 0.76471
0.50588 0.62353 0.75686
0.50196 0.62745 0.76078
0.50196 0.61961 0.75686
0.5098 0.62353 0.76078
0.51373 0.62353 0.76863
0.51373 0.62353 0.76863
0.51373 0.62353 0.76863
0.51373 0.62745 0.76471
0.4902 0.61569 0.76471
0.4902 0.61569 0.76863
0.48235 0.60784 0.76078
0.4902 0.61569 0.76863
0.48235 0.61176 0.76078
0.48627 0.61569 0.76471
0.49804 0.61961 0.76863
0.50196 0.61961 0.76863
0.50196 0.61569 0.76863
0.50196 0.61961 0.76863
0.50196 0.61961 0.76863
0.50588 0.62353 0.76471
0.5098 0.62745 0.76863
0.5098 0.63137 0.76863
0.50588 0.63137 0.76078
0.50588 0.62353 0.76078
0.5098 0.61961 0.76471
0.51765 0.62745 0.76471
0.48627 0.61176 0.76471
0.48627 0.61176 0.76471
0.48627 0.61176 0.76471
0.4902 0.61176 0.76863
0.48627 0.61569 0.76471
0.48627 0.61176 0.76078
0.49412 0.61569 0.76471
0.50196 0.61961 0.76863
0.50588 0.62353 0.76863
0.50588 0.62353 0.76863
0.50196 0.61961 0.76471
0.49804 0.61569 0.75686
0.49804 0.61569 0.75686
0.50196 0.62353 0.76471
0.50196 0.62745 0.75686
0.5098 0.62745 0.76078
0.5098 0.61961 0.76863
0.51373 0.62353 0.76078
0.48627 0.61176 0.76471
0.48627 0.61176 0.76471
0.48627 0.61176 0.76471
0.48235 0.60784 0.76078
0.48627 0.61569 0.76471
0.4902 0.61569 0.76471
0.49804 0.61569 0.76471
0.50588 0.62353 0.76863
0.50196 0.61961 0.76078
0.50588 0.62353 0.76471
0.50588 0.62353 0.76471
0.50588 0.62353 0.76471
0.50196 0.61961 0.76078
0.50588 0.62353 0.76471
0.49804 0.62353 0.75294
0.50588 0.62353 0.76078
0.51373 0.62353 0.76863
0.48627 0.61569 0.76471
0.49412 0.61961 0.76863
0.4902 0.61569 0.76863
0.49804 0.61961 0.76863
0.50588 0.62353 0.76863
0.50196 0.61961 0.76078
0.50588 0.62353 0.76471
0.5098 0.62745 0.76863
0.5098 0.62745 0.76863
0.50588 0.62353 0.76471
0.50588 0.62353 0.76471
0.50588 0.62353 0.76471
0.51373 0.62745 0.77255
0.49412 0.61961 0.76863
0.50196 0.62353 0.77255
0.50588 0.62745 0.76863
0.50196 0.62353 0.76471
0.50196 0.62353 0.76471
0.50196 0.62353 0.76471
0.50588 0.62353 0.76471
0.50588 0.62353 0.76471
0.5098 0.62745 0.76863
0.49412 0.62353 0.76471
0.4902 0.61961 0.75686
