0.64706 0.58431 0.52549
0.64706 0.58824 0.52549
0.62745 0.57647 0.52157
0.64706 0.58824 0.52549
0.62745 0.57647 0.51765
0.67059 0.60784 0.5451
0.63922 0.58431 0.52157
0.62353 0.57255 0.51765
0.61961 0.57255 0.51765
0.66667 0.60392 0.53725
0.63137 0.57647 0.51373
0.62745 0.57647 0.52157
0.61569 0.56863 0.51373
0.66275 0.6 0.53725
0.63529 0.58039 0.51765
0.62353 0.57255 0.51765
0.61961 0.57255 0.52157
0.66667 0.60392 0.53725
0.64314 0.58431 0.52157
0.62353 0.57255 0.51373
0.63529 0.58824 0.53725
0.63137 0.58431 0.53725
0.62745 0.58824 0.53333
0.63529 0.60392 0.54902
0.61569 0.55294 0.4902
0.65882 0.61176 0.56078
0.7098 0.67059 0.62353
