0.6 0.67059 0.75686
0.6 0.67843 0.75686
0.60392 0.67451 0.75294
0.60392 0.67451 0.75294
0.6 0.67451 0.75294
0.59608 0.67059 0.75294
0.60392 0.67451 0.75294
0.60392 0.67451 0.75294
0.59608 0.67451 0.75294
0.60784 0.67843 0.75686
0.6 0.67059 0.74902
0.60392 0.67451 0.75294
0.60392 0.67451 0.75294
0.60784 0.67843 0.75686
0.6 0.67059 0.75686
0.59608 0.66667 0.75294
0.6 0.67451 0.75686
0.60784 0.67843 0.76078
0.60392 0.67451 0.75294
0.6 0.67059 0.75294
0.6 0.67059 0.75294
0.59608 0.66667 0.74902
0.60392 0.67451 0.75686
0.6 0.67059 0.74902
0.6 0.67059 0.74902
0.6 0.67059 0.74902
