0.16078 0.44706 0.65882
0.16863 0.4549 0.66667
0.16078 0.44706 0.66275
0.15294 0.43922 0.65882
0.16471 0.4549 0.67059
0.16078 0.44706 0.66275
0.1451 0.44314 0.6549
0.14902 0.44706 0.65882
0.15294 0.45098 0.66275
0.14118 0.44314 0.65098
0.14902 0.45098 0.65882
0.15686 0.4549 0.66275
0.15686 0.45098 0.66667
0.16078 0.45098 0.66667
0.15294 0.45882 0.67059
0.16078 0.46275 0.67451
0.16078 0.46275 0.67451
0.14902 0.45098 0.66275
0.15294 0.4549 0.66667
0.15294 0.4549 0.66667
0.16078 0.45882 0.67451
0.16078 0.45882 0.67451
0.15294 0.46275 0.67843
0.16078 0.45882 0.67059
