0.89804 0.85098 0.78824
0.89804 0.85098 0.78431
0.89804 0.85098 0.78824
0.89412 0.85098 0.78824
0.89804 0.85098 0.78824
0.90196 0.8549 0.78824
0.90588 0.85882 0.79216
0.89804 0.8549 0.78824
0.90196 0.8549 0.78824
0.90196 0.85882 0.78824
0.8902 0.8549 0.78824
0.8902 0.8549 0.78824
0.89804 0.8549 0.78824
0.90196 0.8549 0.79216
0.90196 0.8549 0.79216
0.90196 0.85882 0.79216
0.9098 0.86275 0.8
0.91373 0.86667 0.8
0.8902 0.8549 0.78824
0.8902 0.8549 0.78824
0.8902 0.85098 0.78431
0.90196 0.8549 0.79216
0.90588 0.85882 0.79608
0.90196 0.8549 0.79216
0.90588 0.85882 0.79608
0.9098 0.86667 0.79608
0.89412 0.85882 0.79216
0.8902 0.8549 0.78824
0.8902 0.8549 0.78824
0.89412 0.85882 0.79216
0.89412 0.85882 0.79216
0.90196 0.8549 0.79216
0.89804 0.85098 0.78824
0.90588 0.85882 0.79608
0.9098 0.86275 0.79608
0.8902 0.8549 0.78824
0.89412 0.85882 0.79216
0.89804 0.86275 0.79608
0.90588 0.85882 0.79608
0.90588 0.85882 0.79608
0.91373 0.86667 0.80392
0.9098 0.86667 0.8
0.89804 0.86275 0.79608
0.8902 0.8549 0.79216
0.89804 0.86275 0.79608
0.90196 0.86667 0.79608
0.90196 0.87059 0.79216
