0.75294 0.87451 0.85098
0.85098 0.89804 0.9098
0.6549 0.83922 0.8
0.83529 0.8902 0.89804
0.81569 0.87843 0.87843
0.83529 0.87451 0.87843
0.82353 0.86667 0.87451
0.81961 0.87451 0.89412
0.78824 0.8902 0.88627
0.84314 0.86667 0.8902
0.79608 0.86667 0.87451
0.79608 0.86667 0.87451
0.81176 0.8549 0.87451
0.84706 0.88235 0.90588
0.81569 0.87843 0.88627
0.80392 0.85098 0.86667
0.83137 0.88235 0.89412
0.78431 0.8549 0.86667
0.77647 0.83137 0.86667
0.79216 0.82353 0.83529
0.77647 0.82745 0.83922
0.77647 0.86275 0.86667
0.86667 0.89412 0.91373
0.8 0.85098 0.86667
0.77255 0.81569 0.84314
0.75294 0.75294 0.75294
0.8549 0.79216 0.77647
0.60392 0.64314 0.65098
0.80784 0.88235 0.87843
0.8549 0.89412 0.91765
0.87451 0.87843 0.88627
0.34902 0.35294 0.38039
0.78039 0.80392 0.87059
0.72549 0.64314 0.76863
0.75686 0.66667 0.70196
0.4 0.37255 0.51765
0.43922 0.44706 0.48235
