0.63137 0.58431 0.5451
0.62353 0.57647 0.5451
0.63529 0.58039 0.55294
0.63529 0.59216 0.55294
0.62353 0.58039 0.55294
0.64314 0.58824 0.56078
0.63922 0.59608 0.56078
0.64314 0.6 0.56471
0.63529 0.59608 0.55686
0.63529 0.58824 0.55686
0.64314 0.59216 0.55686
0.63529 0.60784 0.57255
0.63922 0.6 0.56078
0.63529 0.59608 0.56078
0.6549 0.59608 0.56078
0.65098 0.6 0.55686
0.62745 0.61176 0.58431
0.63922 0.59608 0.56863
0.63922 0.59216 0.56863
0.65098 0.6 0.56078
0.61569 0.60784 0.6
0.63922 0.59608 0.57647
0.64314 0.59608 0.57647
0.60784 0.60392 0.61176
0.64314 0.6 0.58431
0.64706 0.59608 0.58431
0.55294 0.58039 0.6
0.53333 0.57255 0.62353
0.50196 0.56863 0.63137
0.41961 0.54118 0.61176
