0.95686 0.89412 0.78039
0.95686 0.8902 0.77647
0.97647 0.90588 0.78824
0.96863 0.8902 0.76863
0.96863 0.89412 0.78431
0.98431 0.90588 0.79216
0.98039 0.89804 0.77647
0.96078 0.88235 0.76471
0.98039 0.89412 0.77647
0.96863 0.8902 0.76471
0.96863 0.89412 0.76863
0.95294 0.87059 0.7451
0.95294 0.87059 0.7451
0.97647 0.90196 0.77647
0.93333 0.85882 0.72941
0.94902 0.87059 0.74118
0.96863 0.87843 0.75294
0.96471 0.87843 0.74902
0.95294 0.86275 0.73725
0.98431 0.89412 0.77255
0.92157 0.83137 0.7098
0.99216 0.90196 0.78039
0.87451 0.78039 0.67059
