0.8902 0.84314 0.77255
0.8902 0.84314 0.77255
0.8902 0.84314 0.77255
0.88627 0.84314 0.76863
0.88627 0.84706 0.76863
0.8902 0.85098 0.77255
0.89804 0.85098 0.77255
0.89412 0.85098 0.77255
0.90196 0.85882 0.78039
0.90588 0.86667 0.78824
0.89804 0.8549 0.78431
0.89804 0.8549 0.78431
0.89804 0.8549 0.78431
0.89804 0.8549 0.78431
0.89412 0.85098 0.78431
0.90196 0.85882 0.78824
0.90196 0.85882 0.78824
0.90196 0.85882 0.78824
0.9098 0.86667 0.79608
0.9098 0.86667 0.8
0.90196 0.85882 0.78824
0.89804 0.8549 0.78431
0.89804 0.85882 0.78824
0.90196 0.86667 0.79216
0.89412 0.86275 0.78824
0.90196 0.85882 0.78824
0.90196 0.86275 0.79216
0.90588 0.86667 0.79608
0.90196 0.85882 0.78824
0.90588 0.86275 0.79216
0.90588 0.86275 0.79216
0.90588 0.86667 0.79608
