0.19216 0.28627 0.39608
0.16863 0.26667 0.37647
0.19216 0.28627 0.39608
0.18431 0.27843 0.39216
0.17255 0.26667 0.37647
0.17255 0.26667 0.37647
0.18039 0.27451 0.38431
0.16863 0.27451 0.38039
0.17255 0.27451 0.38039
0.20784 0.30196 0.40784
0.17647 0.27059 0.38039
0.18431 0.27843 0.38824
0.17255 0.26667 0.37647
0.17647 0.27059 0.38039
0.18824 0.28627 0.39216
0.2 0.29412 0.40392
0.18824 0.28627 0.39216
0.18431 0.28627 0.39216
0.18039 0.28235 0.38824
0.17647 0.27451 0.38039
0.18824 0.28235 0.39216
0.19216 0.2902 0.39608
0.18431 0.28235 0.38824
0.17647 0.27451 0.38039
0.18824 0.27843 0.38824
0.19216 0.28235 0.39608
0.2 0.29412 0.40392
0.19608 0.27451 0.38824
0.19608 0.2902 0.4
0.20784 0.30196 0.41176
0.19216 0.28627 0.4
0.21569 0.3098 0.41961
0.19608 0.29412 0.40392
0.18824 0.2902 0.39608
0.18824 0.2902 0.39608
0.17647 0.28235 0.38431
0.19608 0.29412 0.40784
