0.26275 0.38824 0.54118
0.27843 0.40392 0.56078
0.27451 0.4 0.54902
0.26275 0.38824 0.53333
0.27843 0.39608 0.55294
0.26667 0.39216 0.54118
0.26275 0.38824 0.53725
0.25882 0.38431 0.53333
0.29804 0.41176 0.56863
0.27451 0.39608 0.54902
0.26667 0.39216 0.54118
0.26275 0.38824 0.53725
0.2902 0.40392 0.56078
0.27451 0.4 0.54902
0.26667 0.39216 0.54118
0.25882 0.38431 0.53333
0.29804 0.41176 0.56863
0.27843 0.4 0.54902
0.27059 0.39608 0.5451
0.25882 0.38431 0.53333
0.29412 0.41569 0.56863
0.28627 0.4 0.55294
0.27843 0.39608 0.5451
0.26275 0.38824 0.53725
0.28627 0.4 0.55294
0.27843 0.39608 0.5451
