0.98431 0.92157 0.82745
0.98039 0.91765 0.82745
0.98431 0.92549 0.83137
0.99216 0.93333 0.83922
0.98431 0.92941 0.83137
0.97255 0.9098 0.82353
0.96471 0.90588 0.81569
0.98431 0.92157 0.83137
0.99216 0.93725 0.84706
0.98431 0.93725 0.83922
0.98431 0.93333 0.83137
0.95686 0.89804 0.81176
0.97647 0.91765 0.82745
0.98824 0.92941 0.83922
0.98824 0.92941 0.83922
0.99216 0.93725 0.84314
0.98824 0.92941 0.82745
0.97647 0.91765 0.83529
0.96863 0.9098 0.82745
0.98431 0.92549 0.84314
0.98431 0.92549 0.84314
0.98431 0.92941 0.83922
0.98824 0.92549 0.83137
0.98431 0.92941 0.85098
0.97647 0.92157 0.83922
0.98039 0.92549 0.84314
0.98431 0.93333 0.85098
0.97647 0.92941 0.84314
0.97647 0.92941 0.84314
0.97647 0.92941 0.83922
