0.57255 0.64314 0.72941
0.56863 0.63922 0.72549
0.57647 0.64706 0.73333
0.57255 0.64314 0.72941
0.56863 0.63922 0.72549
0.56863 0.63922 0.72549
0.56471 0.63922 0.72549
0.57255 0.64314 0.72941
0.57647 0.64706 0.73333
0.57255 0.64314 0.72941
0.57255 0.63922 0.72549
0.56863 0.64314 0.72549
0.55686 0.63922 0.72157
0.58039 0.65098 0.73725
0.57647 0.64706 0.73333
0.57255 0.64314 0.72941
0.57647 0.64706 0.73333
0.56863 0.63922 0.72549
0.56471 0.63922 0.72549
0.56078 0.63922 0.72549
0.57647 0.64706 0.73333
0.56863 0.63922 0.72549
0.57255 0.64314 0.72941
0.56863 0.63922 0.72549
0.56863 0.63922 0.72941
0.57647 0.64706 0.73333
0.57647 0.64706 0.73333
0.57647 0.64706 0.73333
0.57255 0.64314 0.72941
0.57255 0.64314 0.73333
0.57647 0.64706 0.73333
0.56863 0.64314 0.72941
0.56471 0.63922 0.72549
