0.27451 0.39216 0.54118
0.27451 0.39216 0.54118
0.27451 0.39216 0.53725
0.28235 0.40392 0.55294
0.27451 0.39608 0.5451
0.27059 0.38824 0.53725
0.26275 0.38431 0.52941
0.27451 0.39608 0.5451
0.26667 0.39608 0.5451
0.26667 0.39216 0.54118
0.27059 0.39608 0.5451
0.26275 0.38824 0.53725
0.27843 0.39608 0.5451
0.27059 0.38824 0.54118
0.26667 0.39216 0.54118
0.26667 0.39608 0.53333
0.26275 0.39216 0.52941
0.27843 0.39216 0.5451
0.28235 0.39608 0.55294
0.27451 0.39608 0.5451
0.26667 0.39608 0.53333
0.25098 0.38039 0.51765
0.27843 0.39216 0.54902
0.27059 0.39216 0.54118
0.25882 0.38824 0.52941
0.2549 0.38431 0.52941
0.27843 0.38824 0.5451
0.27059 0.38824 0.53725
0.26667 0.39216 0.53725
0.27843 0.38824 0.54118
0.26667 0.38824 0.53725
0.25882 0.38431 0.53333
