0.98039 0.91373 0.83529
0.98039 0.91373 0.83529
0.97647 0.91765 0.83529
0.97647 0.92549 0.84314
0.96471 0.9098 0.82353
0.97255 0.9098 0.81569
0.96471 0.89804 0.8
0.94118 0.87059 0.76863
0.95294 0.8902 0.8
0.96863 0.90588 0.81961
0.98039 0.91765 0.83529
0.97255 0.91765 0.83137
0.96863 0.91765 0.83137
0.97647 0.91765 0.83529
0.96471 0.90588 0.81961
0.97647 0.91765 0.82353
0.9451 0.88235 0.78431
0.92941 0.85882 0.75686
0.94118 0.86275 0.76471
0.93333 0.86667 0.77647
0.95686 0.89412 0.80784
0.96471 0.91373 0.83137
0.96863 0.92157 0.83529
0.97255 0.92549 0.83922
0.94902 0.88627 0.79216
0.93725 0.87451 0.78431
0.94902 0.88627 0.79608
0.96863 0.90588 0.81961
0.95686 0.90588 0.81961
0.96078 0.90588 0.82353
0.98039 0.92157 0.83922
0.97647 0.91765 0.83529
0.98039 0.92157 0.83529
0.95686 0.89804 0.80392
0.9451 0.87843 0.78039
0.95686 0.87843 0.78824
0.93725 0.86667 0.78824
0.97255 0.91373 0.83137
0.97255 0.92549 0.83922
0.97647 0.92941 0.84314
0.97255 0.92549 0.83922
0.98039 0.93333 0.84706
0.97647 0.92941 0.84314
0.98824 0.92549 0.83529
0.97255 0.90588 0.81569
0.95686 0.89412 0.80392
0.95686 0.8902 0.8
0.96471 0.90196 0.81569
0.97255 0.91765 0.83529
0.97647 0.92157 0.83922
0.98039 0.92157 0.83922
0.98824 0.92549 0.84314
0.98431 0.92549 0.84706
0.97255 0.91765 0.83922
0.97255 0.91373 0.82745
0.98039 0.92157 0.83137
0.95686 0.90196 0.81961
0.96863 0.92157 0.83529
0.97255 0.92549 0.83922
0.96863 0.92157 0.83529
0.97647 0.92941 0.84314
0.97647 0.92941 0.84314
0.98431 0.93725 0.85098
0.98039 0.93333 0.84706
0.98039 0.92157 0.83529
0.98039 0.92157 0.83137
0.96471 0.90588 0.81961
0.9451 0.88235 0.79216
0.93333 0.87451 0.78431
0.95686 0.90196 0.81569
0.97647 0.92157 0.83922
0.97255 0.91765 0.83922
0.97647 0.92157 0.83922
0.98431 0.92941 0.85098
0.98039 0.93333 0.85882
0.96863 0.92157 0.84314
0.97255 0.92549 0.83922
0.95686 0.91373 0.82745
0.96863 0.92549 0.83922
0.97255 0.92549 0.83922
0.96863 0.92157 0.83529
0.97647 0.92941 0.84314
0.98039 0.93725 0.84706
0.98824 0.94118 0.8549
0.98039 0.93333 0.84706
0.97647 0.92941 0.84314
0.98039 0.93333 0.84706
0.98039 0.93333 0.84706
0.98039 0.93333 0.84706
0.97255 0.92549 0.83922
0.96471 0.90588 0.81961
0.93333 0.87451 0.78431
0.95686 0.89804 0.80784
0.97255 0.92157 0.83137
0.97255 0.92941 0.84314
0.95686 0.9098 0.82353
0.97255 0.92549 0.84314
0.98039 0.92941 0.8549
0.98039 0.92941 0.8549
0.97255 0.92157 0.84706
0.96078 0.91373 0.82745
0.97255 0.92549 0.83922
0.96863 0.92157 0.83529
0.94902 0.90196 0.81569
0.95686 0.9098 0.82353
0.98039 0.93725 0.8549
0.97255 0.92941 0.83529
0.98039 0.93333 0.84314
0.98824 0.94118 0.8549
0.98039 0.93333 0.84706
0.98039 0.93333 0.84706
0.98431 0.93725 0.85098
0.97647 0.92941 0.84314
0.98431 0.93725 0.85098
0.98431 0.93333 0.84706
0.96471 0.91373 0.82745
0.96078 0.9098 0.82353
0.95686 0.9098 0.81961
0.97647 0.92941 0.83529
0.9451 0.89804 0.80784
0.96863 0.92157 0.83922
0.98039 0.92941 0.8549
0.98039 0.92941 0.8549
0.97255 0.92157 0.84314
0.9451 0.89804 0.80784
0.95686 0.9098 0.82353
0.96471 0.91765 0.83137
0.96863 0.92157 0.83529
0.96078 0.91373 0.82745
0.98039 0.93333 0.87059
0.96471 0.91765 0.84706
0.97255 0.92549 0.83922
0.98431 0.93725 0.85098
0.98824 0.94118 0.8549
0.98431 0.93725 0.85098
0.97647 0.92549 0.83922
0.98039 0.92941 0.84314
0.98431 0.93725 0.85098
0.98431 0.93725 0.85098
0.97255 0.92549 0.83922
0.96078 0.91373 0.83137
0.96863 0.92157 0.83922
0.97255 0.92549 0.84314
0.97647 0.92941 0.84706
0.97647 0.92941 0.85098
0.98039 0.92941 0.8549
0.98039 0.92941 0.85882
0.96471 0.91373 0.83922
0.96078 0.91373 0.82745
0.96078 0.9098 0.82745
0.96471 0.91765 0.83529
0.98039 0.92941 0.84706
0.96471 0.91765 0.83137
0.94118 0.89412 0.83137
0.97255 0.92549 0.85882
0.96863 0.92157 0.85098
0.98039 0.92941 0.8549
0.97647 0.92157 0.83922
0.97647 0.91765 0.83137
0.96471 0.90588 0.82353
0.96078 0.90196 0.81961
0.99216 0.93333 0.85098
0.98431 0.93333 0.85098
0.97647 0.92941 0.84314
0.97647 0.92941 0.84314
0.98039 0.93333 0.84706
0.97647 0.92941 0.84314
0.98039 0.92549 0.85098
0.98039 0.92941 0.8549
0.98039 0.92941 0.8549
0.98039 0.92941 0.8549
0.97255 0.92157 0.84706
0.97647 0.92549 0.85098
0.97255 0.92157 0.84706
0.96863 0.91765 0.84314
0.96863 0.92157 0.83529
0.96863 0.92157 0.83529
0.98431 0.9451 0.87843
0.98039 0.93725 0.86275
0.97647 0.92549 0.85098
0.97647 0.92157 0.83922
0.96471 0.90588 0.81961
0.96078 0.90196 0.81569
0.96863 0.9098 0.82353
0.97647 0.91765 0.83137
0.98039 0.92549 0.83922
0.97647 0.92549 0.83922
0.97647 0.92549 0.83922
0.98039 0.92941 0.84314
0.98039 0.93333 0.84706
0.98039 0.92941 0.8549
0.98431 0.93333 0.85882
0.98039 0.93333 0.8549
0.97647 0.92941 0.85098
0.97647 0.92941 0.85098
0.97255 0.92157 0.84706
0.97647 0.92549 0.85098
0.98431 0.93333 0.8549
0.97255 0.92549 0.84314
0.98039 0.93333 0.84314
0.78824 0.74902 0.68235
0.98431 0.9451 0.87059
0.98039 0.93333 0.85882
0.97647 0.92157 0.83922
0.95686 0.89804 0.80784
0.96471 0.90588 0.81569
0.96078 0.90196 0.81176
0.97647 0.91765 0.82745
0.97255 0.91373 0.83137
0.97647 0.91765 0.83529
0.97255 0.91373 0.83137
0.97255 0.92157 0.83529
0.97647 0.92941 0.84314
0.98431 0.93333 0.8549
0.98431 0.93725 0.86275
0.98824 0.9451 0.86667
0.98039 0.93725 0.85882
0.97647 0.92941 0.8549
0.96863 0.91765 0.84314
0.97255 0.92157 0.84706
0.98039 0.92941 0.8549
0.98039 0.93333 0.84706
0.98039 0.93333 0.84706
0.78824 0.75686 0.68235
0.97647 0.93725 0.86275
0.98824 0.93333 0.85098
0.97255 0.9098 0.81961
0.97255 0.9098 0.81569
0.96078 0.89804 0.80784
0.96471 0.90196 0.80784
0.96078 0.90588 0.81569
0.97255 0.92549 0.83922
0.97255 0.91765 0.84314
0.96471 0.91765 0.83137
0.97255 0.92549 0.83922
0.98824 0.93725 0.85882
0.98824 0.93725 0.86275
0.98824 0.9451 0.86667
0.98431 0.94118 0.86275
0.98039 0.93725 0.85882
0.98431 0.93333 0.85882
0.98039 0.92941 0.8549
0.97647 0.92549 0.85098
0.97255 0.92157 0.84706
0.98039 0.92941 0.85098
0.78039 0.73725 0.66667
0.98039 0.93725 0.8549
0.98431 0.92941 0.84706
0.98039 0.92157 0.83529
0.97255 0.91373 0.83137
0.96863 0.9098 0.82745
0.96863 0.9098 0.83137
0.95686 0.90196 0.82745
0.97647 0.92157 0.84706
0.97255 0.91765 0.83529
0.96863 0.91765 0.83137
0.97647 0.92157 0.84314
0.98431 0.93333 0.85882
0.98431 0.94118 0.86275
0.98431 0.94118 0.85882
0.98431 0.93725 0.85882
0.98431 0.93725 0.85882
0.98431 0.93725 0.85882
0.98039 0.93333 0.8549
0.98039 0.92941 0.8549
0.98039 0.93333 0.85882
0.75686 0.71765 0.64314
0.96471 0.92549 0.85098
0.98824 0.93725 0.86275
0.98039 0.92549 0.85098
0.96471 0.9098 0.83922
0.97647 0.91765 0.83922
0.96078 0.89804 0.81176
0.94118 0.87843 0.78824
0.96471 0.90588 0.81176
0.98039 0.92157 0.83529
0.98039 0.92157 0.84314
0.98431 0.93333 0.8549
0.98039 0.93725 0.85098
0.98039 0.93725 0.85098
0.98039 0.93725 0.85098
0.98431 0.93725 0.85098
0.98824 0.94118 0.85098
0.98824 0.94118 0.8549
0.97647 0.93333 0.8549
0.97647 0.93333 0.8549
0.96078 0.92157 0.8549
0.97255 0.92941 0.85882
0.97255 0.92157 0.84706
0.96863 0.91373 0.82745
0.97647 0.91373 0.82353
0.96078 0.89804 0.79608
0.95294 0.8902 0.8
0.96078 0.90588 0.82353
0.96863 0.91765 0.83529
0.97255 0.92549 0.84314
0.97255 0.92549 0.83922
0.96863 0.92549 0.83922
0.98039 0.93725 0.85098
0.98039 0.93725 0.84314
0.98431 0.94118 0.8549
0.98039 0.93725 0.8549
0.97647 0.93333 0.8549
0.97647 0.93333 0.8549
0.96078 0.92157 0.85098
0.98431 0.93725 0.86275
0.96863 0.92157 0.83529
0.96863 0.91765 0.83137
0.95686 0.89804 0.80392
0.96078 0.89804 0.81176
0.96078 0.90196 0.81961
0.95686 0.9098 0.82353
0.96863 0.92157 0.83529
0.97255 0.92549 0.83922
0.96078 0.91765 0.83137
0.97255 0.92941 0.83922
0.98039 0.93725 0.84314
0.98431 0.94118 0.85882
0.98039 0.93725 0.85882
0.97647 0.93333 0.8549
0.97647 0.93333 0.8549
0.95686 0.92157 0.85098
0.98431 0.94118 0.86275
0.96863 0.92549 0.83922
0.96863 0.91373 0.82353
0.98431 0.92549 0.83922
0.98431 0.92549 0.84314
0.96863 0.92157 0.83529
0.96471 0.91765 0.83137
0.97255 0.92549 0.83922
0.97255 0.92549 0.83922
0.96078 0.91765 0.82745
0.97255 0.93333 0.83922
0.98039 0.93725 0.85098
0.98039 0.93725 0.85882
0.98431 0.93333 0.85882
0.97647 0.92549 0.85098
0.96078 0.92157 0.84706
0.98431 0.93725 0.8549
0.98039 0.93333 0.84706
0.98431 0.93333 0.84706
0.99216 0.93725 0.8549
0.98431 0.93725 0.85882
0.96863 0.92157 0.84314
0.96078 0.91373 0.83137
0.96078 0.91373 0.83529
0.96863 0.92157 0.83922
0.97255 0.92941 0.84314
0.97647 0.92941 0.85098
0.98431 0.93725 0.85882
0.98039 0.92941 0.8549
0.97255 0.92157 0.84706
0.88235 0.83922 0.76471
1 0.95686 0.87059
0.98431 0.93725 0.85098
0.98039 0.93333 0.84706
0.98431 0.93725 0.85098
0.98431 0.93725 0.86275
0.97255 0.92157 0.85098
0.96078 0.9098 0.83529
0.96078 0.9098 0.83529
0.96863 0.91765 0.84314
0.96863 0.91765 0.84314
0.97255 0.91765 0.84314
0.98039 0.92941 0.85098
0.97647 0.92941 0.84706
0.97647 0.92549 0.84314
0.91765 0.87451 0.79608
0.99216 0.94902 0.8549
0.99608 0.94902 0.85882
0.99216 0.9451 0.8549
0.98039 0.93725 0.84314
0.98431 0.93725 0.85098
0.96471 0.91373 0.83529
0.92941 0.87843 0.80392
0.9098 0.85882 0.78431
0.94902 0.89804 0.81961
0.96471 0.91765 0.83529
0.96471 0.91765 0.83529
0.96863 0.92157 0.83922
0.96863 0.92157 0.83529
0.97647 0.92941 0.84314
0.92941 0.89412 0.80784
0.98039 0.93725 0.83529
0.99216 0.9451 0.83922
0.99608 0.95294 0.85098
0.99216 0.9451 0.85098
0.97647 0.93333 0.84314
0.96078 0.91373 0.82745
0.93725 0.88627 0.81176
0.81569 0.76471 0.6902
0.81176 0.75686 0.68627
0.92157 0.87059 0.78824
0.96863 0.92157 0.83922
0.97255 0.92549 0.84314
0.97255 0.92549 0.83529
0.97255 0.92549 0.83137
0.95294 0.9098 0.82353
0.98039 0.92549 0.82353
0.98431 0.92941 0.81569
0.98431 0.93725 0.82745
0.99608 0.94902 0.85098
0.98431 0.93725 0.84706
0.96471 0.91765 0.82745
0.9451 0.89412 0.81176
0.82745 0.76863 0.69804
0.87843 0.81961 0.74902
0.95294 0.90196 0.82745
0.97647 0.92549 0.84706
0.98431 0.93725 0.8549
0.96863 0.91765 0.82745
0.98431 0.91765 0.81176
0.98431 0.91765 0.80392
0.96078 0.90196 0.78431
0.98431 0.92549 0.82353
0.98039 0.92941 0.83529
0.95686 0.9098 0.81569
0.92549 0.87059 0.78431
0.97255 0.92549 0.83137
0.98039 0.92157 0.81176
0.97647 0.91765 0.8
0.96471 0.90196 0.78039
0.97647 0.9098 0.80392
0.97647 0.91765 0.82745
0.95294 0.89804 0.80784
0.93725 0.87451 0.78431
0.98431 0.92549 0.82353
0.98039 0.91765 0.81176
0.98039 0.92157 0.81569
0.96863 0.90588 0.79608
0.96471 0.89804 0.78824
0.97255 0.9098 0.81176
0.96471 0.90196 0.80784
0.94902 0.88627 0.8
0.98824 0.92941 0.81961
0.97647 0.91765 0.80392
0.97647 0.91765 0.80392
0.96078 0.89804 0.78824
0.95686 0.8902 0.78824
0.96471 0.90196 0.80392
0.96078 0.89804 0.8
0.94902 0.88627 0.79216
0.97647 0.92157 0.80392
0.96863 0.9098 0.78824
0.96863 0.9098 0.78824
0.95686 0.89412 0.78039
0.95294 0.88627 0.78431
0.96078 0.89804 0.79608
0.96078 0.89804 0.8
0.95294 0.8902 0.79216
0.90196 0.83137 0.74118
0.95686 0.90196 0.8
0.92941 0.86667 0.77647
