0.38824 0.69804 0.87843
0.40392 0.69804 0.88627
0.41176 0.70196 0.88627
0.4 0.6902 0.86667
0.4 0.68627 0.86667
0.4 0.68627 0.86275
0.38431 0.70196 0.88627
0.39216 0.69412 0.88235
0.39608 0.69804 0.87843
0.39216 0.69412 0.86667
0.39216 0.68627 0.87059
0.4 0.6902 0.87059
0.37255 0.69804 0.88235
0.38431 0.69804 0.88627
0.39216 0.69804 0.88235
0.38824 0.6902 0.87059
0.39216 0.69412 0.87059
0.39608 0.68627 0.86667
0.36863 0.69412 0.87843
0.38039 0.69412 0.87843
0.38431 0.68627 0.87059
0.38431 0.68627 0.86667
0.38431 0.68627 0.86275
0.36863 0.6902 0.88235
0.38039 0.68627 0.87059
0.38431 0.6902 0.87059
0.38039 0.68627 0.86667
0.36471 0.6902 0.88235
0.37255 0.6902 0.87059
0.37255 0.6902 0.86667
0.37255 0.69412 0.87059
