0.9098 0.79608 0.67451
0.91373 0.8 0.68235
0.9098 0.79608 0.67843
0.9098 0.79608 0.67451
0.91373 0.8 0.68235
0.90588 0.79216 0.67451
0.91373 0.8 0.68235
0.90588 0.79216 0.67451
0.9098 0.79608 0.67843
0.9098 0.79608 0.67843
0.90588 0.79216 0.67451
0.9098 0.79608 0.67843
0.91373 0.80392 0.68627
0.91373 0.8 0.68235
0.9098 0.79608 0.67843
0.9098 0.79608 0.67843
0.90588 0.79216 0.67451
0.91373 0.8 0.68235
0.91765 0.80392 0.68627
0.9098 0.79216 0.67451
0.9098 0.79216 0.67059
0.9098 0.79216 0.67059
0.9098 0.79216 0.67451
0.90588 0.79216 0.67451
0.91373 0.79216 0.67843
0.91765 0.79608 0.67451
0.90588 0.79216 0.67451
0.91373 0.8 0.68235
0.92941 0.80784 0.69412
0.91373 0.79608 0.67843
0.9098 0.78824 0.67059
