0.12941 0.10196 0.066667
0.15294 0.12941 0.10196
0.14902 0.12157 0.082353
0.13725 0.1098 0.078431
0.14118 0.1098 0.086275
0.16078 0.14902 0.13333
0.15686 0.12941 0.098039
0.1451 0.11765 0.086275
0.14118 0.11373 0.082353
0.13725 0.11373 0.082353
0.14902 0.1451 0.16471
0.18431 0.16078 0.13725
0.15686 0.12549 0.090196
0.13725 0.12157 0.098039
0.12941 0.11373 0.082353
0.13333 0.14118 0.14118
0.15686 0.13725 0.11373
0.1451 0.12549 0.098039
0.15294 0.13725 0.094118
0.1451 0.13333 0.12549
0.14902 0.13725 0.12549
