0.45098 0.56471 0.73725
0.4549 0.56863 0.74118
0.45882 0.57255 0.7451
0.45098 0.56471 0.73725
0.44706 0.56078 0.73725
0.4549 0.56863 0.74118
0.45882 0.57255 0.7451
0.45882 0.57255 0.7451
0.45882 0.56863 0.74118
0.45098 0.56471 0.73725
0.45882 0.56863 0.74118
0.4549 0.56863 0.74118
0.45882 0.57255 0.7451
0.46275 0.57255 0.74902
0.44314 0.56863 0.7451
0.44706 0.56471 0.73333
0.45882 0.56863 0.73725
0.45882 0.57255 0.7451
0.45882 0.56471 0.74118
0.45882 0.56471 0.74118
0.4549 0.56078 0.74118
0.44706 0.56863 0.73725
0.44314 0.56471 0.72941
0.4549 0.56863 0.74118
0.45882 0.56863 0.74118
0.46275 0.56471 0.7451
