0.8549 0.79216 0.6902
0.86667 0.80392 0.70588
0.87843 0.81569 0.71373
0.8549 0.79216 0.69804
0.86667 0.8 0.70196
0.88235 0.81569 0.72157
0.88627 0.81961 0.72157
0.87059 0.80784 0.72941
0.87843 0.80784 0.72157
0.87843 0.80392 0.7098
0.87843 0.8 0.7098
0.88627 0.81569 0.71765
0.86275 0.8 0.72157
0.88627 0.81961 0.73725
0.88627 0.81569 0.72941
0.88235 0.80784 0.7098
0.87059 0.80392 0.70196
0.88235 0.80784 0.70588
0.87451 0.81176 0.72941
0.88627 0.81961 0.72941
0.88235 0.81176 0.71765
0.88627 0.80784 0.7098
0.87059 0.80392 0.69804
0.88627 0.81176 0.71373
0.8902 0.81176 0.7098
