0.098039 0.10588 0.12157
0.094118 0.10588 0.11765
0.10196 0.10588 0.11765
0.098039 0.1098 0.11765
0.094118 0.1098 0.11765
0.10196 0.1098 0.12157
0.12941 0.12941 0.1451
0.10588 0.11373 0.10196
0.10196 0.11373 0.094118
0.11373 0.11765 0.098039
0.10588 0.11765 0.098039
0.1098 0.12157 0.10196
0.12549 0.13725 0.13725
0.10196 0.1098 0.086275
0.10588 0.11373 0.090196
0.1098 0.11765 0.090196
0.10588 0.1098 0.086275
0.11373 0.11373 0.094118
0.12157 0.13333 0.13333
0.10196 0.1098 0.090196
0.10196 0.10588 0.082353
0.10196 0.10588 0.082353
0.10588 0.10588 0.086275
0.10588 0.10196 0.082353
0.12157 0.13725 0.12941
