0.22353 0.32941 0.47451
0.24706 0.34902 0.49412
0.25882 0.36078 0.50588
0.23922 0.34118 0.48627
0.26667 0.36863 0.5098
0.23529 0.33725 0.47843
0.23922 0.34902 0.48627
0.25882 0.36471 0.5098
0.25098 0.35294 0.49804
0.2549 0.35294 0.49804
0.24706 0.3451 0.49412
0.24706 0.34902 0.49412
0.2549 0.35294 0.49804
0.24314 0.34118 0.48235
0.24706 0.3451 0.48627
0.24706 0.34902 0.49804
0.2549 0.34902 0.49804
0.25098 0.34118 0.4902
0.23922 0.33333 0.48235
0.23922 0.32941 0.48235
0.25098 0.3451 0.49412
0.24314 0.34118 0.48627
0.2549 0.34902 0.49804
0.24706 0.34118 0.4902
0.24706 0.3451 0.48627
0.24706 0.34902 0.4902
0.24706 0.3451 0.4902
0.2549 0.35294 0.50196
0.25098 0.34902 0.49804
0.24314 0.33725 0.48235
0.24314 0.33725 0.47843
0.24706 0.33725 0.47451
0.2549 0.35294 0.49412
0.25882 0.35294 0.49412
0.24706 0.34118 0.4902
0.25098 0.3451 0.4902
0.24706 0.34902 0.48627
0.23922 0.34118 0.48627
0.23922 0.34118 0.48627
0.24706 0.34902 0.49412
0.24706 0.34118 0.48235
0.23922 0.33333 0.46667
0.25098 0.3451 0.47843
0.23922 0.34118 0.48627
0.25098 0.34902 0.4902
0.26275 0.35686 0.49804
0.23529 0.32941 0.47843
0.25882 0.36078 0.50196
0.23137 0.3451 0.47843
0.23529 0.3451 0.4902
0.23529 0.3451 0.4902
0.2549 0.35686 0.50196
0.24706 0.3451 0.48235
0.25098 0.34118 0.47451
0.25882 0.34902 0.48235
0.23922 0.34118 0.48235
0.25098 0.35294 0.49804
0.24706 0.3451 0.48627
0.24706 0.3451 0.48627
0.24314 0.34118 0.48627
0.25098 0.34902 0.4902
0.24314 0.3451 0.48627
0.23529 0.34118 0.48627
0.24706 0.35294 0.49804
0.2549 0.36078 0.50196
0.23529 0.33725 0.47059
0.2549 0.34902 0.48235
0.27059 0.35294 0.49412
0.23922 0.34118 0.48627
0.2549 0.35686 0.50196
0.2549 0.35686 0.49804
0.24314 0.34902 0.48235
0.25098 0.35294 0.4902
0.25098 0.34902 0.49412
0.25098 0.34118 0.49412
0.24706 0.34902 0.49412
0.24314 0.3451 0.4902
0.24706 0.34118 0.48235
0.24314 0.33333 0.48235
0.26667 0.34902 0.49804
0.27451 0.35294 0.49412
0.23922 0.34118 0.48627
0.24706 0.34902 0.49412
0.2549 0.35686 0.50196
0.2549 0.35686 0.50196
0.23137 0.33333 0.47843
0.23529 0.33333 0.48235
0.24706 0.34118 0.4902
0.2549 0.35686 0.50196
0.25098 0.34902 0.4902
0.25882 0.3451 0.49412
0.25098 0.33333 0.48235
0.25882 0.33725 0.4549
0.27059 0.35294 0.45882
0.26275 0.32941 0.4549
0.24314 0.3451 0.4902
0.23922 0.34118 0.48627
0.2549 0.35686 0.50196
0.24314 0.3451 0.4902
0.22745 0.32941 0.47451
0.23137 0.33333 0.47451
0.2549 0.34902 0.49412
0.2549 0.35686 0.49804
0.2549 0.35294 0.4902
0.25098 0.3451 0.48627
0.2549 0.34902 0.47059
0.27843 0.35686 0.40784
0.26667 0.34118 0.46275
0.23922 0.32549 0.43529
0.2549 0.35686 0.50196
0.25098 0.35294 0.49804
0.25882 0.36078 0.50196
0.25098 0.35294 0.4902
0.23529 0.33725 0.47451
0.24706 0.34902 0.48627
0.25882 0.36078 0.49804
0.23922 0.34118 0.47451
0.24314 0.34902 0.47451
0.25098 0.34902 0.47843
0.25882 0.36078 0.47451
0.27059 0.34902 0.45098
0.21176 0.28627 0.41176
0.25882 0.36078 0.50196
0.24706 0.35294 0.4902
0.25098 0.35294 0.4902
0.24706 0.34902 0.48627
0.25098 0.35294 0.4902
0.2549 0.35686 0.49412
0.2549 0.35686 0.49412
0.23529 0.33725 0.46667
0.23922 0.34118 0.47451
0.2549 0.34902 0.47843
0.24706 0.3451 0.47451
0.22353 0.29412 0.40392
0.26275 0.36471 0.50196
0.25882 0.36078 0.49804
0.24314 0.3451 0.48235
0.23529 0.33725 0.47843
0.25098 0.35294 0.4902
0.2549 0.35294 0.4902
0.23529 0.33725 0.47059
0.24706 0.35294 0.48235
0.26667 0.35294 0.48627
0.2549 0.3451 0.48627
0.25098 0.33333 0.44706
0.2549 0.35294 0.49804
0.25882 0.35686 0.50196
0.24314 0.3451 0.48627
0.23529 0.33725 0.47451
0.27059 0.36078 0.49804
0.26275 0.32941 0.45882
0.23137 0.32941 0.47451
0.24314 0.34118 0.48235
0.2549 0.34902 0.4902
0.26275 0.35686 0.48627
0.2549 0.34902 0.46275
0.2549 0.35686 0.50196
0.25098 0.35294 0.4902
0.24314 0.34902 0.47059
0.27059 0.34118 0.46275
0.21961 0.25882 0.37647
0.23922 0.33333 0.46667
0.23529 0.34118 0.47451
0.24314 0.33333 0.47451
0.25098 0.3451 0.47843
0.23922 0.33333 0.45098
0.2549 0.36078 0.50196
0.25882 0.36078 0.50196
0.25098 0.35686 0.49412
0.27451 0.3451 0.47059
0.2 0.23922 0.3451
0.23137 0.32549 0.4549
0.23529 0.33725 0.46667
0.25882 0.35294 0.48627
0.2549 0.34902 0.48235
0.23922 0.33333 0.47059
0.27451 0.35686 0.45882
0.25098 0.35294 0.49804
0.24314 0.3451 0.49412
0.27059 0.35686 0.49804
0.2 0.24314 0.33725
0.23137 0.31765 0.43529
0.23529 0.33725 0.47451
0.26667 0.35686 0.4902
0.25098 0.3451 0.47843
0.23137 0.32549 0.45882
0.23922 0.34902 0.49412
0.25098 0.36078 0.49412
0.28627 0.35686 0.44706
0.21961 0.2902 0.38039
0.24706 0.33725 0.46275
0.25098 0.34118 0.47451
0.25098 0.3451 0.47843
0.24314 0.3451 0.47451
0.25882 0.36078 0.46667
0.24706 0.34902 0.4902
0.30196 0.38039 0.49412
0.2549 0.33333 0.44706
0.25098 0.34118 0.47843
0.25882 0.35294 0.48627
0.24314 0.34902 0.47451
0.26667 0.35686 0.46275
0.2549 0.3451 0.49412
0.2549 0.35686 0.48627
0.25882 0.35686 0.4902
0.23922 0.3451 0.48235
0.2549 0.36078 0.47059
0.24314 0.33725 0.4549
0.25882 0.35294 0.4902
0.25098 0.3451 0.47843
0.24314 0.3098 0.41569
0.26275 0.35294 0.4902
0.25882 0.33333 0.46275
0.20784 0.28235 0.40784
0.27059 0.3451 0.47451
0.22745 0.30196 0.41961
0.21961 0.31373 0.44314
0.24314 0.34118 0.47451
