0.22745 0.34118 0.50196
0.24314 0.33333 0.49412
0.23529 0.34118 0.5098
0.23137 0.33725 0.50588
0.22353 0.32941 0.49804
0.2549 0.34118 0.50196
0.23529 0.34118 0.5098
0.23529 0.34118 0.5098
0.22745 0.33333 0.50196
0.24706 0.33333 0.49804
0.23922 0.3451 0.51373
0.23922 0.3451 0.51373
0.23529 0.34118 0.5098
0.23529 0.33333 0.4902
0.22745 0.34118 0.49804
0.22745 0.34118 0.50588
0.22745 0.33725 0.50588
0.23137 0.33333 0.50196
0.23922 0.33725 0.49412
0.22745 0.34118 0.49804
0.22745 0.3451 0.50588
0.22745 0.33333 0.50196
0.23922 0.33333 0.50588
0.23137 0.33333 0.4902
