0.57255 0.64314 0.73725
0.58039 0.65098 0.73725
0.57255 0.64314 0.72941
0.57255 0.64314 0.72941
0.56863 0.63922 0.73333
0.57255 0.64314 0.73725
0.56863 0.63922 0.73333
0.58039 0.65098 0.73333
0.57647 0.64706 0.73333
0.57255 0.64314 0.72941
0.57255 0.63922 0.73333
0.57255 0.64314 0.73725
0.56471 0.63529 0.73333
0.56863 0.63922 0.73333
0.56863 0.63922 0.72941
0.56863 0.63922 0.72941
0.56863 0.63922 0.72941
0.56471 0.63529 0.72549
0.56078 0.63922 0.72157
0.55686 0.63922 0.72157
0.58039 0.65098 0.73725
0.57647 0.64706 0.73333
0.58039 0.65098 0.73725
0.57647 0.64706 0.73333
0.57647 0.64706 0.73333
0.57647 0.64314 0.73725
0.57255 0.64706 0.74118
0.55686 0.63922 0.72941
0.56471 0.63922 0.72549
0.56863 0.63922 0.72549
0.57647 0.64706 0.73333
0.57255 0.64314 0.72941
0.56471 0.63529 0.72157
0.56078 0.63137 0.71765
0.55686 0.63529 0.71765
0.54902 0.63137 0.71373
0.58039 0.65098 0.73725
0.57647 0.64706 0.73333
0.57647 0.64706 0.73333
0.58039 0.65098 0.73725
0.58039 0.65098 0.73725
0.58039 0.65098 0.73725
0.56863 0.65098 0.73333
0.56863 0.64314 0.73333
0.57255 0.64314 0.73333
0.56863 0.64314 0.72941
0.56471 0.64314 0.72549
0.56471 0.64314 0.72941
0.56863 0.64314 0.72549
0.56863 0.63922 0.72549
0.56471 0.63529 0.72157
0.55294 0.63137 0.71373
0.57647 0.6549 0.74118
0.57647 0.65098 0.73725
0.58039 0.65098 0.73725
0.57647 0.64706 0.73333
0.58039 0.65098 0.73725
0.58039 0.65098 0.73725
0.57255 0.64706 0.73333
0.56863 0.6549 0.73333
0.56863 0.64706 0.72941
0.57255 0.64314 0.72941
0.56471 0.64314 0.72549
0.55686 0.63922 0.72549
0.56078 0.64314 0.72549
0.56471 0.63922 0.72549
0.56471 0.63529 0.72549
0.56471 0.63529 0.72157
0.56078 0.63529 0.72157
0.58039 0.66275 0.7451
0.57647 0.65882 0.74118
0.57647 0.65882 0.74118
0.57255 0.6549 0.73725
0.56863 0.65098 0.73333
0.57255 0.65882 0.73725
0.57647 0.6549 0.74118
0.58039 0.65098 0.73725
0.57255 0.65098 0.73725
0.56471 0.64706 0.72941
0.56863 0.65098 0.73333
0.56863 0.65098 0.73333
0.56863 0.65098 0.73333
0.56471 0.64706 0.72941
0.56471 0.64314 0.73725
0.55686 0.63529 0.73333
0.55686 0.63529 0.73333
0.55686 0.63529 0.72941
0.58824 0.66275 0.74902
0.58431 0.65882 0.7451
0.58431 0.65882 0.7451
0.57647 0.6549 0.73725
0.57255 0.64706 0.73333
0.57647 0.6549 0.73725
0.58039 0.6549 0.74118
0.58039 0.65098 0.73725
0.57255 0.65098 0.73333
0.56863 0.65098 0.73333
0.57255 0.6549 0.73725
0.56863 0.65098 0.73333
0.56471 0.64706 0.72941
0.56471 0.64706 0.73333
0.56863 0.64706 0.74118
0.56078 0.63922 0.73725
0.55686 0.63529 0.73333
0.59216 0.66275 0.75686
0.58824 0.65882 0.7451
0.58824 0.65882 0.7451
0.59216 0.65882 0.7451
0.58431 0.6549 0.74118
0.58431 0.6549 0.74118
0.58039 0.65098 0.73725
0.58039 0.65098 0.73725
0.58431 0.6549 0.74118
0.57255 0.65098 0.73333
0.57255 0.6549 0.73725
0.56471 0.64706 0.72941
0.56863 0.65098 0.73333
0.56471 0.64706 0.72941
0.56078 0.64314 0.72941
0.56078 0.63922 0.73333
0.55686 0.63529 0.73333
0.56078 0.63922 0.73725
0.56078 0.63922 0.73725
0.58824 0.65882 0.74902
0.59216 0.66275 0.74902
0.59216 0.66275 0.74902
0.58824 0.65882 0.7451
0.58824 0.65882 0.7451
0.58824 0.65882 0.7451
0.59216 0.66275 0.74902
0.58039 0.65098 0.73725
0.57647 0.64706 0.73333
0.58431 0.6549 0.74118
0.58039 0.65098 0.73725
0.57647 0.64706 0.73333
0.57647 0.64706 0.73333
0.57255 0.64314 0.72941
0.57255 0.64314 0.73333
0.57647 0.64706 0.74118
0.57255 0.64314 0.73725
0.56863 0.63922 0.73333
0.56863 0.63922 0.73333
0.55686 0.63922 0.72549
0.55686 0.63922 0.72549
0.56078 0.64314 0.72549
0.59216 0.66275 0.74902
0.58824 0.65882 0.7451
0.59608 0.66667 0.75294
0.59216 0.66275 0.74902
0.58824 0.65882 0.7451
0.59216 0.66275 0.74902
0.58039 0.65098 0.73725
0.58431 0.6549 0.74118
0.58039 0.65098 0.73725
0.57647 0.64706 0.73333
0.57647 0.64706 0.73333
0.58431 0.6549 0.74118
0.57647 0.64706 0.73333
0.57647 0.64706 0.73725
0.56863 0.63922 0.73725
0.57255 0.64314 0.73333
0.57255 0.64314 0.73725
0.57255 0.63922 0.73333
0.56471 0.64314 0.72941
0.56078 0.64314 0.72549
0.56078 0.64314 0.72549
0.59216 0.66275 0.74902
0.6 0.67059 0.75686
0.59216 0.66275 0.74902
0.59216 0.66275 0.74902
0.59216 0.66275 0.74902
0.58431 0.6549 0.74118
0.58824 0.65882 0.7451
0.58039 0.65098 0.73725
0.58039 0.65098 0.73725
0.58039 0.65098 0.73725
0.58431 0.6549 0.74118
0.57647 0.64706 0.73333
0.57255 0.64314 0.73725
0.57647 0.64706 0.74118
0.57647 0.64706 0.73333
0.56863 0.63922 0.72549
0.57255 0.64314 0.72941
0.56863 0.64706 0.72941
0.56078 0.64314 0.72549
0.56078 0.64314 0.72549
0.59216 0.66275 0.74118
0.6 0.66667 0.74902
0.59608 0.66667 0.7451
0.58824 0.6549 0.73725
0.58824 0.66275 0.7451
0.58431 0.66275 0.74902
0.57647 0.6549 0.74118
0.58039 0.6549 0.74118
0.58431 0.6549 0.74118
0.58039 0.65098 0.73725
0.58039 0.65098 0.73725
0.57647 0.64706 0.73333
0.58039 0.65098 0.73725
0.57647 0.64706 0.73333
0.57647 0.64706 0.73333
0.57255 0.64314 0.72941
0.57255 0.64314 0.72941
0.57255 0.64314 0.72941
0.56863 0.64314 0.72941
0.56471 0.63922 0.72549
0.56471 0.63922 0.72549
0.59608 0.66667 0.7451
0.59216 0.66275 0.74118
0.59216 0.66275 0.74118
0.58824 0.66275 0.7451
0.58039 0.66275 0.7451
0.57255 0.6549 0.73725
0.57255 0.65098 0.73333
0.58039 0.65098 0.73725
0.58431 0.6549 0.74118
0.57647 0.64706 0.73333
0.58039 0.65098 0.73725
0.57647 0.64706 0.73333
0.57647 0.64706 0.73333
0.57647 0.64706 0.73333
0.57647 0.64706 0.73333
0.57647 0.64706 0.73333
0.56863 0.63922 0.72549
0.57647 0.64706 0.73333
0.57255 0.64314 0.72941
0.57255 0.64314 0.72941
0.58039 0.66275 0.7451
0.58431 0.66667 0.74902
0.58431 0.66667 0.74902
0.57647 0.65882 0.74118
0.58039 0.66275 0.7451
0.58039 0.65882 0.74118
0.58039 0.64706 0.73333
0.57647 0.64706 0.73333
0.57647 0.64706 0.73333
0.58039 0.65098 0.73725
0.58431 0.6549 0.74118
0.58039 0.65098 0.73725
0.57255 0.64314 0.72941
0.57255 0.64314 0.72941
0.57255 0.64314 0.72941
0.57255 0.64314 0.72941
0.57255 0.64314 0.72941
0.57255 0.64314 0.72941
0.57255 0.64314 0.72941
0.58039 0.66275 0.7451
0.58039 0.66275 0.7451
0.58039 0.66275 0.7451
0.57647 0.65882 0.74118
0.57647 0.65882 0.74118
0.57647 0.66275 0.74118
0.58431 0.66275 0.7451
0.58431 0.6549 0.74118
0.58039 0.65098 0.73725
0.58039 0.6549 0.73725
0.58039 0.65882 0.73725
0.58039 0.65098 0.73333
0.58431 0.65098 0.73333
0.58431 0.65098 0.73725
0.57255 0.64314 0.72941
0.57255 0.64314 0.72941
0.56863 0.64314 0.72941
0.56471 0.64314 0.72549
0.56471 0.63922 0.72549
0.56471 0.64314 0.72549
0.56078 0.63922 0.72549
0.56078 0.64314 0.72549
0.58039 0.66275 0.7451
0.58039 0.66275 0.7451
0.57647 0.65882 0.74118
0.57647 0.65882 0.74118
0.57647 0.6549 0.73725
0.56863 0.65098 0.73333
0.57647 0.6549 0.74118
0.58824 0.65882 0.7451
0.58431 0.6549 0.74118
0.57647 0.65098 0.73725
0.57255 0.6549 0.72941
0.57647 0.64706 0.72549
0.58431 0.64706 0.72549
0.57647 0.64314 0.72941
0.57255 0.64314 0.72941
0.57647 0.64706 0.73333
0.56863 0.64706 0.73333
0.56471 0.64706 0.72941
0.56078 0.64314 0.72549
0.55686 0.63922 0.72157
0.55294 0.63922 0.72157
0.56078 0.64314 0.72549
0.58039 0.66275 0.7451
0.57255 0.65882 0.74118
0.57647 0.6549 0.73725
0.58039 0.65098 0.73725
0.58431 0.6549 0.74118
0.58431 0.6549 0.74118
0.58431 0.6549 0.74118
0.58431 0.6549 0.74118
0.57647 0.65098 0.73333
0.58039 0.66275 0.74118
0.57647 0.6549 0.73725
0.57255 0.65098 0.73333
0.56863 0.65098 0.73333
0.56863 0.64706 0.72941
0.56863 0.64706 0.72941
0.56471 0.64706 0.72941
0.56863 0.65098 0.73333
0.55686 0.63922 0.72157
0.55294 0.63529 0.71765
0.54902 0.63137 0.71373
0.55686 0.63922 0.72157
0.55294 0.63922 0.72157
0.58431 0.66275 0.74902
0.58431 0.65882 0.7451
0.58824 0.65882 0.7451
0.59216 0.66275 0.74902
0.58824 0.65882 0.7451
0.58824 0.65882 0.7451
0.58824 0.6549 0.74118
0.58039 0.6549 0.74118
0.57255 0.6549 0.73725
0.57255 0.6549 0.73725
0.56471 0.64706 0.72941
0.56863 0.65098 0.73333
0.56863 0.64706 0.73333
0.56471 0.64314 0.72549
0.56471 0.64706 0.72941
0.56471 0.64706 0.72941
0.55686 0.63922 0.72157
0.56078 0.63922 0.72157
0.55686 0.63529 0.71765
0.55686 0.63922 0.72157
0.55294 0.63529 0.71765
0.58824 0.65882 0.7451
0.58824 0.65882 0.7451
0.58824 0.65882 0.7451
0.58431 0.6549 0.74118
0.58431 0.6549 0.74118
0.58431 0.66275 0.7451
0.57647 0.6549 0.73725
0.57255 0.65098 0.73333
0.56863 0.65098 0.73333
0.57255 0.6549 0.73725
0.57255 0.65098 0.73333
0.57255 0.64706 0.73333
0.57255 0.64314 0.72941
0.57255 0.64314 0.72941
0.56863 0.65098 0.73333
0.56471 0.64706 0.72941
0.55686 0.63922 0.72157
0.56471 0.63922 0.72549
0.56078 0.63529 0.72157
0.55294 0.63529 0.71765
0.55294 0.63922 0.71765
0.58431 0.66275 0.7451
0.58039 0.65882 0.74118
0.57647 0.6549 0.73725
0.57647 0.65882 0.74118
0.56863 0.6549 0.73333
0.57255 0.6549 0.73725
0.57255 0.6549 0.73725
0.57255 0.6549 0.73725
0.57255 0.6549 0.73725
0.57647 0.64706 0.73333
0.57647 0.64706 0.73333
0.57255 0.64314 0.72941
0.57255 0.64314 0.72941
0.56863 0.64314 0.72941
0.56863 0.64314 0.72941
0.56863 0.63922 0.72549
0.56471 0.63922 0.72157
0.55686 0.63922 0.72157
0.54902 0.63529 0.71765
0.58431 0.66275 0.7451
0.58039 0.66275 0.7451
0.57647 0.65882 0.74118
0.57647 0.65882 0.74118
0.57255 0.65882 0.74118
0.57647 0.65882 0.74118
0.57255 0.6549 0.73725
0.57647 0.65882 0.74118
0.57255 0.6549 0.73725
0.56863 0.64706 0.72941
0.57647 0.65098 0.73333
0.58039 0.65098 0.73725
0.57647 0.64706 0.73333
0.57647 0.64706 0.73333
0.57255 0.64314 0.72941
0.56863 0.63922 0.72549
0.56863 0.63922 0.72549
0.56078 0.63529 0.72157
0.55686 0.63922 0.72157
0.55686 0.63922 0.72157
0.5451 0.63137 0.71765
0.54118 0.63137 0.72549
0.57255 0.6549 0.73725
0.57647 0.65882 0.74118
0.58431 0.66667 0.74902
0.58039 0.66275 0.7451
0.57647 0.65882 0.7451
0.57647 0.65882 0.74118
0.57255 0.6549 0.73725
0.57647 0.65882 0.74118
0.57647 0.65882 0.74118
0.57255 0.65098 0.73333
0.58039 0.65098 0.73725
0.57647 0.64706 0.73333
0.57647 0.64314 0.72941
0.57647 0.64706 0.73333
0.57255 0.64314 0.72941
0.57255 0.64314 0.72941
0.56863 0.63922 0.72549
0.56471 0.63529 0.72157
0.56078 0.63922 0.72157
0.55686 0.63922 0.72549
0.55294 0.63137 0.72549
0.5451 0.63137 0.72941
0.58431 0.66275 0.7451
0.58431 0.65882 0.7451
0.58039 0.65882 0.74118
0.58039 0.66275 0.74118
0.58039 0.66275 0.74118
0.57647 0.65882 0.73725
0.56471 0.64706 0.72941
0.57255 0.6549 0.73725
0.57255 0.6549 0.73725
0.57647 0.6549 0.73725
0.57255 0.65098 0.73333
0.56863 0.64314 0.72941
0.57255 0.64706 0.73333
0.57647 0.64314 0.72941
0.57647 0.64706 0.73333
0.56863 0.63922 0.72549
0.56863 0.63922 0.72549
0.56078 0.64314 0.72549
0.55294 0.63529 0.71765
0.55294 0.63137 0.72549
0.54118 0.62745 0.72157
0.58824 0.65882 0.7451
0.58824 0.6549 0.74118
0.58431 0.65882 0.74118
0.58431 0.66667 0.74118
0.58039 0.66275 0.73725
0.57255 0.6549 0.73333
0.56863 0.65098 0.73333
0.56471 0.64706 0.72941
0.56471 0.64706 0.72941
0.56863 0.65098 0.73333
0.56471 0.64706 0.72941
0.56471 0.64706 0.72941
0.57255 0.64706 0.72941
0.57647 0.64706 0.73333
0.57647 0.64706 0.73333
0.56863 0.63922 0.72549
0.56863 0.63922 0.72549
0.56078 0.63922 0.72157
0.55294 0.63529 0.71765
0.58039 0.6549 0.74118
0.58039 0.66275 0.7451
0.58431 0.66667 0.7451
0.58039 0.66275 0.7451
0.57255 0.6549 0.73725
0.56471 0.64706 0.72941
0.57255 0.6549 0.73725
0.56471 0.64706 0.72941
0.56471 0.64706 0.72941
0.56863 0.65098 0.73333
0.56863 0.64314 0.72941
0.57647 0.64706 0.73333
0.57647 0.64706 0.73333
0.56863 0.63922 0.72549
0.56471 0.63529 0.72157
0.56471 0.63922 0.72157
0.58039 0.65882 0.74118
0.58039 0.66275 0.7451
0.58039 0.66275 0.7451
0.57647 0.65882 0.74118
0.56863 0.65098 0.73333
0.56863 0.65098 0.73333
0.57647 0.65882 0.74118
0.57647 0.65882 0.74118
0.56863 0.65098 0.73333
0.56471 0.64706 0.72941
0.56863 0.63922 0.72549
0.57647 0.64706 0.73333
0.57255 0.64314 0.72941
0.57255 0.64314 0.72941
0.58039 0.66275 0.7451
0.57647 0.65882 0.74118
0.57647 0.65882 0.74118
0.57647 0.65882 0.74118
0.57647 0.65882 0.74118
0.56863 0.65098 0.73333
0.57647 0.65882 0.74118
0.56863 0.65098 0.73333
0.56863 0.65098 0.73333
0.57647 0.64706 0.73333
0.58039 0.65098 0.73725
0.58039 0.66275 0.73725
0.57647 0.65882 0.74118
0.58039 0.66275 0.7451
0.58039 0.66275 0.7451
0.58039 0.65882 0.74118
0.57647 0.65098 0.73333
0.58039 0.65098 0.73725
0.57255 0.64706 0.73333
0.57647 0.64706 0.73333
0.57255 0.65098 0.73725
0.57647 0.65882 0.73725
0.58039 0.66275 0.7451
0.57647 0.65882 0.74118
0.58039 0.65882 0.74118
0.58039 0.65098 0.73725
0.58039 0.64706 0.73333
0.57647 0.64706 0.73333
0.58039 0.66275 0.7451
0.58824 0.66275 0.7451
0.58824 0.65882 0.7451
0.58039 0.65098 0.73725
0.58039 0.65098 0.73725
0.57647 0.65882 0.74118
0.57647 0.65882 0.74118
0.57647 0.65882 0.74118
0.58039 0.6549 0.74118
0.58039 0.65098 0.73725
0.57647 0.65882 0.73725
0.57647 0.65882 0.74118
0.57647 0.65882 0.74118
0.57647 0.65882 0.74118
0.57647 0.65882 0.74118
0.58039 0.66275 0.7451
0.57647 0.65882 0.74118
0.57647 0.65882 0.74118
