0.67059 0.61961 0.58431
0.67059 0.61961 0.58431
0.66667 0.61569 0.58039
0.67059 0.61961 0.58431
0.66667 0.61569 0.58039
0.67059 0.61961 0.58431
0.67059 0.61961 0.58431
0.67059 0.61961 0.58431
0.67059 0.61961 0.58431
0.67059 0.61961 0.58431
0.67059 0.61961 0.58431
0.67059 0.61961 0.58431
0.67451 0.62353 0.58824
0.67059 0.61961 0.58431
0.67059 0.61961 0.58431
0.67059 0.61961 0.58431
0.67451 0.62353 0.58824
0.67451 0.61961 0.59216
0.67451 0.61961 0.58824
0.67059 0.61961 0.58431
0.67843 0.61961 0.59608
0.67843 0.61961 0.59216
