0.1098 0.10588 0.11373
0.15294 0.14902 0.16471
0.14902 0.12941 0.1451
0.22745 0.19216 0.19608
0.15686 0.16471 0.18039
0.11765 0.12549 0.14118
0.17255 0.16471 0.17647
0.19216 0.18431 0.20392
0.16863 0.16078 0.16863
0.14902 0.13333 0.15686
0.13333 0.12549 0.1451
0.11373 0.1098 0.13725
0.10196 0.10196 0.13333
0.17255 0.16863 0.18431
0.11765 0.1098 0.13725
0.098039 0.090196 0.11765
0.12157 0.11765 0.1451
0.16078 0.16471 0.17647
0.48235 0.47843 0.49804
0.35686 0.34902 0.37255
0.2 0.19216 0.21569
0.18039 0.17647 0.20392
