0.61569 0.70196 0.78431
0.61569 0.70196 0.78431
0.62353 0.70196 0.78431
0.62353 0.70588 0.78824
0.61961 0.70588 0.78824
0.61569 0.70196 0.78431
0.61569 0.70196 0.78431
0.62353 0.69804 0.78431
0.62353 0.69412 0.78039
0.62745 0.69804 0.77647
0.62745 0.70588 0.78431
0.62745 0.7098 0.79216
0.61961 0.70588 0.78431
0.61569 0.70196 0.78039
0.61961 0.70196 0.78431
0.62745 0.70196 0.78431
0.63137 0.70196 0.78431
0.62745 0.69804 0.77647
0.62745 0.69804 0.77647
0.63137 0.70196 0.78039
0.64314 0.71765 0.78431
0.63529 0.71373 0.78039
0.62745 0.7098 0.78039
0.61961 0.70196 0.77647
0.61961 0.70196 0.77647
0.61569 0.70588 0.77647
0.61569 0.70196 0.77647
0.62353 0.70196 0.77647
0.63529 0.70196 0.78039
0.62745 0.69804 0.77647
0.62745 0.69804 0.77647
0.62745 0.69804 0.77647
0.62745 0.69804 0.77647
0.62353 0.69804 0.76863
0.61961 0.69412 0.76078
0.61961 0.69412 0.76078
0.62353 0.69804 0.76471
0.61961 0.69412 0.76078
0.64706 0.71373 0.78431
0.63922 0.71373 0.78039
0.63137 0.7098 0.77647
0.62353 0.70588 0.77647
0.62745 0.7098 0.78431
0.61961 0.70196 0.77647
0.61961 0.70588 0.78039
0.61961 0.70588 0.78039
0.62745 0.70196 0.78039
0.63137 0.70196 0.78039
0.63529 0.70196 0.78039
0.63137 0.69804 0.77647
0.63137 0.69804 0.77647
0.62745 0.69804 0.77647
0.62745 0.69804 0.76863
0.62353 0.69804 0.76471
0.62353 0.69804 0.76471
0.62353 0.69804 0.76471
0.65882 0.72157 0.78431
0.6549 0.72157 0.78431
0.65098 0.71765 0.78824
0.64314 0.71373 0.78431
0.63137 0.7098 0.78039
0.62745 0.7098 0.78039
0.62353 0.70588 0.78039
0.62353 0.70588 0.78039
0.62353 0.7098 0.78039
0.62353 0.70588 0.78039
0.63137 0.70588 0.78431
0.63137 0.70196 0.78039
0.63137 0.69804 0.77647
0.63137 0.69804 0.77647
0.63137 0.70196 0.78039
0.62353 0.69412 0.77255
0.62353 0.69804 0.76863
0.62745 0.69804 0.76863
0.62745 0.69804 0.76863
0.62353 0.69804 0.76471
0.66667 0.72941 0.79216
0.66275 0.72549 0.78824
0.65882 0.72157 0.78431
0.65098 0.71765 0.78039
0.65098 0.71765 0.78824
0.64314 0.71373 0.79216
0.63137 0.7098 0.79216
0.62353 0.70588 0.78431
0.62353 0.70588 0.77647
0.62353 0.70588 0.78039
0.61961 0.70588 0.78039
0.61961 0.70588 0.78039
0.62745 0.70196 0.78039
0.63137 0.69804 0.77647
0.63529 0.70196 0.78039
0.63137 0.69804 0.77647
0.63137 0.69804 0.77647
0.62745 0.69804 0.77647
0.62745 0.69804 0.77647
0.63137 0.69804 0.77647
0.66667 0.72157 0.79608
0.66275 0.71765 0.79216
0.66667 0.72157 0.78824
0.66667 0.72549 0.78824
0.66275 0.72549 0.78824
0.65882 0.72157 0.78431
0.6549 0.72157 0.78431
0.65098 0.71765 0.78824
0.64706 0.71765 0.79608
0.62745 0.70588 0.78824
0.61961 0.70196 0.78431
0.61961 0.70196 0.78039
0.62353 0.70588 0.78431
0.61961 0.70588 0.78039
0.61961 0.70588 0.77647
0.62353 0.69804 0.77647
0.63137 0.70196 0.78039
0.63529 0.70588 0.78431
0.63137 0.70196 0.78039
0.62745 0.69804 0.77647
0.63137 0.70196 0.78039
0.63137 0.70196 0.78039
0.63137 0.69804 0.77647
0.65098 0.72157 0.8
0.65882 0.72549 0.80392
0.66667 0.72549 0.8
0.66667 0.72157 0.79608
0.66667 0.71765 0.79216
0.67059 0.72157 0.78824
0.67059 0.72549 0.79216
0.66275 0.72549 0.78824
0.65882 0.72549 0.78824
0.6549 0.72157 0.78431
0.65098 0.71765 0.78824
0.64706 0.71373 0.79216
0.63137 0.70588 0.78824
0.61961 0.70196 0.78431
0.62353 0.70588 0.78824
0.62353 0.70588 0.78824
0.61961 0.7098 0.78431
0.62745 0.71373 0.78431
0.62353 0.70196 0.77647
0.63137 0.70196 0.78039
0.63137 0.70196 0.78039
0.62745 0.70196 0.78039
0.62745 0.69804 0.77647
0.62745 0.69804 0.77647
0.63137 0.69804 0.77647
0.63137 0.69804 0.77647
0.65882 0.72157 0.80392
0.66275 0.72157 0.80392
0.67059 0.72157 0.8
0.67451 0.72549 0.8
0.67451 0.72549 0.79216
0.67059 0.72157 0.78824
0.67059 0.72157 0.78824
0.67059 0.72157 0.78824
0.66275 0.72549 0.79216
0.6549 0.72157 0.79216
0.65098 0.71765 0.79608
0.63922 0.70588 0.78824
0.63137 0.70588 0.79216
0.62353 0.70588 0.78824
0.62745 0.7098 0.79216
0.62353 0.70588 0.78824
0.62353 0.70588 0.78039
0.62353 0.70588 0.77647
0.61961 0.70196 0.78431
0.62353 0.69804 0.78431
0.63137 0.70196 0.78039
0.62745 0.69804 0.77647
0.62745 0.69804 0.77647
0.63137 0.69804 0.77647
0.62745 0.69412 0.77255
0.63137 0.69804 0.77647
0.65882 0.72157 0.8
0.66275 0.71765 0.8
0.67059 0.72157 0.79608
0.67059 0.72157 0.79216
0.67451 0.72549 0.78824
0.67451 0.72549 0.79216
0.67451 0.72549 0.79216
0.66667 0.72157 0.78431
0.66667 0.72549 0.79608
0.65882 0.72157 0.79608
0.64706 0.71373 0.78824
0.63922 0.70588 0.78824
0.63922 0.7098 0.79608
0.62745 0.70588 0.79216
0.62745 0.7098 0.79216
0.61961 0.70196 0.78431
0.61961 0.70196 0.78431
0.62353 0.70588 0.78431
0.61961 0.70196 0.78431
0.62745 0.70588 0.78431
0.63137 0.70196 0.78039
0.62745 0.69804 0.77647
0.62745 0.69804 0.77647
0.63137 0.69804 0.77647
0.63529 0.70196 0.78039
0.63137 0.69804 0.77647
0.66275 0.72549 0.8
0.66667 0.72549 0.79608
0.67451 0.72549 0.79216
0.67059 0.72157 0.78824
0.67059 0.72157 0.78824
0.67451 0.72549 0.79216
0.67451 0.72549 0.79216
0.67059 0.72157 0.78824
0.66275 0.72157 0.79216
0.65882 0.72157 0.79608
0.64706 0.71373 0.79216
0.64314 0.7098 0.79216
0.63137 0.70196 0.78824
0.62745 0.70588 0.79216
0.62353 0.70588 0.78824
0.62353 0.70588 0.78824
0.62353 0.70588 0.79216
0.61961 0.70196 0.78824
0.61961 0.70196 0.77647
0.62745 0.70588 0.77647
0.63137 0.70196 0.78039
0.63137 0.70196 0.78039
0.62745 0.69804 0.77647
0.63137 0.69804 0.77647
0.63529 0.70196 0.78039
0.62745 0.69412 0.77255
0.65882 0.72549 0.8
0.66667 0.72941 0.8
0.67059 0.73333 0.79608
0.67059 0.72941 0.79216
0.67059 0.73333 0.79608
0.67059 0.73333 0.79608
0.66667 0.72549 0.78824
0.66275 0.72549 0.78824
0.65882 0.72549 0.78824
0.6549 0.72157 0.78824
0.6549 0.72157 0.79216
0.64314 0.7098 0.79216
0.62745 0.70588 0.78824
0.62353 0.70196 0.78431
0.62353 0.70588 0.78824
0.62745 0.7098 0.79216
0.62353 0.70588 0.78824
0.62353 0.70588 0.78039
0.61961 0.70196 0.77647
0.62353 0.70588 0.78039
0.63137 0.70588 0.78039
0.63529 0.70588 0.78431
0.63529 0.70196 0.78039
0.63529 0.70196 0.77255
0.63529 0.70196 0.77647
0.62745 0.69804 0.76863
0.62353 0.69804 0.76471
0.65098 0.71765 0.79608
0.66275 0.72941 0.79608
0.66667 0.72941 0.79608
0.67059 0.73333 0.79608
0.67059 0.73333 0.79608
0.66667 0.72941 0.79216
0.66667 0.72941 0.79216
0.66667 0.72941 0.79216
0.65882 0.72549 0.78824
0.65098 0.71765 0.78039
0.65098 0.71765 0.78824
0.64314 0.71373 0.79216
0.63137 0.7098 0.79216
0.62353 0.70588 0.78824
0.62353 0.70588 0.78824
0.62745 0.7098 0.79216
0.62745 0.7098 0.78824
0.62745 0.7098 0.78431
0.62353 0.70588 0.78039
0.62353 0.70588 0.78039
0.63137 0.7098 0.78431
0.63529 0.70588 0.78431
0.63529 0.70196 0.78039
0.63137 0.69804 0.76863
0.63529 0.70196 0.76863
0.63137 0.69804 0.76863
0.62353 0.69804 0.76471
0.65098 0.71765 0.79608
0.66275 0.72941 0.8
0.66667 0.72941 0.79216
0.66275 0.72549 0.78824
0.66667 0.72941 0.79216
0.66667 0.72941 0.79216
0.66667 0.72941 0.79216
0.66275 0.72549 0.78824
0.65882 0.72549 0.78824
0.6549 0.72157 0.78431
0.65098 0.71765 0.78824
0.64314 0.7098 0.79216
0.63137 0.7098 0.79216
0.62745 0.7098 0.79216
0.62745 0.70588 0.79216
0.63137 0.7098 0.79608
0.62745 0.7098 0.78824
0.62353 0.70588 0.78039
0.62745 0.7098 0.78431
0.62353 0.7098 0.78431
0.62745 0.70196 0.78039
0.63137 0.70196 0.78039
0.63529 0.70196 0.77647
0.63529 0.70196 0.77255
0.63529 0.69804 0.77255
0.63137 0.69804 0.76863
0.62745 0.69412 0.76471
0.63137 0.69804 0.76863
0.66667 0.72941 0.80392
0.67451 0.73333 0.80392
0.67843 0.73333 0.79608
0.67059 0.72941 0.79216
0.66667 0.72941 0.79216
0.66275 0.72941 0.79216
0.66275 0.72549 0.78824
0.66275 0.72549 0.78824
0.65882 0.72549 0.78824
0.6549 0.72157 0.78824
0.64314 0.71373 0.78824
0.63137 0.7098 0.78824
0.62745 0.7098 0.78824
0.62745 0.71373 0.78824
0.62745 0.71373 0.78824
0.62353 0.7098 0.78431
0.62353 0.70588 0.77647
0.62745 0.70588 0.78039
0.63137 0.70588 0.78039
0.63137 0.7098 0.78039
0.63137 0.70588 0.77647
0.63529 0.70588 0.78039
0.63137 0.70196 0.77255
0.63137 0.70196 0.76863
0.63137 0.69804 0.76863
0.63137 0.69804 0.76863
0.63529 0.70196 0.77255
0.63529 0.69804 0.76863
0.66667 0.72549 0.80392
0.67059 0.72549 0.79608
0.67451 0.72549 0.79216
0.67451 0.72549 0.79216
0.67059 0.72941 0.79608
0.66667 0.72941 0.79216
0.66275 0.72549 0.78824
0.66667 0.72549 0.78824
0.66275 0.72549 0.78824
0.65098 0.71373 0.78039
0.65098 0.72157 0.78824
0.63529 0.70588 0.78431
0.62353 0.70196 0.77647
0.62353 0.7098 0.78431
0.62353 0.71373 0.78431
0.61961 0.7098 0.78039
0.62353 0.70588 0.78039
0.62745 0.70588 0.78039
0.63922 0.7098 0.78431
0.63137 0.70588 0.77255
0.63137 0.70588 0.77255
0.63529 0.7098 0.77647
0.62353 0.70588 0.77255
0.63529 0.70588 0.77255
0.63137 0.69804 0.76863
0.63137 0.69804 0.76863
0.63137 0.69804 0.76863
0.63137 0.69804 0.76863
0.62745 0.69412 0.76471
0.66667 0.72549 0.80392
0.67059 0.72549 0.79608
0.67843 0.72941 0.79608
0.67843 0.72941 0.79608
0.67843 0.72549 0.79216
0.67843 0.72549 0.79216
0.67059 0.72157 0.78824
0.67059 0.72157 0.78824
0.67059 0.72157 0.78824
0.65098 0.71765 0.78039
0.65098 0.72157 0.79216
0.63922 0.71373 0.78824
0.62745 0.70588 0.78039
0.62745 0.7098 0.78431
0.62353 0.71373 0.78431
0.62353 0.71765 0.78824
0.62353 0.7098 0.78039
0.62745 0.70588 0.78039
0.63529 0.70588 0.78431
0.63137 0.70196 0.77647
0.63529 0.70588 0.78431
0.62745 0.70196 0.77647
0.62745 0.7098 0.77255
0.63529 0.70588 0.77255
0.63137 0.69804 0.76863
0.63137 0.69804 0.76863
0.62745 0.69412 0.76471
0.63137 0.69804 0.76863
0.63137 0.69804 0.76863
0.62353 0.6902 0.76078
0.62353 0.6902 0.76863
0.62353 0.6902 0.77647
0.66667 0.72549 0.80392
0.67059 0.72549 0.79608
0.68235 0.72941 0.79608
0.67843 0.72941 0.79608
0.67843 0.72157 0.79216
0.67843 0.71765 0.78824
0.67059 0.72157 0.78824
0.67059 0.72157 0.78824
0.66667 0.72157 0.78824
0.6549 0.72157 0.78824
0.65098 0.72157 0.79216
0.63922 0.7098 0.78824
0.63137 0.7098 0.78431
0.62353 0.7098 0.78431
0.62353 0.71373 0.78431
0.62353 0.71373 0.78431
0.62745 0.7098 0.78431
0.62745 0.70196 0.78039
0.63529 0.70588 0.78431
0.63137 0.70196 0.78039
0.63137 0.70196 0.78039
0.62745 0.70196 0.77647
0.62745 0.70196 0.77255
0.63137 0.70196 0.77255
0.63529 0.70196 0.77647
0.63529 0.70196 0.77255
0.63137 0.69804 0.76863
0.62745 0.69412 0.76471
0.63137 0.69804 0.76863
0.62745 0.69412 0.76471
0.62353 0.6902 0.76863
0.63137 0.69412 0.78039
0.66667 0.72549 0.80392
0.67451 0.72941 0.80392
0.68235 0.72941 0.79608
0.67843 0.72941 0.79608
0.67843 0.72941 0.79608
0.67451 0.72549 0.79216
0.66667 0.71765 0.78431
0.66275 0.72157 0.78824
0.66275 0.72941 0.79216
0.65098 0.71765 0.78824
0.64706 0.71765 0.78824
0.63922 0.7098 0.78824
0.62745 0.7098 0.78431
0.62745 0.7098 0.78431
0.62353 0.70588 0.78039
0.62745 0.7098 0.78431
0.62745 0.7098 0.78431
0.63529 0.7098 0.78431
0.63137 0.70196 0.78039
0.63137 0.70196 0.78039
0.63137 0.70196 0.78039
0.62745 0.69804 0.77647
0.63137 0.69804 0.77647
0.63137 0.69804 0.77647
0.63137 0.69804 0.77647
0.63137 0.69804 0.77255
0.63137 0.69804 0.76863
0.62745 0.69412 0.76471
0.62745 0.69412 0.76471
0.62353 0.6902 0.76471
0.62353 0.6902 0.76863
0.62745 0.69412 0.78039
0.66667 0.72549 0.80392
0.67451 0.72941 0.80392
0.67843 0.72941 0.79216
0.67451 0.72549 0.79216
0.67843 0.72941 0.79216
0.67451 0.72549 0.78824
0.67059 0.72157 0.78824
0.66667 0.72549 0.78824
0.66275 0.72549 0.78824
0.6549 0.71765 0.78824
0.64706 0.71373 0.78824
0.63922 0.7098 0.78824
0.63137 0.7098 0.78431
0.62353 0.70588 0.78039
0.62353 0.70588 0.78039
0.62745 0.7098 0.78431
0.63137 0.71373 0.78824
0.63529 0.7098 0.78431
0.63137 0.70196 0.78039
0.63529 0.70588 0.78431
0.63137 0.70196 0.78039
0.62745 0.69804 0.77647
0.63529 0.70196 0.78039
0.63137 0.69804 0.77647
0.63137 0.69804 0.77647
0.63529 0.70196 0.77255
0.63137 0.69804 0.76863
0.63137 0.69804 0.76471
0.63137 0.69804 0.76863
0.62745 0.69412 0.76471
0.61961 0.68627 0.76471
0.63137 0.69804 0.78039
0.67451 0.72941 0.79216
0.67059 0.72941 0.79216
0.65882 0.72549 0.78824
0.65098 0.71765 0.78824
0.64314 0.71373 0.78824
0.63922 0.7098 0.79216
0.63137 0.7098 0.78431
0.62353 0.70588 0.78039
0.62745 0.7098 0.78431
0.62745 0.70588 0.78431
0.62353 0.70588 0.78039
0.63529 0.7098 0.78431
0.63529 0.70588 0.78431
0.63529 0.70588 0.78431
0.63137 0.70196 0.78039
0.62745 0.69804 0.77647
0.63529 0.70196 0.78039
0.63137 0.69804 0.77647
0.63137 0.69804 0.77647
0.63529 0.70196 0.77255
0.66667 0.72549 0.78824
0.66275 0.72941 0.79216
0.65098 0.72157 0.79216
0.63922 0.71373 0.79216
0.63529 0.71765 0.79608
0.63137 0.71373 0.79216
0.62745 0.7098 0.78431
0.62745 0.7098 0.78431
0.63137 0.70588 0.78039
0.63137 0.70196 0.78039
0.63137 0.70196 0.78039
0.63529 0.70588 0.78431
0.63529 0.70588 0.78431
0.63137 0.70588 0.77647
0.62745 0.70196 0.77255
0.63137 0.70196 0.78039
0.63529 0.70196 0.78039
0.65098 0.72157 0.79216
0.63922 0.71765 0.79216
0.63137 0.71373 0.79608
0.63529 0.71765 0.79216
0.63529 0.71765 0.79216
0.62745 0.7098 0.78431
0.62745 0.70588 0.78039
0.62745 0.70588 0.78039
0.62745 0.70588 0.78039
0.63137 0.70588 0.78431
0.63137 0.70196 0.78039
0.63137 0.70588 0.77255
0.63529 0.7098 0.77647
0.63529 0.70588 0.78431
0.63922 0.71373 0.79216
0.62745 0.7098 0.79216
0.63137 0.71373 0.78824
0.63137 0.71765 0.79216
0.63137 0.71373 0.78824
0.63137 0.71373 0.78824
0.62745 0.7098 0.78431
0.62745 0.7098 0.78431
0.62353 0.70588 0.78039
0.63529 0.70588 0.78431
0.63529 0.7098 0.77647
0.63922 0.71373 0.78039
0.63137 0.7098 0.79216
0.63137 0.71373 0.79608
0.63529 0.71765 0.8
0.63137 0.71373 0.79216
0.62745 0.7098 0.78431
0.63137 0.71373 0.78824
0.62745 0.70588 0.78039
0.63529 0.70588 0.78431
0.63529 0.70588 0.78431
0.63137 0.70196 0.78039
0.63137 0.71373 0.79608
0.62745 0.7098 0.78824
0.63137 0.71373 0.78824
0.63529 0.71765 0.79216
0.63137 0.7098 0.78431
0.63529 0.70588 0.78431
0.63922 0.7098 0.78824
0.62745 0.7098 0.78824
0.63137 0.7098 0.78431
0.63922 0.7098 0.78824
0.63137 0.70588 0.78431
0.64314 0.71373 0.78431
0.63529 0.70196 0.77647
