0.21569 0.58039 0.78824
0.23922 0.6 0.81176
0.23922 0.59608 0.80784
0.22353 0.58039 0.79216
0.21569 0.57255 0.78824
0.20784 0.56471 0.77647
0.19216 0.54902 0.76471
0.18824 0.5451 0.76863
0.18824 0.5451 0.76078
0.18039 0.53333 0.75294
0.18824 0.53333 0.75686
0.19216 0.54118 0.76078
0.18431 0.53333 0.75294
0.17647 0.52549 0.7451
0.17647 0.52549 0.74118
0.18039 0.52941 0.73725
0.18039 0.51765 0.72941
0.21961 0.58039 0.79216
0.23137 0.58824 0.8
0.23922 0.59608 0.80392
0.22353 0.58039 0.78824
0.21569 0.57255 0.77647
0.20784 0.56471 0.76863
0.2 0.55294 0.76471
0.19216 0.54902 0.76863
0.18824 0.53725 0.76471
0.18039 0.52549 0.75686
0.21176 0.5451 0.78039
0.2 0.54118 0.76863
0.19216 0.54118 0.76078
0.18824 0.53725 0.75686
0.18431 0.53725 0.74902
0.19216 0.53725 0.7451
0.18431 0.52157 0.73333
0.20392 0.56471 0.78824
0.23529 0.58824 0.80392
0.23529 0.59608 0.8
0.23922 0.59608 0.80392
0.23529 0.59216 0.8
0.22353 0.58039 0.78824
0.21961 0.57647 0.78431
0.20392 0.56078 0.76863
0.2 0.55686 0.76863
0.18824 0.54118 0.76471
0.18431 0.53725 0.76471
0.19216 0.54118 0.76863
0.19608 0.54902 0.76863
0.19216 0.54118 0.76078
0.18824 0.53725 0.75686
0.19216 0.53725 0.75294
0.19216 0.53333 0.7451
0.19608 0.53725 0.74902
0.19608 0.53333 0.7451
0.20784 0.56863 0.78824
0.23922 0.58824 0.81176
0.24706 0.60392 0.81569
0.24314 0.6 0.80784
0.24314 0.6 0.81176
0.23529 0.59216 0.80392
0.22353 0.58039 0.78824
0.21176 0.56863 0.77647
0.20784 0.56471 0.77647
0.19608 0.55294 0.77647
0.19608 0.55686 0.77647
0.19608 0.55294 0.77647
0.2 0.55294 0.77255
0.2 0.54902 0.76863
0.18824 0.53725 0.75686
0.19608 0.54118 0.75686
0.20392 0.54118 0.75294
0.19608 0.54118 0.75294
0.19216 0.53333 0.7451
0.18431 0.51765 0.73333
0.21176 0.57255 0.8
0.24314 0.58824 0.82353
0.24314 0.6 0.81569
0.24706 0.60392 0.81961
0.25098 0.60784 0.82353
0.24706 0.6 0.81569
0.22745 0.58431 0.8
0.21961 0.57647 0.79216
0.20392 0.56078 0.77647
0.2 0.55686 0.77255
0.20392 0.56078 0.77647
0.2 0.55686 0.77255
0.2 0.55294 0.76863
0.20392 0.55294 0.77255
0.19608 0.5451 0.76471
0.2 0.5451 0.76078
0.2 0.54118 0.75294
0.19608 0.53725 0.74902
0.2 0.53725 0.74902
0.19608 0.52941 0.7451
0.26667 0.50196 0.67059
0.19216 0.46667 0.68627
0.18039 0.4902 0.70588
0.21961 0.57647 0.80784
0.23137 0.59216 0.81961
0.23529 0.6 0.81961
0.23529 0.6 0.81961
0.23529 0.6 0.81961
0.23529 0.6 0.81569
0.23137 0.59216 0.81176
0.21569 0.57647 0.79608
0.20784 0.56863 0.78824
0.20784 0.56471 0.78431
0.20392 0.56078 0.78039
0.2 0.55686 0.77647
0.2 0.55294 0.77255
0.19608 0.5451 0.76863
0.19216 0.5451 0.76078
0.19216 0.53725 0.74902
0.2 0.53333 0.74902
0.2 0.53725 0.75294
0.20392 0.54118 0.75294
0.18824 0.52549 0.73725
0.28627 0.52157 0.68235
0.21961 0.4902 0.70588
0.20784 0.52157 0.72941
0.22745 0.58431 0.81569
0.22353 0.60392 0.81961
0.23922 0.61176 0.83922
0.24314 0.61569 0.83529
0.23922 0.61176 0.83137
0.23137 0.6 0.81961
0.23137 0.59608 0.81961
0.20784 0.57255 0.79608
0.20392 0.57255 0.79608
0.21176 0.56863 0.79216
0.20392 0.56078 0.78431
0.20392 0.56078 0.78431
0.19608 0.55294 0.77647
0.2 0.55686 0.77647
0.19608 0.54902 0.76471
0.2 0.54118 0.75294
0.20392 0.53333 0.74902
0.19216 0.52549 0.74118
0.2 0.53333 0.7451
0.19216 0.53333 0.7451
0.19608 0.52941 0.74902
0.32549 0.56078 0.70588
0.25882 0.52549 0.73333
0.23137 0.5451 0.75686
0.23922 0.59216 0.82745
0.23137 0.61176 0.82745
0.23922 0.61176 0.83922
0.24706 0.61961 0.84706
0.23529 0.60784 0.83137
0.22745 0.6 0.82745
0.22353 0.59608 0.81569
0.20784 0.58039 0.8
0.2 0.56863 0.78824
0.20784 0.56471 0.78824
0.2 0.55686 0.78039
0.20392 0.56078 0.78431
0.2 0.55686 0.78039
0.2 0.55686 0.77647
0.2 0.55294 0.76863
0.20392 0.54902 0.75686
0.20784 0.54118 0.75294
0.20784 0.54118 0.75294
0.20784 0.54118 0.75294
0.20392 0.5451 0.75686
0.2 0.53333 0.75294
0.37255 0.6 0.7451
0.30196 0.56078 0.76471
0.26667 0.57255 0.78431
0.2549 0.61176 0.83922
0.23529 0.61569 0.83529
0.23529 0.60784 0.83529
0.24314 0.61569 0.84314
0.23529 0.60784 0.83529
0.22353 0.59608 0.82353
0.21569 0.58824 0.81176
0.21176 0.58824 0.80784
0.20392 0.57647 0.79216
0.21176 0.57255 0.79608
0.20784 0.56471 0.78824
0.20392 0.56078 0.78039
0.20392 0.56078 0.78431
0.20392 0.55686 0.78039
0.20392 0.54902 0.76471
0.20784 0.54902 0.75686
0.20392 0.54118 0.74902
0.21176 0.54902 0.76078
0.20392 0.54118 0.75294
0.20392 0.5451 0.75294
0.2 0.53725 0.75294
0.2 0.53725 0.75686
0.19608 0.52941 0.7451
0.44314 0.65098 0.78824
0.35686 0.61176 0.80784
0.3098 0.60392 0.81961
0.2549 0.61961 0.83529
0.23922 0.61569 0.84314
0.23137 0.61569 0.83529
0.23922 0.61569 0.84314
0.23922 0.61569 0.84314
0.22745 0.60392 0.83137
0.21961 0.59608 0.81961
0.21569 0.59608 0.81176
0.21176 0.59216 0.8
0.20784 0.58039 0.80392
0.20784 0.57647 0.79608
0.20784 0.56863 0.78039
0.20784 0.56471 0.78431
0.21176 0.56471 0.78824
0.20784 0.55294 0.76863
0.21176 0.55294 0.76078
0.20392 0.5451 0.74902
0.20392 0.5451 0.75294
0.20784 0.55294 0.75686
0.20784 0.54902 0.75686
0.20392 0.5451 0.75686
0.20784 0.54902 0.76078
0.2 0.53725 0.75294
0.51765 0.6902 0.81961
0.37647 0.65098 0.83529
0.31373 0.60784 0.82353
0.2549 0.61569 0.83529
0.24706 0.62353 0.85098
0.23529 0.62353 0.84314
0.23137 0.61569 0.83922
0.22353 0.60784 0.83137
0.22745 0.60784 0.83529
0.21961 0.59608 0.82353
0.22353 0.60392 0.81961
0.21961 0.6 0.80784
0.21569 0.59216 0.80392
0.21176 0.58431 0.8
0.20392 0.56863 0.78824
0.20392 0.56471 0.78824
0.20392 0.56078 0.78039
0.21176 0.56078 0.77647
0.21569 0.56078 0.77255
0.20784 0.54902 0.75686
0.20784 0.54902 0.76078
0.21961 0.56078 0.76863
0.20784 0.54902 0.75686
0.21569 0.55686 0.76471
0.21961 0.56078 0.77255
0.21176 0.54902 0.76078
0.2 0.53333 0.7451
0.51765 0.68627 0.82745
0.36863 0.65882 0.83137
0.34902 0.63922 0.84706
0.26667 0.62745 0.84314
0.25098 0.63137 0.8549
0.23922 0.62353 0.84706
0.23529 0.62353 0.84706
0.23529 0.62353 0.84706
0.22745 0.61176 0.83529
0.23137 0.60784 0.83529
0.22745 0.60784 0.82353
0.21961 0.6 0.81176
0.21569 0.59608 0.80392
0.20784 0.58431 0.79608
0.21176 0.58039 0.80392
0.20784 0.57255 0.79608
0.21176 0.57255 0.79216
0.21176 0.56863 0.78039
0.21961 0.56863 0.78039
0.21176 0.55294 0.76863
0.21176 0.55686 0.76863
0.21961 0.56078 0.77255
0.22745 0.56863 0.77647
0.22353 0.56471 0.77255
0.21961 0.56078 0.76863
0.21961 0.55686 0.76471
0.21569 0.54902 0.75294
0.52157 0.69804 0.83922
0.37255 0.66667 0.85882
0.36471 0.65882 0.8549
0.28235 0.63922 0.85882
0.23529 0.63922 0.8549
0.24314 0.62745 0.85882
0.24314 0.61961 0.84706
0.23922 0.61569 0.84314
0.23137 0.60784 0.83529
0.23529 0.61176 0.83922
0.23137 0.61176 0.83137
0.22745 0.60784 0.82353
0.22745 0.60392 0.81961
0.21961 0.59608 0.81176
0.22353 0.59216 0.80392
0.21961 0.58039 0.79608
0.21961 0.57647 0.79608
0.21176 0.56863 0.78431
0.21569 0.56863 0.78431
0.21569 0.56471 0.78431
0.20784 0.56078 0.76863
0.21569 0.56471 0.77647
0.23529 0.57255 0.78431
0.23529 0.56471 0.77647
0.23529 0.56078 0.76471
0.24314 0.56863 0.76471
0.23137 0.55686 0.75294
0.21961 0.5451 0.74118
0.52157 0.71373 0.85882
0.37255 0.67843 0.87451
0.36078 0.67059 0.87059
0.29412 0.65098 0.87059
0.24706 0.63922 0.8549
0.24706 0.63137 0.85882
0.25098 0.62745 0.8549
0.23922 0.61569 0.84314
0.23922 0.61569 0.84314
0.23529 0.61176 0.83922
0.23137 0.61176 0.83137
0.22745 0.60784 0.82353
0.22745 0.60784 0.82745
0.22745 0.6 0.81961
0.22745 0.59608 0.80784
0.23529 0.59216 0.80784
0.23922 0.59608 0.81176
0.22353 0.58039 0.79608
0.22353 0.57647 0.79608
0.22353 0.57255 0.79216
0.20784 0.56078 0.76863
0.22353 0.57255 0.78039
0.22745 0.56471 0.77647
0.23137 0.56078 0.77255
0.23529 0.56078 0.76471
0.23529 0.56471 0.76078
0.23137 0.56471 0.76078
0.21961 0.55294 0.74902
0.46667 0.58431 0.67059
0.44314 0.69412 0.87843
0.32941 0.66275 0.87843
0.34118 0.67451 0.87451
0.29412 0.65098 0.87451
0.2549 0.63529 0.85098
0.24314 0.62745 0.85098
0.25098 0.62745 0.8549
0.24706 0.62353 0.85098
0.24314 0.61961 0.84706
0.23922 0.61569 0.84314
0.23922 0.61569 0.83922
0.23529 0.61569 0.82745
0.23137 0.61176 0.82745
0.23922 0.61176 0.82745
0.23922 0.60784 0.81961
0.23922 0.6 0.81176
0.24706 0.60392 0.81961
0.23922 0.59608 0.81176
0.23529 0.58824 0.80784
0.22745 0.57647 0.79608
0.21961 0.57255 0.78039
0.21961 0.56863 0.77647
0.23137 0.56863 0.78039
0.23922 0.56863 0.78039
0.24706 0.57255 0.77647
0.23529 0.57255 0.77255
0.23137 0.56863 0.76863
0.22353 0.56078 0.76078
0.23137 0.55686 0.75294
0.34902 0.64706 0.8549
0.29804 0.6549 0.88235
0.31765 0.65882 0.87843
0.2902 0.64706 0.86667
0.27059 0.63529 0.85882
0.2549 0.63137 0.8549
0.2549 0.63137 0.85882
0.25098 0.62745 0.8549
0.24706 0.62353 0.85098
0.24314 0.61961 0.8549
0.23922 0.61569 0.84314
0.23922 0.61569 0.83529
0.23922 0.61961 0.83529
0.23922 0.61961 0.83529
0.24314 0.61569 0.83529
0.24706 0.60784 0.82353
0.24314 0.6 0.81569
0.24706 0.60392 0.81961
0.24314 0.59608 0.81176
0.22745 0.58039 0.79216
0.23529 0.58039 0.79216
0.23137 0.57255 0.78039
0.23529 0.57255 0.78431
0.23529 0.56863 0.78039
0.24706 0.57255 0.78431
0.25098 0.57647 0.78824
0.24706 0.57647 0.78431
0.24314 0.56863 0.77255
0.23529 0.56078 0.76471
0.25098 0.50588 0.71765
0.30196 0.65098 0.87843
0.30196 0.65098 0.86667
0.29412 0.64706 0.86667
0.27451 0.63922 0.86275
0.26275 0.63529 0.85882
0.2549 0.63529 0.86275
0.25098 0.62745 0.8549
0.24706 0.62353 0.85098
0.23922 0.61569 0.85098
0.23529 0.61176 0.83922
0.23529 0.61569 0.83529
0.24314 0.62353 0.83922
0.23529 0.61176 0.83137
0.23922 0.61176 0.83137
0.24706 0.60784 0.82353
0.24314 0.6 0.81569
0.24314 0.6 0.81569
0.24706 0.6 0.81176
0.25098 0.60392 0.81176
0.23922 0.58039 0.79216
0.24314 0.58039 0.79216
0.24706 0.58039 0.79216
0.24706 0.57647 0.78824
0.26275 0.58824 0.8
0.26275 0.58824 0.8
0.26275 0.58431 0.79216
0.25882 0.58431 0.78431
0.25098 0.57255 0.77647
0.23922 0.48235 0.69412
0.31373 0.64706 0.88235
0.29412 0.65098 0.87059
0.28627 0.65098 0.87451
0.27451 0.64706 0.87059
0.25882 0.63529 0.86275
0.26275 0.63922 0.86275
0.2549 0.63137 0.85882
0.23922 0.61569 0.85098
0.23922 0.61569 0.84706
0.23922 0.61961 0.83922
0.24314 0.62353 0.83922
0.24706 0.62353 0.83922
0.24314 0.61569 0.83529
0.24314 0.60392 0.82353
0.25098 0.60784 0.82353
0.24706 0.60392 0.81961
0.25098 0.60784 0.81569
0.2549 0.60784 0.81569
0.25098 0.59216 0.80392
0.25098 0.59216 0.80392
0.25882 0.58824 0.8
0.26667 0.58824 0.80392
0.27059 0.58824 0.80392
0.27059 0.58431 0.79608
0.27843 0.59608 0.79608
0.23529 0.48235 0.67843
0.29804 0.65098 0.86667
0.28627 0.6549 0.86667
0.2902 0.65098 0.87451
0.26667 0.64314 0.87059
0.27059 0.64706 0.87059
0.2549 0.63137 0.85882
0.24314 0.61961 0.84314
0.25098 0.62745 0.84706
0.2549 0.62745 0.84706
0.24706 0.62353 0.84706
0.25098 0.62745 0.84706
0.24314 0.61176 0.83137
0.24706 0.60784 0.82353
0.25882 0.61569 0.83137
0.2549 0.61176 0.82745
0.24706 0.60392 0.81569
0.25882 0.61176 0.81961
0.2549 0.6 0.80784
0.26667 0.60392 0.81569
0.25882 0.58824 0.8
0.25882 0.58431 0.79608
0.26275 0.58431 0.79216
0.27451 0.59216 0.80392
0.32157 0.64314 0.8549
0.29412 0.65882 0.86667
0.29412 0.65098 0.86667
0.27843 0.65098 0.87451
0.27059 0.65098 0.86667
0.25882 0.63922 0.8549
0.24706 0.62745 0.84314
0.2549 0.63137 0.84706
0.2549 0.62745 0.84706
0.25098 0.62353 0.84706
0.2549 0.62353 0.84314
0.25098 0.61569 0.82745
0.2549 0.61176 0.82353
0.26275 0.61961 0.83137
0.2549 0.61176 0.83137
0.25098 0.60784 0.81961
0.2549 0.61176 0.81569
0.26275 0.61176 0.81569
0.26667 0.60392 0.81569
0.2549 0.58824 0.8
0.26275 0.59216 0.8
0.26275 0.58824 0.79216
0.26667 0.58431 0.8
0.3098 0.58431 0.78431
0.29804 0.6549 0.86275
0.25098 0.62745 0.84314
0.2549 0.62745 0.84706
0.25098 0.61569 0.83922
0.26275 0.62353 0.84314
0.27059 0.62745 0.83922
0.26667 0.61961 0.83137
0.26275 0.61961 0.82745
0.26275 0.61961 0.82745
0.25882 0.61569 0.82353
0.25882 0.61569 0.82353
0.26667 0.61569 0.81961
0.27451 0.61176 0.81961
0.27059 0.60392 0.81569
0.26667 0.50588 0.68235
0.27843 0.63529 0.84314
0.26667 0.62745 0.83529
0.26275 0.61961 0.82745
0.27059 0.62353 0.83137
0.26275 0.61961 0.82745
