0.97647 0.88235 0.76863
0.95294 0.84314 0.71373
0.94118 0.84706 0.71765
0.92549 0.81961 0.68627
0.9451 0.86275 0.74902
0.94118 0.82745 0.70588
0.92941 0.81569 0.68627
0.96863 0.90588 0.79216
0.96863 0.85882 0.72157
0.97647 0.8549 0.72941
0.93725 0.81569 0.6902
0.96471 0.87843 0.75294
0.96078 0.84314 0.7098
0.94902 0.83529 0.70196
0.9451 0.83137 0.69804
0.96471 0.86667 0.74118
0.95294 0.83529 0.70588
0.94902 0.83137 0.70196
0.94118 0.82745 0.69412
0.95686 0.8549 0.73333
0.95686 0.83922 0.71373
0.94118 0.82353 0.6902
0.93725 0.81176 0.68235
0.99216 0.91765 0.80392
0.95686 0.84706 0.72549
0.95294 0.83922 0.7098
0.94118 0.82353 0.6902
0.9451 0.82745 0.69412
0.97647 0.89412 0.77255
0.95294 0.83922 0.71373
0.94902 0.83529 0.70588
0.96078 0.84314 0.7098
0.9451 0.82745 0.69412
0.97255 0.87451 0.75686
0.94902 0.83137 0.69804
0.93725 0.82745 0.68627
0.94118 0.82353 0.68627
0.9451 0.82745 0.69412
0.96863 0.87843 0.75294
0.95294 0.83529 0.70196
0.93725 0.82745 0.6902
0.93725 0.82353 0.6902
0.95294 0.83529 0.70196
0.98431 0.92157 0.80784
0.97255 0.90588 0.78824
0.95294 0.86275 0.73333
0.94118 0.82353 0.68627
0.93333 0.81961 0.68627
0.93725 0.82353 0.6902
0.94118 0.83137 0.69804
0.97647 0.90588 0.78431
0.97255 0.8902 0.76471
0.93725 0.84314 0.71373
0.92941 0.82745 0.68627
0.93333 0.81961 0.6902
0.9451 0.83137 0.69804
0.93725 0.82353 0.6902
0.98039 0.9098 0.79608
0.96471 0.88627 0.76078
0.96078 0.86667 0.7451
0.94118 0.83922 0.71373
0.92549 0.82353 0.6902
0.93333 0.82353 0.6902
0.93333 0.82353 0.6902
0.92157 0.81569 0.67843
0.95294 0.88235 0.76471
0.96863 0.88235 0.76078
0.95686 0.85882 0.73725
0.93333 0.82745 0.7098
0.93725 0.82745 0.70196
0.92157 0.81961 0.68235
0.92549 0.82745 0.6902
0.92157 0.82353 0.68627
0.98824 0.92549 0.81176
0.96078 0.8902 0.76863
0.97647 0.8902 0.76863
0.94902 0.84706 0.72941
0.93333 0.82745 0.7098
0.93725 0.82745 0.70196
0.92157 0.82353 0.68627
0.92157 0.81961 0.68627
0.89804 0.79608 0.66667
0.97647 0.90588 0.79608
0.98039 0.9098 0.79608
0.98431 0.91765 0.79608
0.98039 0.89412 0.77255
0.95294 0.85098 0.72941
0.93333 0.82353 0.70196
0.92941 0.81961 0.69412
0.92549 0.82353 0.68627
0.91765 0.81569 0.68627
0.90588 0.80392 0.67843
0.97647 0.9098 0.79216
0.97255 0.9098 0.78824
0.98431 0.91373 0.8
0.97647 0.8902 0.77647
0.95294 0.84314 0.72157
0.93725 0.82353 0.69804
0.92941 0.81569 0.6902
0.92549 0.81176 0.68627
0.91765 0.81176 0.6902
0.89804 0.79608 0.67843
0.97255 0.90588 0.79216
0.97647 0.91373 0.79216
0.98431 0.91765 0.8
0.97647 0.8902 0.77647
0.9451 0.83137 0.71373
0.92549 0.81176 0.68627
0.91765 0.80392 0.67843
0.92549 0.81176 0.68627
0.91373 0.80784 0.6902
0.88627 0.78039 0.66667
0.98039 0.91765 0.80392
0.96078 0.89412 0.77255
0.97647 0.9098 0.78824
0.98431 0.91373 0.79608
0.96471 0.87843 0.76471
0.94118 0.83529 0.71373
0.94118 0.82353 0.69804
0.92549 0.81176 0.68627
0.92157 0.80784 0.68235
0.90196 0.79216 0.67843
0.85098 0.7451 0.63922
0.98039 0.91765 0.78824
0.95686 0.88235 0.75686
0.97647 0.90196 0.77647
0.98039 0.89804 0.77647
0.94902 0.8549 0.72941
0.93333 0.82745 0.70196
0.92941 0.81569 0.6902
0.91373 0.80392 0.68627
0.9098 0.80392 0.68627
0.85882 0.7451 0.64314
0.96078 0.89804 0.76471
0.9451 0.87059 0.74118
0.95686 0.88235 0.75294
0.95294 0.86275 0.73725
0.92157 0.82353 0.70196
0.92549 0.81569 0.69412
0.91765 0.80392 0.68235
0.9098 0.8 0.68235
0.87843 0.77255 0.66275
0.94902 0.88235 0.75294
0.96078 0.88627 0.75686
0.97647 0.89804 0.76471
0.95686 0.86275 0.73333
0.92549 0.81961 0.70196
0.92549 0.80784 0.69804
0.92157 0.80784 0.6902
0.89804 0.78824 0.67843
0.97647 0.91373 0.79608
0.95294 0.8902 0.76471
0.96471 0.8902 0.76471
0.97647 0.8902 0.76471
0.94902 0.85098 0.72549
0.91765 0.81176 0.69412
0.91765 0.80784 0.6902
0.91765 0.8 0.6902
0.96863 0.90588 0.79216
0.95686 0.8902 0.76863
0.96471 0.8902 0.76078
0.98431 0.90196 0.77647
0.95686 0.85882 0.73725
0.91765 0.81176 0.69412
0.9098 0.8 0.68627
0.89412 0.77647 0.66667
0.95686 0.89412 0.77647
0.97647 0.9098 0.78824
0.95294 0.88235 0.75294
0.97647 0.89412 0.76863
0.95686 0.85882 0.73725
0.91373 0.81176 0.6902
0.90588 0.79608 0.68235
0.96471 0.90196 0.79216
0.97647 0.90588 0.79216
0.9451 0.86275 0.73725
0.96078 0.87059 0.74118
0.9451 0.84314 0.72157
0.91765 0.81176 0.69412
0.94902 0.88627 0.77255
0.97647 0.90588 0.79216
0.96471 0.88235 0.75686
0.95686 0.86275 0.73333
0.93725 0.83137 0.71373
0.90196 0.79608 0.68235
0.95686 0.8902 0.77255
0.96078 0.8902 0.77647
0.96471 0.90196 0.78039
0.96078 0.88627 0.76078
0.94118 0.84706 0.72549
0.91373 0.80784 0.69412
0.94118 0.86667 0.74902
0.94902 0.87451 0.75686
0.96863 0.90588 0.78824
0.96471 0.90196 0.78039
0.96863 0.8902 0.76863
0.94902 0.8549 0.74118
0.92941 0.8549 0.73725
0.97647 0.90588 0.78824
0.96078 0.88235 0.76471
0.96471 0.87451 0.76471
0.94902 0.84706 0.74118
0.97647 0.90588 0.78431
0.96471 0.8902 0.76863
0.95686 0.86667 0.74902
0.96863 0.89804 0.77255
0.96863 0.8902 0.76471
0.96863 0.89412 0.76863
0.97647 0.89804 0.77255
0.96863 0.8902 0.76078
0.96863 0.87843 0.75686
0.96863 0.8902 0.76863
0.94118 0.86275 0.74118
0.96471 0.87843 0.74902
0.98039 0.89804 0.76863
0.96078 0.87451 0.74902
0.97255 0.88235 0.74902
0.96471 0.87451 0.7451
0.97647 0.88235 0.76078
