0.67451 0.61569 0.57647
0.61569 0.55294 0.51373
0.47059 0.41961 0.39216
0.61961 0.56863 0.53333
0.63137 0.58824 0.54118
0.64314 0.6 0.55294
0.64314 0.59608 0.55294
0.63922 0.58431 0.5451
0.62353 0.57255 0.53725
0.61961 0.57255 0.53333
0.62353 0.58039 0.54118
0.61961 0.57647 0.53725
0.61961 0.57647 0.53725
0.62353 0.58039 0.54118
0.62353 0.58431 0.5451
0.62353 0.58431 0.5451
0.62745 0.58431 0.54118
0.61569 0.56471 0.52941
0.61569 0.56863 0.52941
0.61176 0.57255 0.53333
0.61176 0.56078 0.52941
0.61961 0.56471 0.53725
0.62353 0.57647 0.53725
0.61961 0.57647 0.53725
0.61569 0.58039 0.53725
0.62353 0.58824 0.54902
0.62353 0.58824 0.54902
0.62745 0.59216 0.55294
0.63137 0.59216 0.54902
0.63137 0.58824 0.5451
0.63137 0.59216 0.5451
0.61176 0.56078 0.52549
0.60784 0.56078 0.52549
0.61176 0.57255 0.53333
0.60784 0.56863 0.52941
0.60784 0.56863 0.52941
0.61961 0.58039 0.54118
0.61569 0.57647 0.53725
0.61961 0.58039 0.54118
0.62745 0.58039 0.54118
0.62745 0.57647 0.54118
0.62745 0.57647 0.54118
0.63137 0.57647 0.54118
0.63137 0.57647 0.54118
0.63137 0.58431 0.53725
0.61176 0.56863 0.52941
0.61176 0.56863 0.53333
0.60784 0.56471 0.52549
0.61176 0.57255 0.53333
0.61176 0.57255 0.53333
0.61569 0.57647 0.53725
0.61569 0.57647 0.53725
0.61569 0.57647 0.53725
0.62353 0.58431 0.5451
0.62745 0.58039 0.5451
0.63137 0.58039 0.5451
0.63529 0.58431 0.54902
0.62745 0.57647 0.54118
0.63529 0.58431 0.54902
0.63529 0.58824 0.54118
0.61176 0.57255 0.53333
0.60784 0.57255 0.53333
0.61176 0.57255 0.53333
0.61176 0.57255 0.53333
0.61176 0.57255 0.53333
0.61176 0.57255 0.53333
0.61176 0.57255 0.53333
0.61569 0.57647 0.53725
0.61569 0.57647 0.53725
0.62353 0.58431 0.5451
0.62745 0.58039 0.5451
0.62745 0.57647 0.54118
0.63137 0.58039 0.5451
0.62745 0.57647 0.54118
0.63922 0.58824 0.54902
0.63529 0.59216 0.5451
0.60784 0.56863 0.52941
0.60784 0.56863 0.52941
0.60784 0.56863 0.52941
0.61176 0.57255 0.53333
0.61176 0.57255 0.53725
0.60784 0.56863 0.53333
0.61569 0.57647 0.54118
0.61961 0.58039 0.54118
0.61569 0.57647 0.53725
0.61569 0.57647 0.53725
0.61961 0.58039 0.54118
0.62353 0.58431 0.5451
0.62353 0.58039 0.54118
0.62353 0.58431 0.5451
0.62745 0.58824 0.54902
0.63137 0.59216 0.55294
0.60784 0.56863 0.53333
0.60784 0.56863 0.52941
0.60392 0.56471 0.52549
0.6 0.56078 0.52157
0.60784 0.57255 0.53333
0.61176 0.57255 0.53725
0.61176 0.57647 0.53725
0.61176 0.57647 0.53725
0.61569 0.57647 0.53725
0.61569 0.57647 0.53725
0.61961 0.58039 0.54118
0.61961 0.58039 0.54118
0.62353 0.58431 0.5451
0.62353 0.58431 0.5451
0.62353 0.58431 0.5451
0.62745 0.58824 0.54902
0.62745 0.58824 0.54902
0.60392 0.56471 0.52549
0.60392 0.56471 0.52549
0.60392 0.56471 0.52549
0.60784 0.56863 0.52941
0.60392 0.56863 0.52941
0.6 0.57255 0.52549
0.60784 0.57647 0.53333
0.60784 0.57647 0.53333
0.61176 0.57255 0.53333
0.61961 0.58039 0.54118
0.61961 0.58039 0.54118
0.61961 0.58039 0.54118
0.62353 0.58431 0.5451
0.62353 0.58431 0.5451
0.62353 0.58431 0.5451
0.62353 0.58431 0.5451
0.62745 0.58824 0.54902
0.60784 0.56863 0.52941
0.61176 0.56078 0.52549
0.60784 0.56078 0.52549
0.60392 0.56471 0.52549
0.60784 0.56863 0.52941
0.61176 0.57255 0.53333
0.61176 0.58039 0.53725
0.60784 0.57647 0.53333
0.60392 0.57255 0.52941
0.61176 0.57255 0.53333
0.61961 0.58039 0.54118
0.62353 0.58431 0.5451
0.61961 0.58039 0.54118
0.61569 0.57647 0.53725
0.61961 0.58039 0.54118
0.63137 0.58431 0.54902
0.63137 0.58431 0.54902
0.63137 0.58824 0.54118
0.60392 0.56471 0.52549
0.61176 0.56078 0.52549
0.60784 0.56078 0.52549
0.60392 0.56471 0.52549
0.60784 0.56863 0.52941
0.61176 0.57255 0.53333
0.60784 0.57647 0.53333
0.61176 0.57647 0.53725
0.61176 0.57647 0.53333
0.61176 0.57255 0.53333
0.61569 0.57647 0.53725
0.61961 0.58039 0.54118
0.61961 0.58039 0.54118
0.61961 0.57647 0.54118
0.61961 0.57647 0.53725
0.62745 0.58039 0.54118
0.63137 0.58039 0.5451
0.63529 0.58824 0.53725
0.59608 0.55686 0.51765
0.59608 0.55686 0.51765
0.60392 0.55294 0.51765
0.60392 0.55686 0.52157
0.60392 0.56471 0.52549
0.60784 0.56863 0.52941
0.60784 0.56863 0.52941
0.61176 0.57255 0.53333
0.61569 0.57647 0.53725
0.61569 0.57647 0.53725
0.61176 0.57255 0.53333
0.61569 0.57647 0.53725
0.61569 0.57647 0.53725
0.62353 0.57647 0.54118
0.62745 0.57647 0.54118
0.62745 0.57647 0.54118
0.62745 0.57647 0.54118
0.63137 0.58039 0.5451
0.63529 0.58824 0.54118
0.59608 0.56078 0.52157
0.59608 0.56078 0.52157
0.6 0.55686 0.51765
0.60784 0.56078 0.52157
0.60784 0.56078 0.52549
0.60784 0.56078 0.52549
0.60784 0.56471 0.52549
0.60392 0.56471 0.52941
0.60784 0.56863 0.53333
0.61176 0.57255 0.53333
0.61176 0.57255 0.53333
0.61569 0.57647 0.53725
0.61961 0.57647 0.53725
0.62353 0.57647 0.53725
0.62745 0.57647 0.54118
0.63137 0.58039 0.5451
0.62353 0.57255 0.53725
0.63137 0.58039 0.5451
0.62745 0.58431 0.5451
0.58824 0.55294 0.52157
0.58824 0.55294 0.51373
0.59216 0.56078 0.51765
0.6 0.56078 0.52157
0.60392 0.56078 0.52549
0.61176 0.56078 0.52549
0.60784 0.55686 0.52157
0.60784 0.56078 0.52549
0.60784 0.56863 0.53333
0.61176 0.57255 0.53725
0.61176 0.57255 0.53725
0.61176 0.57255 0.53333
0.61569 0.57647 0.53725
0.61569 0.57647 0.53725
0.61961 0.56863 0.53333
0.62353 0.57255 0.53725
0.63137 0.58039 0.5451
0.62745 0.57647 0.54118
0.63137 0.58039 0.5451
0.62353 0.58431 0.5451
0.59216 0.55686 0.52157
0.58824 0.55686 0.51373
0.59216 0.56078 0.51765
0.60392 0.56471 0.52549
0.60784 0.56078 0.52549
0.60784 0.55686 0.52157
0.61176 0.55686 0.52157
0.61569 0.56471 0.52941
0.60784 0.56863 0.53333
0.61176 0.57255 0.53725
0.61176 0.57255 0.53725
0.61176 0.57255 0.53333
0.61961 0.58039 0.54118
0.61176 0.57255 0.53333
0.62353 0.57255 0.53725
0.62353 0.57255 0.53725
0.62353 0.57255 0.53725
0.63137 0.58039 0.5451
0.63137 0.58039 0.5451
0.62353 0.58431 0.5451
0.58431 0.54902 0.51373
0.58824 0.54902 0.51765
0.58824 0.55294 0.51765
0.58824 0.55294 0.51373
0.6 0.56078 0.52157
0.60784 0.56471 0.52549
0.60784 0.56078 0.52549
0.61176 0.56471 0.52941
0.61176 0.56863 0.52941
0.60392 0.56471 0.52941
0.61176 0.57255 0.53725
0.60784 0.56863 0.53333
0.60784 0.57255 0.53333
0.61961 0.58039 0.54118
0.61961 0.57647 0.53725
0.62353 0.57255 0.53725
0.62353 0.57255 0.53725
0.62353 0.57255 0.53725
0.62745 0.57647 0.53725
0.62745 0.58039 0.53725
0.62745 0.58431 0.54118
0.58039 0.5451 0.5098
0.58431 0.54902 0.51373
0.58824 0.55294 0.51765
0.58431 0.54902 0.51373
0.59608 0.55686 0.52157
0.59608 0.55686 0.51765
0.6 0.56078 0.52157
0.60392 0.56471 0.52549
0.60392 0.56471 0.52549
0.60392 0.56471 0.52549
0.61176 0.57255 0.53333
0.61176 0.57255 0.53333
0.60784 0.57255 0.52941
0.61176 0.57255 0.53333
0.61569 0.56863 0.53333
0.61569 0.56471 0.52941
0.62353 0.57255 0.53725
0.61961 0.56863 0.53333
0.62745 0.57647 0.53333
0.62745 0.58039 0.53333
0.58039 0.5451 0.5098
0.58039 0.5451 0.5098
0.58039 0.5451 0.5098
0.58039 0.54118 0.50588
0.59216 0.55294 0.51765
0.6 0.56078 0.52157
0.6 0.56078 0.52157
0.6 0.56078 0.52157
0.59608 0.55686 0.51765
0.60392 0.56471 0.52549
0.60392 0.56471 0.52549
0.60784 0.56863 0.52941
0.60784 0.56863 0.52941
0.61569 0.56863 0.52941
0.61569 0.56471 0.52941
0.61569 0.56471 0.52157
0.61961 0.57255 0.52941
0.62353 0.57647 0.52941
0.62745 0.58039 0.53333
0.62745 0.58039 0.53333
0.58824 0.55294 0.51373
0.58039 0.5451 0.5098
0.57647 0.54118 0.50588
0.58431 0.54902 0.51373
0.58824 0.55294 0.51765
0.59216 0.55294 0.51765
0.6 0.56078 0.52157
0.6 0.56078 0.52157
0.59608 0.55686 0.51765
0.6 0.56078 0.52157
0.60784 0.56863 0.52941
0.60392 0.56471 0.52549
0.60392 0.56471 0.52549
0.61176 0.56863 0.52941
0.61569 0.56471 0.52549
0.61961 0.56863 0.52941
0.62353 0.57647 0.52941
0.61961 0.57647 0.52941
0.61961 0.57647 0.52941
0.62353 0.58039 0.53333
0.62745 0.58039 0.53333
0.58039 0.5451 0.5098
0.58431 0.54902 0.51373
0.58039 0.5451 0.5098
0.58039 0.5451 0.5098
0.58431 0.54902 0.51373
0.59216 0.55294 0.51765
0.59608 0.55686 0.51765
0.6 0.56078 0.52157
0.59608 0.55686 0.51765
0.60392 0.56471 0.52549
0.59608 0.55686 0.51765
0.6 0.56078 0.52157
0.60784 0.56471 0.52549
0.61569 0.56863 0.52157
0.61569 0.56863 0.52157
0.61569 0.56863 0.52157
0.61176 0.56863 0.52549
0.61176 0.57255 0.52549
0.61176 0.57255 0.52549
0.61569 0.57255 0.52549
0.62745 0.58039 0.53333
0.62353 0.57647 0.52941
0.58824 0.55294 0.51373
0.58824 0.55294 0.51765
0.58431 0.54902 0.51373
0.58431 0.54902 0.51373
0.58824 0.55294 0.51765
0.59608 0.55686 0.52157
0.6 0.56078 0.52549
0.60392 0.56471 0.52549
0.60784 0.56863 0.52941
0.60392 0.56471 0.52549
0.6 0.56078 0.52157
0.60392 0.56471 0.52549
0.60784 0.56863 0.52941
0.61569 0.56863 0.52157
0.61569 0.56863 0.52157
0.61569 0.56863 0.52157
0.61176 0.57255 0.52549
0.61176 0.57255 0.52549
0.61569 0.57647 0.52941
0.62353 0.58039 0.53333
0.62745 0.58039 0.53333
0.62353 0.57647 0.52941
0.59216 0.55686 0.52157
0.59216 0.55686 0.52157
0.58824 0.55686 0.52157
0.58431 0.54902 0.51373
0.59216 0.55686 0.52157
0.6 0.56078 0.52549
0.6 0.56078 0.52549
0.60784 0.56863 0.52941
0.60784 0.56863 0.52941
0.60392 0.56471 0.52549
0.6 0.56078 0.52157
0.60392 0.56471 0.52549
0.61176 0.56863 0.52941
0.61176 0.56863 0.52157
0.61569 0.56863 0.52157
0.61569 0.56863 0.52157
0.61176 0.56863 0.52157
0.61569 0.57647 0.52941
0.61961 0.58039 0.53333
0.62745 0.58431 0.53725
0.62353 0.57647 0.52941
0.63137 0.58431 0.53725
0.58039 0.55294 0.51373
0.58039 0.54902 0.51373
0.58039 0.54902 0.51373
0.58824 0.55294 0.51765
0.59216 0.55686 0.52157
0.59608 0.56078 0.52549
0.6 0.56471 0.52549
0.59608 0.56471 0.52157
0.6 0.56863 0.52157
0.60392 0.56471 0.52157
0.60392 0.56471 0.51765
0.60784 0.57255 0.51765
0.60784 0.56863 0.52157
0.61176 0.57255 0.52549
0.61569 0.57647 0.52941
0.61176 0.57255 0.52549
0.61569 0.57647 0.52941
0.62745 0.58039 0.53333
0.62745 0.58039 0.53333
0.62745 0.58039 0.53333
0.62745 0.58039 0.53333
0.58039 0.55294 0.51373
0.58039 0.55294 0.51373
0.58431 0.55294 0.51373
0.58431 0.55294 0.51765
0.58824 0.55686 0.52157
0.59216 0.55686 0.52157
0.59608 0.56078 0.52549
0.59608 0.56471 0.52157
0.59608 0.56471 0.51765
0.6 0.56078 0.52157
0.60392 0.56471 0.51765
0.60392 0.56863 0.51373
0.60784 0.56863 0.52157
0.60784 0.56863 0.52157
0.61176 0.57255 0.52549
0.61569 0.57647 0.52941
0.61569 0.57255 0.52549
0.62353 0.57647 0.52941
0.62745 0.58039 0.53333
0.62353 0.57647 0.52941
0.62745 0.58039 0.53333
0.58039 0.55294 0.51373
0.58431 0.55686 0.51765
0.58824 0.56078 0.52157
0.58431 0.55686 0.51765
0.58824 0.55686 0.51765
0.58824 0.55686 0.51765
0.59608 0.56471 0.51765
0.6 0.56863 0.52157
0.60392 0.56078 0.52157
0.60392 0.56471 0.51765
0.60392 0.56863 0.51373
0.60784 0.56863 0.52157
0.60784 0.56863 0.52157
0.61176 0.57255 0.52549
0.61176 0.57255 0.52549
0.61961 0.57647 0.52941
0.62745 0.58039 0.53333
0.63137 0.58431 0.53725
0.62745 0.58039 0.53333
0.63137 0.58431 0.53725
0.58431 0.55294 0.51373
0.58824 0.55294 0.51373
0.59216 0.55686 0.51765
0.59216 0.55686 0.51765
0.59216 0.56078 0.51765
0.59608 0.56471 0.52157
0.6 0.56471 0.52549
0.6 0.55686 0.51765
0.6 0.56078 0.52157
0.60392 0.56471 0.52157
0.6 0.56078 0.51765
0.60392 0.56471 0.51765
0.61176 0.56863 0.52157
0.61961 0.57255 0.52549
0.61569 0.56863 0.52157
0.61961 0.57255 0.52549
0.62353 0.57647 0.52941
0.62745 0.58039 0.53333
0.62745 0.58039 0.53333
0.62745 0.58039 0.53333
0.58824 0.55294 0.51373
0.59216 0.55294 0.51373
0.59608 0.55686 0.51765
0.59608 0.56078 0.52157
0.59608 0.56471 0.52157
0.59608 0.56078 0.52157
0.6 0.56078 0.52157
0.60392 0.56471 0.52549
0.6 0.56078 0.52157
0.6 0.56078 0.52157
0.60392 0.56471 0.51765
0.61176 0.56863 0.52157
0.62353 0.57647 0.52941
0.61961 0.57255 0.52549
0.61961 0.57255 0.52549
0.61961 0.57255 0.52549
0.62353 0.57647 0.52941
0.62353 0.57647 0.52941
0.62745 0.58039 0.53333
0.59216 0.55294 0.51765
0.59608 0.55686 0.51765
0.6 0.56078 0.52157
0.6 0.56078 0.52157
0.6 0.56078 0.52157
0.59608 0.56078 0.52157
0.59608 0.56471 0.52157
0.6 0.56078 0.52157
0.59608 0.55686 0.51765
0.60392 0.56471 0.52157
0.60392 0.56471 0.51765
0.61176 0.56863 0.52157
0.62353 0.57255 0.52549
0.61961 0.57255 0.52549
0.62353 0.57647 0.52941
0.62353 0.57647 0.52941
0.62353 0.57647 0.52941
0.62745 0.58039 0.53333
0.62745 0.58039 0.53333
0.59608 0.55686 0.51373
0.6 0.56078 0.51765
0.6 0.56078 0.51765
0.6 0.55686 0.51373
0.60392 0.56078 0.51765
0.60392 0.56471 0.52157
0.6 0.56471 0.52157
0.59608 0.56078 0.52157
0.59608 0.56471 0.52157
0.6 0.56078 0.51765
0.60392 0.56471 0.51765
0.61569 0.56863 0.52549
0.62353 0.56863 0.52549
0.62353 0.57647 0.52549
0.62745 0.57647 0.52549
0.63137 0.57647 0.52941
0.62745 0.58039 0.52941
0.62353 0.58039 0.52549
0.62745 0.58039 0.52941
0.59216 0.55294 0.50588
0.59216 0.55294 0.50588
0.59608 0.55686 0.5098
0.6 0.56078 0.5098
0.59216 0.55294 0.50588
0.59608 0.56078 0.51373
0.59216 0.56078 0.51765
0.6 0.56078 0.51765
0.6 0.55686 0.50588
0.60392 0.56471 0.51765
0.61961 0.56863 0.52157
0.62353 0.56863 0.52549
0.61961 0.57255 0.51765
0.62353 0.57255 0.51765
0.63137 0.57647 0.52549
0.63529 0.58431 0.52941
0.62745 0.58039 0.52549
0.62745 0.58039 0.52549
0.67843 0.64314 0.58431
0.6902 0.6549 0.59608
0.69412 0.65882 0.6
