0.4902 0.58431 0.71765
0.48627 0.57647 0.7098
0.49412 0.58824 0.72157
0.49412 0.58431 0.71765
0.50196 0.58039 0.71765
0.4902 0.58431 0.72157
0.50196 0.59216 0.72549
0.49412 0.58039 0.71765
0.4902 0.58039 0.71765
0.49412 0.58039 0.71765
0.49412 0.58039 0.71765
0.50196 0.58431 0.71765
0.49804 0.58824 0.72549
0.49804 0.58824 0.72157
0.49412 0.58824 0.71765
0.50196 0.59216 0.72157
0.49412 0.58431 0.71765
0.49804 0.58431 0.71765
0.5098 0.58824 0.72549
0.49412 0.58431 0.72157
0.4902 0.58039 0.71373
0.49804 0.58824 0.72157
0.49804 0.58824 0.72157
0.49412 0.58431 0.71765
0.49412 0.58431 0.71765
0.49804 0.58824 0.72549
0.49412 0.58431 0.71765
0.4902 0.58039 0.71373
0.49412 0.58431 0.71765
0.4902 0.58039 0.71373
0.49804 0.58431 0.71765
0.50588 0.58431 0.71765
0.4902 0.58039 0.71373
0.49412 0.58431 0.71765
0.49412 0.58824 0.72157
0.50196 0.58431 0.72157
0.49804 0.58039 0.71765
0.50196 0.58039 0.71765
0.50588 0.58824 0.72157
0.50588 0.58824 0.72549
0.50196 0.58431 0.71765
0.49804 0.57647 0.71373
0.50588 0.58431 0.72157
0.50196 0.58431 0.72157
0.50588 0.58824 0.72549
0.50588 0.58431 0.72157
0.50196 0.58431 0.72157
