0.59216 0.66275 0.75686
0.58824 0.65882 0.75294
0.58824 0.6549 0.74902
0.58824 0.65882 0.75294
0.58431 0.6549 0.74902
0.58824 0.66275 0.75686
0.58824 0.66275 0.75686
0.59216 0.66667 0.76078
0.59608 0.66667 0.76078
0.59216 0.66275 0.75686
0.58824 0.65882 0.75294
0.58039 0.66275 0.75686
0.58824 0.66667 0.76078
0.58431 0.66275 0.75686
0.58824 0.65882 0.75294
0.59216 0.66275 0.75686
0.59216 0.66275 0.75686
0.58039 0.65882 0.75294
0.58431 0.66275 0.75686
0.58824 0.66667 0.76078
0.58824 0.65882 0.74902
0.58431 0.66275 0.75686
0.58039 0.65882 0.75294
0.58431 0.66275 0.75294
0.59216 0.66275 0.75294
0.58824 0.66667 0.76078
0.57647 0.6549 0.74902
0.58039 0.65882 0.75294
