0.84706 0.81961 0.76078
0.85098 0.82353 0.77255
0.85882 0.82353 0.77647
0.85882 0.82353 0.77255
0.84706 0.81569 0.76863
0.84706 0.81569 0.76471
0.85882 0.82745 0.77647
0.86275 0.83137 0.78039
0.84314 0.81176 0.76471
0.84314 0.81569 0.76863
0.84706 0.81961 0.76471
0.8549 0.82745 0.77255
0.8549 0.83137 0.77647
0.83922 0.80784 0.76078
0.84314 0.81176 0.76078
0.84314 0.80784 0.76078
0.84314 0.81176 0.76863
0.83922 0.80784 0.76471
0.84314 0.81569 0.76078
0.8549 0.82745 0.77255
0.8549 0.83137 0.77647
0.83922 0.80784 0.76471
0.84314 0.81176 0.77255
0.84706 0.81569 0.76471
0.84314 0.81176 0.76078
0.84706 0.81569 0.76471
0.8549 0.82353 0.77255
0.85882 0.82745 0.77647
0.86275 0.82745 0.77255
0.84314 0.81176 0.76078
0.85098 0.81961 0.76863
0.84706 0.81569 0.77255
0.84706 0.81569 0.76863
0.84706 0.81569 0.76471
0.85098 0.81961 0.76471
0.85098 0.81961 0.76863
0.8549 0.81961 0.76471
0.84706 0.81961 0.75686
0.84706 0.81569 0.76471
0.84706 0.81569 0.77255
0.84706 0.81569 0.77255
0.85098 0.81961 0.76863
0.85098 0.81961 0.77255
0.8549 0.82353 0.77255
0.8549 0.82353 0.76471
0.83922 0.81176 0.75686
0.84706 0.81569 0.76078
0.84706 0.81961 0.76078
0.85098 0.81961 0.76863
0.84706 0.81569 0.77255
0.85098 0.81961 0.77647
0.8549 0.82353 0.77647
0.85882 0.82745 0.77647
0.85098 0.81961 0.76863
0.85098 0.81961 0.76863
0.84706 0.81569 0.76471
0.84706 0.81569 0.76078
0.8549 0.82353 0.76471
0.85098 0.81961 0.76863
0.84706 0.81569 0.77255
0.84706 0.81569 0.77647
0.8549 0.82353 0.77647
0.8549 0.82353 0.77255
0.8549 0.82353 0.77255
0.85882 0.82745 0.77255
0.8549 0.82353 0.77255
0.85098 0.81961 0.77647
0.8549 0.82353 0.78039
0.8549 0.82353 0.78039
0.8549 0.82353 0.77255
0.85098 0.82353 0.77647
0.85098 0.82745 0.78039
0.85882 0.83137 0.78039
0.85882 0.82745 0.77647
0.86275 0.83137 0.78039
