0.086275 0.10196 0.1451
0.10588 0.11765 0.15686
0.098039 0.10588 0.13725
0.098039 0.10196 0.13333
0.090196 0.10196 0.13333
0.090196 0.11373 0.1451
0.094118 0.11765 0.1451
0.090196 0.11373 0.14118
0.10196 0.12157 0.14902
0.10196 0.11765 0.14902
0.07451 0.090196 0.13333
0.070588 0.082353 0.12941
0.082353 0.086275 0.13725
0.082353 0.090196 0.13725
0.082353 0.094118 0.14118
0.07451 0.094118 0.13725
0.078431 0.098039 0.14118
0.082353 0.098039 0.14118
0.082353 0.098039 0.1451
0.078431 0.094118 0.14118
0.082353 0.090196 0.13725
0.07451 0.086275 0.13333
0.078431 0.086275 0.13333
0.090196 0.098039 0.1451
0.086275 0.098039 0.14118
0.082353 0.098039 0.14118
0.082353 0.098039 0.14118
0.086275 0.098039 0.1451
0.090196 0.10196 0.1451
0.090196 0.098039 0.1451
0.078431 0.082353 0.12941
0.082353 0.086275 0.12941
0.082353 0.086275 0.12941
0.086275 0.086275 0.13333
0.082353 0.086275 0.12941
0.078431 0.082353 0.12157
0.086275 0.086275 0.12549
0.086275 0.086275 0.12549
0.094118 0.094118 0.13333
0.094118 0.090196 0.12941
