0.66275 0.61961 0.57255
0.66275 0.61569 0.56863
0.66275 0.61569 0.56471
0.65882 0.61569 0.56863
0.65882 0.61176 0.56471
0.65882 0.61176 0.56471
0.66275 0.61569 0.56863
0.6549 0.61176 0.56471
0.66275 0.61569 0.56863
0.66275 0.61569 0.56863
0.66275 0.61569 0.56863
0.6549 0.60784 0.56078
0.65882 0.61176 0.56471
0.65882 0.61176 0.56471
0.65882 0.61176 0.56471
0.65882 0.61569 0.56863
0.65882 0.61176 0.56471
0.65882 0.61176 0.56471
0.65882 0.61176 0.56471
0.66275 0.61569 0.56863
0.65882 0.61176 0.56471
0.66275 0.61569 0.56863
0.65882 0.61176 0.56471
0.66275 0.61569 0.56863
0.66275 0.61569 0.56863
0.65882 0.60784 0.56863
0.65882 0.61176 0.56863
0.6549 0.60392 0.56863
0.6549 0.60392 0.56471
