0.96471 0.90196 0.8
0.97255 0.91373 0.81569
0.96471 0.90588 0.8
0.96863 0.91765 0.81961
0.96078 0.90588 0.80392
0.95686 0.89412 0.79216
0.97255 0.91373 0.8
0.96863 0.91765 0.81961
0.96471 0.9098 0.80392
0.95294 0.8902 0.78824
0.96078 0.90196 0.79608
0.97255 0.9098 0.80784
0.97255 0.92157 0.82353
0.96471 0.9098 0.81176
0.95686 0.89804 0.79608
0.94902 0.8902 0.78824
0.96078 0.90196 0.79608
0.97647 0.91373 0.81176
0.98039 0.92157 0.83137
0.98039 0.92157 0.83137
0.96863 0.9098 0.81961
0.95294 0.89412 0.80392
0.94902 0.8902 0.79216
0.97255 0.91765 0.81176
0.96078 0.90588 0.80392
0.97255 0.91765 0.82745
0.96078 0.9098 0.81569
0.94902 0.89804 0.80392
0.95686 0.90588 0.80784
0.97647 0.92549 0.82353
0.96078 0.91765 0.82353
0.96471 0.91765 0.82353
0.96863 0.92157 0.82745
0.96078 0.91373 0.81569
