0.55686 0.55686 0.58431
0.59216 0.58039 0.58431
0.61569 0.59608 0.58431
0.67843 0.65098 0.62353
0.63922 0.6 0.58431
0.65098 0.61176 0.60784
0.66667 0.63137 0.62353
0.66667 0.64706 0.63137
0.66275 0.64314 0.62745
0.6549 0.63529 0.61961
0.5451 0.54902 0.58431
0.61569 0.60784 0.63922
0.60392 0.59608 0.57647
0.63922 0.62353 0.60392
0.65882 0.63922 0.62353
0.65098 0.61569 0.60392
0.65882 0.61961 0.60784
0.67059 0.62745 0.63137
0.67451 0.63922 0.63529
0.65882 0.63922 0.62353
0.65098 0.63137 0.61961
0.64314 0.62353 0.61176
0.64706 0.62353 0.61569
0.42745 0.43922 0.47843
0.61961 0.60784 0.62745
0.62353 0.60784 0.6
0.62745 0.61176 0.60784
0.65882 0.63922 0.62353
0.65882 0.62745 0.62745
0.65882 0.62745 0.61961
0.66275 0.62745 0.61961
0.67451 0.63529 0.63137
0.67451 0.63529 0.64706
0.66667 0.63137 0.63137
0.65098 0.62745 0.61569
0.65098 0.63137 0.61961
0.63922 0.62353 0.61176
0.6549 0.62353 0.61176
0.54118 0.5451 0.57647
0.63529 0.62745 0.61569
0.64314 0.61961 0.60784
0.66667 0.63922 0.62353
0.67059 0.64314 0.63529
0.65882 0.62745 0.62745
0.65882 0.61961 0.62745
0.66275 0.62745 0.63137
0.66667 0.63529 0.63529
0.65882 0.62745 0.62745
0.6549 0.62745 0.63137
0.65098 0.61961 0.62353
0.6549 0.62745 0.62353
0.65882 0.63137 0.62353
0.6549 0.62353 0.61569
0.65882 0.63529 0.62353
0.65098 0.61961 0.60784
0.65882 0.62745 0.61961
0.66275 0.63137 0.62745
0.67059 0.63529 0.63922
0.66667 0.63137 0.63529
0.66275 0.62745 0.63137
0.65098 0.62745 0.62745
0.64706 0.62745 0.62353
0.64706 0.62745 0.62353
0.6549 0.62745 0.61961
0.65882 0.62745 0.61569
0.65098 0.61569 0.60392
0.63529 0.60784 0.58824
0.64314 0.61176 0.6
0.65098 0.61961 0.61176
0.6549 0.61961 0.61961
0.65098 0.61569 0.61961
0.6549 0.61961 0.62353
0.65098 0.61961 0.61961
0.65098 0.63137 0.61961
0.65098 0.63137 0.61961
0.6549 0.63529 0.62353
0.64706 0.63137 0.61569
0.64314 0.61961 0.6
0.64314 0.60784 0.58824
0.64706 0.61176 0.60784
0.64314 0.61176 0.60392
0.64314 0.61176 0.60392
0.65098 0.61569 0.61176
0.64314 0.61569 0.60784
0.65098 0.62745 0.61569
0.6549 0.63529 0.61961
0.6549 0.63529 0.61961
0.6549 0.63529 0.61961
0.66275 0.63529 0.61961
0.65882 0.62353 0.60784
0.66667 0.62745 0.59608
0.6549 0.61569 0.61176
0.63922 0.60784 0.6
0.64314 0.61176 0.6
0.64706 0.60784 0.6
0.64314 0.61569 0.6
0.63922 0.61961 0.60392
0.64314 0.62353 0.60784
0.64706 0.62745 0.61176
0.65098 0.62745 0.61176
0.66667 0.63137 0.61569
0.66667 0.62353 0.6
0.65882 0.61961 0.61176
0.6549 0.61569 0.60784
0.65098 0.60784 0.6
0.64706 0.61176 0.60392
0.63922 0.60784 0.59608
0.64706 0.61569 0.60392
0.6549 0.62745 0.61569
0.6549 0.62745 0.61569
0.66667 0.62745 0.60784
0.67059 0.62353 0.59216
0.66275 0.61961 0.60392
0.66275 0.62353 0.60784
0.65882 0.62353 0.60784
0.66275 0.62745 0.61961
0.66667 0.63529 0.62353
0.66667 0.63529 0.61961
0.66275 0.63137 0.60784
0.66667 0.62353 0.6
0.66667 0.63137 0.60784
0.67059 0.63137 0.62353
0.67451 0.63922 0.62745
0.67843 0.64314 0.61961
0.65882 0.62353 0.59608
