0.95294 0.9098 0.82745
0.95294 0.9098 0.82353
0.95294 0.9098 0.82353
0.96078 0.9098 0.82745
0.95686 0.9098 0.82745
0.95686 0.91373 0.82745
0.96078 0.91373 0.82745
0.95686 0.91373 0.82745
0.96078 0.91373 0.82745
0.96078 0.91373 0.82745
0.96078 0.91373 0.82745
0.96078 0.91373 0.82745
0.96078 0.91373 0.82745
0.96471 0.91765 0.83137
0.96078 0.91373 0.82745
0.96078 0.91373 0.82745
0.96078 0.91373 0.82745
0.96078 0.91373 0.82745
0.96471 0.91765 0.83137
0.96078 0.91373 0.82745
0.96078 0.91373 0.82745
0.96471 0.91765 0.83137
0.96863 0.92157 0.83529
0.96471 0.91765 0.83137
0.96471 0.91765 0.83137
0.96471 0.91765 0.83137
0.96863 0.92157 0.83529
0.96863 0.92157 0.83529
0.96078 0.9098 0.82353
0.96078 0.91373 0.82745
0.96078 0.91765 0.83137
0.96471 0.91765 0.83137
0.96863 0.92157 0.83529
0.96471 0.91765 0.83137
0.96863 0.92157 0.83529
0.96863 0.92157 0.83137
0.96078 0.91373 0.82745
0.96078 0.91765 0.83137
0.96078 0.91765 0.83137
0.96078 0.91765 0.83137
0.96471 0.92157 0.83529
0.96471 0.92157 0.83529
0.96471 0.91765 0.83137
0.96471 0.91765 0.83137
0.96471 0.92157 0.83529
0.96471 0.92157 0.83529
