0.89804 0.83922 0.75686
0.91373 0.85098 0.76863
0.92157 0.8549 0.77647
0.9098 0.84314 0.75686
0.8902 0.83137 0.74902
0.91765 0.8549 0.77647
0.92549 0.85882 0.78039
0.91373 0.84314 0.76078
0.90588 0.83922 0.75294
0.87843 0.83529 0.78039
0.9098 0.85098 0.76471
0.92157 0.85882 0.78039
0.92549 0.8549 0.77647
0.9098 0.83922 0.75294
0.90588 0.83529 0.74902
0.91765 0.87059 0.79608
0.91765 0.86275 0.77647
0.92941 0.86275 0.78431
0.92157 0.84706 0.77255
0.91373 0.84314 0.75294
0.92549 0.87059 0.78039
0.90196 0.84314 0.75294
0.92157 0.85882 0.77255
0.92157 0.8549 0.76863
