0.68627 0.62353 0.54902
0.66667 0.61176 0.53333
0.65882 0.60392 0.52941
0.6549 0.6 0.52941
0.65098 0.6 0.53333
0.64314 0.59216 0.52549
0.64706 0.6 0.53333
0.6549 0.60392 0.53333
0.69804 0.63137 0.54902
0.6902 0.62353 0.54902
0.67843 0.61961 0.53725
0.67451 0.61569 0.53333
0.67059 0.61176 0.53725
0.67059 0.60784 0.54118
0.66275 0.60392 0.54118
0.67059 0.61176 0.54902
0.67059 0.61569 0.54902
0.70196 0.63529 0.53725
0.69412 0.62745 0.5451
0.6902 0.62745 0.55294
0.67843 0.61961 0.54118
0.67843 0.61961 0.5451
0.67843 0.61569 0.5451
0.67451 0.61569 0.5451
0.67843 0.61569 0.5451
0.68235 0.62353 0.54902
0.71373 0.64314 0.54902
0.70196 0.63529 0.55686
0.69412 0.63529 0.56078
0.68235 0.62353 0.54902
0.68627 0.62745 0.55294
0.68627 0.62745 0.55294
0.68627 0.62745 0.55294
0.68627 0.62745 0.55294
0.68627 0.62353 0.55294
0.71373 0.6549 0.57647
0.69804 0.63922 0.56471
0.69412 0.63529 0.56078
0.6902 0.62745 0.55294
0.68627 0.62353 0.54902
0.6902 0.62745 0.55294
0.68627 0.62745 0.55294
0.68627 0.62745 0.55686
0.84706 0.79608 0.7451
0.83529 0.78824 0.72549
0.82745 0.78039 0.71373
0.82353 0.77647 0.7098
