0.5451 0.59608 0.71373
0.53725 0.58824 0.70196
0.54902 0.59608 0.70588
0.55686 0.59608 0.71373
0.54118 0.59608 0.70588
0.54118 0.59608 0.70588
0.5451 0.59216 0.7098
0.56078 0.59608 0.69412
0.54902 0.59216 0.70196
0.55686 0.6 0.7098
0.5451 0.59608 0.70196
0.53725 0.59216 0.69804
0.53725 0.59216 0.70588
0.53725 0.59216 0.70588
0.53725 0.59216 0.70588
0.61569 0.63529 0.72157
0.59216 0.61961 0.71373
0.57255 0.60392 0.7098
0.55686 0.59608 0.7098
0.5451 0.59608 0.69804
0.55294 0.59608 0.7098
0.5451 0.59608 0.70588
0.52549 0.58039 0.69412
0.62745 0.64314 0.72549
0.6 0.62745 0.72549
0.57255 0.60392 0.71373
0.55294 0.6 0.70196
0.55686 0.6 0.7098
0.54902 0.59608 0.7098
0.55294 0.59216 0.69804
0.55686 0.6 0.7098
0.54902 0.6 0.7098
