0.72157 0.6549 0.58431
0.72157 0.6549 0.56471
0.74902 0.67451 0.58824
0.76471 0.68627 0.60392
0.76078 0.6902 0.60784
0.74902 0.68235 0.60392
0.80392 0.73725 0.64706
0.71373 0.63922 0.5451
0.74902 0.67059 0.57647
0.76078 0.67843 0.58431
0.76863 0.69412 0.6
0.76078 0.69412 0.60784
0.72157 0.64314 0.5451
0.7098 0.62745 0.53333
0.74902 0.66275 0.56863
0.76471 0.68235 0.58824
0.76863 0.6902 0.6
0.7098 0.62745 0.52549
0.70196 0.61961 0.51765
0.73333 0.65098 0.54902
0.75294 0.67059 0.57255
0.76078 0.68627 0.59216
0.76078 0.67843 0.57255
0.7098 0.62745 0.52157
0.73333 0.65098 0.5451
0.7451 0.66275 0.56471
0.75686 0.68235 0.58431
0.78824 0.70588 0.6
0.67843 0.59608 0.4902
0.71765 0.63529 0.52941
0.73333 0.6549 0.54902
0.74118 0.67059 0.56471
0.72549 0.63922 0.53725
0.68627 0.60392 0.50196
0.71765 0.63922 0.53333
0.74118 0.66667 0.56471
