0.31373 0.43137 0.58431
0.3098 0.43529 0.58824
0.3098 0.43922 0.58824
0.29804 0.42353 0.57647
0.3098 0.43529 0.58824
0.3098 0.43529 0.58824
0.3098 0.43529 0.58824
0.28235 0.41569 0.56471
0.30196 0.42745 0.58039
0.31373 0.43529 0.58824
0.31765 0.44314 0.59608
0.29412 0.41569 0.56471
0.30196 0.43137 0.58431
0.31765 0.43922 0.59216
0.32549 0.45098 0.60392
0.30196 0.42745 0.58039
0.29412 0.40784 0.56078
0.29804 0.42353 0.57255
0.31373 0.43922 0.59216
0.32549 0.45098 0.60784
0.28627 0.4 0.55294
0.28235 0.39608 0.54902
0.27451 0.38824 0.54118
0.27059 0.38039 0.53333
