0.66667 0.61176 0.57647
0.66275 0.60784 0.57255
0.65882 0.60784 0.57255
0.67059 0.61569 0.58039
0.67059 0.61569 0.58039
0.66275 0.61176 0.57647
0.66667 0.61569 0.58039
0.67059 0.61569 0.58039
0.66667 0.61176 0.57647
0.66275 0.61176 0.57647
0.66275 0.61176 0.57647
0.66667 0.61569 0.58039
0.66667 0.61569 0.58039
0.66275 0.61176 0.57647
0.66667 0.61569 0.58039
0.66275 0.61569 0.58039
0.66667 0.61569 0.58039
0.66667 0.61569 0.58039
0.66275 0.61176 0.57647
0.66667 0.61569 0.58039
0.66275 0.61176 0.57647
0.66275 0.61569 0.58039
0.66275 0.61176 0.57647
0.66275 0.61176 0.57647
0.66667 0.61569 0.58039
