0.96471 0.91373 0.83137
0.96863 0.91373 0.83137
0.96863 0.92157 0.83529
0.97647 0.92549 0.83922
0.96471 0.90196 0.81569
0.96078 0.90588 0.82353
0.96863 0.92157 0.83529
0.97647 0.93333 0.84314
0.96471 0.90196 0.82745
0.96863 0.9098 0.82745
0.96471 0.91373 0.82745
0.97255 0.92549 0.83922
0.98039 0.93333 0.84706
0.98039 0.93333 0.83529
0.95686 0.89804 0.81176
0.96863 0.90196 0.82353
0.97255 0.9098 0.82745
0.96863 0.91373 0.83137
0.97255 0.92941 0.84314
0.98039 0.93333 0.84706
0.98039 0.93333 0.85098
0.96078 0.91373 0.84314
0.95686 0.8902 0.80784
0.96078 0.89804 0.81961
0.96078 0.9098 0.81961
0.96863 0.92157 0.83529
0.97647 0.92941 0.84706
0.86275 0.81961 0.77647
0.96078 0.89412 0.8
0.95686 0.89412 0.81961
0.96471 0.90196 0.80784
0.96863 0.91373 0.83137
0.97647 0.92941 0.84314
0.50196 0.5098 0.52941
0.9451 0.9098 0.81961
0.95294 0.8902 0.81569
0.96471 0.90196 0.82353
0.96863 0.91765 0.82745
0.78039 0.75686 0.7451
0.94902 0.88627 0.79216
0.41569 0.42745 0.47059
