0.14902 0.20784 0.30196
0.16078 0.23137 0.33333
0.16471 0.23137 0.33333
0.16078 0.22353 0.32549
0.17647 0.23922 0.33725
0.17255 0.23922 0.33333
0.15686 0.22353 0.3098
0.16863 0.24706 0.3451
0.16078 0.23922 0.33725
0.16471 0.23529 0.33333
0.16471 0.23137 0.33333
0.16078 0.23137 0.32549
0.16863 0.23922 0.32941
0.15294 0.22353 0.30588
0.15686 0.23137 0.31765
0.16471 0.24706 0.34118
0.15294 0.23529 0.33333
0.15686 0.23529 0.33333
0.16471 0.23529 0.33333
0.1451 0.21961 0.31765
0.15294 0.23137 0.32157
0.15294 0.23137 0.32941
0.16078 0.23922 0.33725
0.14902 0.22745 0.32549
0.16078 0.23922 0.33725
0.15294 0.22745 0.32157
0.16471 0.23529 0.32549
0.15294 0.22353 0.3098
0.16078 0.23922 0.33725
0.16471 0.24314 0.34118
0.16078 0.23922 0.33725
0.16078 0.23922 0.33725
0.15686 0.22745 0.32549
0.16863 0.23922 0.32941
0.15686 0.22745 0.31373
0.15686 0.23529 0.33333
0.16078 0.23922 0.33725
0.16078 0.23922 0.33725
0.14902 0.22745 0.32549
0.15294 0.22745 0.32157
0.16078 0.23137 0.32157
0.16078 0.23922 0.33725
0.15294 0.23137 0.32941
0.16471 0.24314 0.34118
0.15686 0.23529 0.33333
0.16078 0.23137 0.33333
0.16078 0.22745 0.32549
0.15294 0.21569 0.3098
0.15686 0.21961 0.30588
0.15294 0.23137 0.32941
0.16863 0.24706 0.34118
0.16078 0.23922 0.33333
0.15686 0.23137 0.33333
0.15686 0.23137 0.32549
0.15294 0.21569 0.30588
0.15294 0.21569 0.30196
0.14902 0.22745 0.32157
0.16078 0.23922 0.33333
0.16078 0.23922 0.33333
