0.96078 0.83529 0.68235
0.95686 0.83137 0.68235
0.96078 0.83529 0.68627
0.96863 0.84314 0.6902
0.96863 0.83922 0.69412
0.94118 0.81961 0.67059
0.94902 0.83137 0.68235
0.96471 0.83922 0.6902
0.96078 0.83529 0.68627
0.95686 0.83137 0.68235
0.95294 0.83529 0.67843
0.93725 0.81961 0.66667
0.96471 0.83922 0.6902
0.96471 0.83922 0.68627
0.96863 0.84314 0.68627
0.96078 0.83529 0.67843
0.96863 0.84314 0.68627
0.95686 0.83137 0.67843
0.95686 0.83137 0.68235
0.95294 0.82745 0.67059
0.96863 0.84314 0.68627
0.96863 0.84314 0.68235
