0.59608 0.70196 0.8
0.59608 0.69804 0.79608
0.59608 0.69804 0.79608
0.59216 0.69412 0.79216
0.6 0.70196 0.8
0.6 0.70196 0.8
0.6 0.70196 0.8
0.59608 0.70196 0.8
0.59608 0.69804 0.79608
0.59216 0.69412 0.79216
0.6 0.70196 0.8
0.59608 0.69804 0.79608
0.59608 0.69804 0.79608
0.6 0.70196 0.8
0.6 0.70196 0.8
0.6 0.70196 0.8
0.59608 0.69804 0.79608
0.59608 0.69804 0.79608
0.59216 0.69412 0.79216
0.59608 0.69804 0.79608
0.59608 0.69804 0.79608
0.59608 0.69804 0.79608
0.6 0.70196 0.8
0.59608 0.69804 0.79608
0.59608 0.69804 0.79608
