0.13333 0.23137 0.33725
0.1451 0.23529 0.3451
0.13333 0.22745 0.33725
0.13333 0.22745 0.33725
0.13725 0.23137 0.34118
0.12941 0.22353 0.33333
0.14118 0.23529 0.3451
0.14118 0.23529 0.3451
0.13333 0.22745 0.33725
0.14118 0.23137 0.34118
0.1451 0.23529 0.3451
0.1451 0.23529 0.3451
0.14902 0.24314 0.35294
0.1451 0.23529 0.34902
0.14902 0.23137 0.3451
0.15686 0.23922 0.35294
0.15686 0.23922 0.35294
0.14902 0.23922 0.35294
0.1451 0.23922 0.34902
0.14118 0.23529 0.3451
0.14902 0.23922 0.34902
0.1451 0.22745 0.34118
0.15294 0.23529 0.34902
