0.12941 0.23922 0.36471
0.16471 0.25882 0.38039
0.15686 0.24314 0.36471
0.14902 0.27451 0.4
0.16863 0.27059 0.39216
0.15686 0.25098 0.38039
0.16078 0.25098 0.38431
0.16471 0.25882 0.37647
0.17255 0.26275 0.38431
0.14902 0.23922 0.36471
0.18039 0.27059 0.39608
0.14902 0.25098 0.37255
0.16863 0.26275 0.38431
0.16863 0.2549 0.37647
0.14902 0.23922 0.36078
0.16863 0.25882 0.38824
0.16863 0.2549 0.38824
0.14118 0.2549 0.37255
0.17255 0.26275 0.38431
0.15686 0.24706 0.36863
0.17255 0.27059 0.39216
0.16863 0.25882 0.38431
0.17255 0.26667 0.38039
0.16863 0.26275 0.38039
