0.3451 0.26275 0.23529
0.31765 0.2 0.18431
0.14118 0.12549 0.07451
0.23922 0.18431 0.1451
0.27059 0.17255 0.15294
0.34118 0.23137 0.18039
0.18039 0.16471 0.1098
0.19608 0.18039 0.12549
0.21961 0.18039 0.12549
0.25098 0.18039 0.11765
0.14902 0.1451 0.090196
0.2 0.19216 0.12549
0.18431 0.17647 0.098039
0.23137 0.19608 0.12157
0.16078 0.17255 0.10196
0.22353 0.23137 0.14902
0.16078 0.16863 0.10196
0.17647 0.18824 0.11765
0.19216 0.19608 0.12941
0.20392 0.18039 0.14902
0.27451 0.20784 0.2
0.16863 0.16863 0.10588
0.17647 0.15686 0.12941
0.18039 0.12157 0.13333
