0.86667 0.78824 0.70588
0.87843 0.79608 0.71373
0.88235 0.80784 0.7098
0.88235 0.8 0.70196
0.87059 0.8 0.7098
0.88235 0.8 0.71373
0.87843 0.8 0.70588
0.87843 0.8 0.69804
0.88627 0.80392 0.69804
0.87843 0.79216 0.69412
0.85882 0.79608 0.70196
0.87843 0.80784 0.71373
0.87843 0.8 0.70196
0.87059 0.79216 0.68627
0.88235 0.80392 0.69804
0.88627 0.80392 0.70196
0.86667 0.79608 0.70196
0.88627 0.81176 0.71373
0.87843 0.8 0.69804
0.88235 0.80392 0.70196
0.89412 0.81569 0.71373
0.89412 0.81569 0.71373
0.8902 0.81569 0.71765
0.89412 0.81569 0.71765
0.88235 0.80392 0.70588
0.88235 0.80392 0.70588
0.89412 0.81569 0.71765
0.8902 0.81176 0.71373
0.88627 0.80392 0.7098
0.88235 0.8 0.70588
0.88235 0.80392 0.70588
