0.97255 0.90588 0.80784
0.98039 0.91765 0.81961
0.98431 0.92157 0.82353
0.98431 0.92157 0.82353
0.98039 0.90588 0.79608
0.98039 0.91373 0.81569
0.98039 0.92157 0.82353
0.98431 0.92157 0.82745
0.98431 0.92549 0.82353
0.98431 0.92157 0.81961
0.97255 0.9098 0.80784
0.98039 0.91765 0.81176
0.98039 0.90196 0.79216
0.98431 0.91373 0.81961
0.98431 0.91765 0.81961
0.98824 0.92157 0.82353
0.98824 0.92549 0.82353
0.97647 0.91373 0.81176
0.97647 0.9098 0.80392
0.98824 0.92157 0.81961
0.98431 0.91765 0.81569
0.96471 0.90196 0.79608
