0.91765 0.84706 0.72941
0.92941 0.86275 0.74902
0.92157 0.85098 0.72941
0.93725 0.86275 0.73333
0.9451 0.86667 0.74118
0.92941 0.86275 0.74902
0.94118 0.86667 0.74118
0.92549 0.85098 0.72549
0.93333 0.85882 0.73725
0.94118 0.87059 0.75686
0.93333 0.85882 0.74118
0.91765 0.84314 0.72549
0.94902 0.87451 0.75686
0.91765 0.8549 0.74902
0.93725 0.87059 0.76078
0.94902 0.87843 0.76078
0.93333 0.85882 0.74118
0.9451 0.87059 0.75294
0.93725 0.87059 0.76078
0.93725 0.86667 0.74902
0.9451 0.87059 0.74902
