0.031373 0.22745 0.4
0.027451 0.21961 0.38824
0.027451 0.23137 0.40392
0.035294 0.23137 0.4
0.027451 0.21961 0.38824
0.027451 0.21569 0.38431
0.027451 0.23529 0.40392
0.031373 0.23922 0.41176
0.027451 0.23529 0.40392
0.031373 0.23137 0.4
0.031373 0.22745 0.39608
0.023529 0.21569 0.38431
0.027451 0.23137 0.40784
0.027451 0.23137 0.4
0.031373 0.22745 0.39608
0.027451 0.21961 0.38824
0.023529 0.21569 0.38431
0.031373 0.23137 0.40784
0.031373 0.22353 0.39608
0.027451 0.21961 0.38824
0.031373 0.22353 0.39216
0.035294 0.22745 0.4
0.031373 0.22353 0.39216
0.035294 0.22745 0.40392
0.035294 0.22745 0.39608
0.035294 0.22353 0.39216
0.027451 0.21961 0.38431
