0.21176 0.3098 0.43922
0.20392 0.30588 0.43137
0.20392 0.30588 0.43529
0.2 0.29412 0.42745
0.20784 0.30588 0.43529
0.19608 0.29804 0.42745
0.21176 0.30588 0.44314
0.20784 0.30196 0.43529
0.21176 0.3098 0.44314
0.19608 0.29804 0.42745
0.19608 0.29412 0.42745
0.21176 0.30196 0.43922
0.20784 0.30196 0.43137
0.20784 0.30196 0.43529
0.22745 0.32549 0.45882
0.20392 0.30196 0.43529
0.20784 0.30196 0.43529
0.21176 0.30588 0.43922
0.21961 0.31373 0.44706
0.23137 0.32549 0.45882
0.20784 0.30196 0.43529
0.20392 0.29804 0.43137
0.21961 0.31373 0.44706
