0.52941 0.64706 0.79216
0.53333 0.64706 0.78824
0.52941 0.64706 0.78431
0.52549 0.64314 0.78039
0.52549 0.64314 0.78431
0.52941 0.64706 0.78824
0.52941 0.64706 0.78824
0.52549 0.64314 0.78824
0.52157 0.64314 0.78431
0.52941 0.64706 0.78824
0.52549 0.64314 0.78431
0.52549 0.64314 0.78431
0.52941 0.64706 0.78824
0.52941 0.64706 0.78824
0.52549 0.64314 0.78431
0.52157 0.64314 0.78431
0.52157 0.64314 0.78431
0.51765 0.64706 0.78431
0.52549 0.64706 0.78824
0.52549 0.64314 0.78431
0.52549 0.64314 0.78431
0.52941 0.64314 0.78431
0.52549 0.64314 0.78431
0.52549 0.64314 0.78431
0.52157 0.64314 0.78431
0.52157 0.64706 0.78431
0.52941 0.64706 0.78431
0.51765 0.64314 0.78824
0.51765 0.64706 0.78431
0.52157 0.64706 0.78431
0.52157 0.64706 0.78824
0.52157 0.65098 0.78824
0.52157 0.65098 0.78824
0.52157 0.64314 0.78431
0.52941 0.65098 0.78824
0.53333 0.65098 0.79216
0.53333 0.65098 0.79216
0.52941 0.64706 0.78431
0.53333 0.65098 0.79216
0.53333 0.6549 0.78824
0.51373 0.64706 0.79216
0.51765 0.64314 0.79216
0.51373 0.64314 0.78431
0.5098 0.63922 0.77647
0.51373 0.64314 0.78039
0.51765 0.65098 0.78824
0.51765 0.65098 0.78824
0.52549 0.65098 0.78824
0.52941 0.64706 0.78824
0.53333 0.65098 0.79216
0.52941 0.64706 0.78824
0.53725 0.6549 0.79608
0.53333 0.65098 0.79216
0.52941 0.65098 0.78431
0.49804 0.63922 0.78039
0.49804 0.64314 0.78431
0.50196 0.63922 0.78039
0.5098 0.63922 0.78431
0.51765 0.64314 0.79216
0.52549 0.65098 0.79216
0.51373 0.64314 0.78039
0.51373 0.64314 0.78039
0.5098 0.64314 0.78039
0.51373 0.64706 0.78431
0.52549 0.65098 0.78824
0.52941 0.64706 0.78824
0.53333 0.65098 0.79216
0.53333 0.65098 0.79216
0.52941 0.64706 0.78824
0.53725 0.6549 0.79608
0.52941 0.65098 0.78824
0.50196 0.63922 0.78039
0.5098 0.64706 0.78824
0.51373 0.63922 0.78824
0.51373 0.63922 0.78824
0.51373 0.64314 0.78824
0.52157 0.64706 0.78824
0.52157 0.65098 0.78824
0.52157 0.65098 0.78824
0.51373 0.64314 0.78039
0.51373 0.64314 0.78431
0.52157 0.64706 0.78431
0.52549 0.65098 0.78431
0.53333 0.65098 0.79216
0.53333 0.64706 0.79216
0.52549 0.64314 0.78039
0.52941 0.64706 0.78431
0.52941 0.65098 0.78431
0.50196 0.63529 0.78039
0.5098 0.64314 0.78824
0.50588 0.63922 0.78431
0.51373 0.63922 0.78824
0.51765 0.64314 0.79216
0.52549 0.65098 0.79608
0.52157 0.65098 0.78824
0.51765 0.64706 0.78431
0.51765 0.64706 0.78431
0.51765 0.64706 0.78431
0.52157 0.64706 0.79216
0.51765 0.64314 0.79216
0.51373 0.64314 0.78039
0.52549 0.65098 0.78431
0.53725 0.6549 0.79608
0.52941 0.64706 0.78824
0.52549 0.64314 0.78431
0.52941 0.64706 0.78039
0.50196 0.63529 0.78039
0.50588 0.63922 0.78431
0.5098 0.63922 0.78824
0.51373 0.63922 0.78824
0.51765 0.64314 0.79216
0.51765 0.64706 0.79216
0.51765 0.64706 0.78431
0.52157 0.65098 0.78824
0.52157 0.65098 0.78824
0.51765 0.64706 0.78431
0.52157 0.64706 0.78824
0.52157 0.64706 0.79608
0.52157 0.65098 0.78824
0.52941 0.6549 0.78824
0.53333 0.65098 0.79216
0.53725 0.6549 0.79608
0.53725 0.6549 0.79216
0.53333 0.65098 0.78824
0.53333 0.65098 0.78039
0.49804 0.63137 0.77647
0.50588 0.63922 0.78431
0.51373 0.64314 0.78824
0.51373 0.63922 0.78824
0.51373 0.63922 0.78824
0.51765 0.64314 0.78431
0.51373 0.64314 0.78039
0.52549 0.6549 0.79216
0.52549 0.6549 0.79216
0.51765 0.64706 0.78431
0.51765 0.64314 0.78431
0.52157 0.65098 0.79608
0.52941 0.65882 0.79608
0.52549 0.6549 0.78824
0.52941 0.64706 0.78824
0.53333 0.65098 0.78824
0.54118 0.65882 0.79608
0.53725 0.6549 0.78824
0.53333 0.6549 0.78431
0.50588 0.63922 0.78431
0.50588 0.63922 0.78431
0.50588 0.63922 0.78431
0.5098 0.63922 0.78824
0.52157 0.64706 0.79608
0.52157 0.65098 0.79216
0.51765 0.64706 0.78431
0.51373 0.64314 0.78039
0.51765 0.64706 0.78431
0.52549 0.6549 0.79216
0.52157 0.65098 0.78824
0.52157 0.65098 0.78824
0.52157 0.65098 0.78824
0.52157 0.65098 0.78824
0.52549 0.6549 0.78824
0.52941 0.64706 0.78039
0.53333 0.64706 0.78039
0.53725 0.6549 0.78824
0.53725 0.6549 0.78824
0.53725 0.6549 0.78824
0.53725 0.6549 0.78824
0.50588 0.63922 0.78431
0.50588 0.64314 0.78824
0.50588 0.63922 0.78431
0.51765 0.63922 0.79216
0.52157 0.65098 0.78824
0.52157 0.65098 0.78824
0.51765 0.64706 0.78431
0.51373 0.64314 0.78039
0.52157 0.65098 0.78824
0.51765 0.64706 0.78431
0.52157 0.6549 0.79216
0.52157 0.65098 0.78824
0.51373 0.64314 0.78039
0.52157 0.64706 0.78431
0.52941 0.64706 0.78431
0.53333 0.65098 0.79216
0.52941 0.64706 0.78824
0.53333 0.65098 0.78431
0.53333 0.65098 0.78431
0.53333 0.65098 0.78431
0.5098 0.64314 0.78431
0.50588 0.63922 0.78431
0.5098 0.63922 0.78431
0.51765 0.64314 0.79216
0.51765 0.64706 0.78431
0.51765 0.64706 0.78431
0.51765 0.64706 0.78431
0.51765 0.64706 0.78431
0.52157 0.65098 0.78824
0.51765 0.64706 0.78431
0.52157 0.65098 0.78824
0.52157 0.65098 0.78824
0.51373 0.64314 0.78039
0.52549 0.65098 0.78824
0.53333 0.64706 0.79216
0.53333 0.65098 0.79216
0.52941 0.64706 0.78824
0.53333 0.65098 0.78431
0.53333 0.65098 0.78431
0.53333 0.65098 0.78431
0.50588 0.63922 0.78431
0.5098 0.64314 0.78824
0.5098 0.64314 0.78039
0.51373 0.64314 0.78039
0.51765 0.64706 0.78431
0.52157 0.65098 0.78824
0.51373 0.64314 0.78039
0.51765 0.64706 0.78431
0.51765 0.64706 0.78431
0.51765 0.64706 0.78431
0.52157 0.64314 0.78431
0.52549 0.64314 0.78431
0.52941 0.64706 0.78824
0.52549 0.64314 0.78431
0.52941 0.64706 0.78824
0.53725 0.64706 0.79216
0.5451 0.6549 0.8
0.53333 0.64706 0.78824
0.53333 0.65098 0.79216
0.53333 0.65098 0.78824
0.5098 0.64314 0.78824
0.51373 0.64706 0.78431
0.51373 0.64314 0.78039
0.51765 0.64706 0.78431
0.52157 0.65098 0.78824
0.51765 0.64706 0.78431
0.52549 0.6549 0.79216
0.52941 0.65882 0.79608
0.52549 0.6549 0.79216
0.52941 0.64706 0.78824
0.52941 0.64706 0.78431
0.52941 0.64706 0.78431
0.53333 0.65098 0.78824
0.53333 0.64706 0.78824
0.53725 0.64706 0.79216
0.54118 0.65098 0.79608
0.53725 0.64706 0.79216
0.53725 0.6549 0.79608
0.53725 0.6549 0.78824
0.50588 0.63922 0.78431
0.50588 0.63922 0.78431
0.50588 0.63922 0.77647
0.51373 0.64314 0.78039
0.52157 0.65098 0.78824
0.52157 0.65098 0.78824
0.51765 0.64706 0.78431
0.52549 0.6549 0.79216
0.52157 0.65098 0.78824
0.52549 0.6549 0.79216
0.52941 0.64706 0.78824
0.52941 0.64706 0.78431
0.53333 0.65098 0.78431
0.53333 0.65098 0.78431
0.53333 0.65098 0.78431
0.53725 0.64706 0.79216
0.54118 0.65098 0.79608
0.54118 0.65098 0.79608
0.53725 0.65098 0.79608
0.53333 0.6549 0.78824
0.5098 0.64314 0.78824
0.50588 0.63922 0.78431
0.5098 0.64314 0.78824
0.51373 0.64314 0.78431
0.51765 0.64706 0.78431
0.52549 0.64706 0.78431
0.52157 0.64314 0.78431
0.52941 0.64706 0.78824
0.52157 0.64706 0.78431
0.52157 0.65098 0.78824
0.52941 0.6549 0.78824
0.52941 0.65882 0.78824
0.52549 0.6549 0.78431
0.53333 0.65882 0.78824
0.52549 0.6549 0.78431
0.52549 0.65098 0.78431
0.53333 0.6549 0.79608
0.53725 0.65098 0.8
0.52941 0.6549 0.79608
0.52941 0.6549 0.79216
0.52941 0.6549 0.78431
0.5098 0.64314 0.78824
0.50588 0.63922 0.78431
0.5098 0.64314 0.78824
0.51373 0.64706 0.79216
0.51765 0.65098 0.79216
0.51765 0.64706 0.78431
0.52941 0.64706 0.78824
0.52941 0.64706 0.78824
0.53333 0.64706 0.78824
0.52549 0.65098 0.78824
0.52157 0.6549 0.78824
0.52549 0.6549 0.78431
0.52157 0.6549 0.78039
0.52549 0.6549 0.78431
0.52549 0.6549 0.78431
0.52549 0.6549 0.78431
0.52549 0.65882 0.78824
0.52941 0.65098 0.79216
0.53333 0.65098 0.8
0.52549 0.6549 0.79216
0.52549 0.6549 0.79216
0.53333 0.66275 0.79216
0.51373 0.64706 0.79216
0.5098 0.64314 0.78824
0.5098 0.64314 0.78431
0.5098 0.64314 0.78431
0.51373 0.64314 0.78039
0.52549 0.64706 0.78431
0.53333 0.65098 0.79216
0.52941 0.64706 0.78824
0.52941 0.6549 0.79216
0.52157 0.6549 0.78824
0.51765 0.65098 0.78039
0.52157 0.65098 0.78039
0.52157 0.65098 0.78039
0.52549 0.6549 0.78431
0.52941 0.65882 0.78824
0.52157 0.6549 0.78431
0.52549 0.64706 0.78824
0.53333 0.65098 0.8
0.52549 0.6549 0.79216
0.52941 0.65882 0.79216
0.52549 0.6549 0.78431
0.51373 0.64314 0.78824
0.52549 0.6549 0.78824
0.52941 0.6549 0.79216
0.52549 0.64706 0.78824
0.53333 0.65098 0.79216
0.52941 0.65098 0.79216
0.52549 0.64706 0.78824
0.53333 0.65098 0.78824
0.52941 0.6549 0.78824
0.52941 0.65882 0.78824
0.52941 0.65882 0.78824
0.52549 0.6549 0.78431
0.52549 0.6549 0.78824
0.53333 0.6549 0.79608
0.53333 0.65098 0.79608
0.53333 0.6549 0.78824
0.53725 0.65882 0.79216
0.51765 0.64314 0.78824
0.52157 0.65098 0.78824
0.52157 0.6549 0.79216
0.52549 0.6549 0.79216
0.53333 0.65098 0.79216
0.53333 0.65098 0.79216
0.52941 0.64706 0.78824
0.54118 0.65882 0.8
0.52941 0.65098 0.78824
0.52941 0.65882 0.78824
0.53333 0.66275 0.79216
0.52157 0.65098 0.78431
0.52549 0.6549 0.79216
0.53725 0.65882 0.8
0.53333 0.65098 0.79216
0.53725 0.6549 0.78824
0.54118 0.6549 0.78824
0.54118 0.65882 0.79216
0.51765 0.64706 0.79216
0.51765 0.64706 0.78431
0.51765 0.64706 0.78431
0.52941 0.65882 0.79608
0.53333 0.65098 0.79216
0.53333 0.65098 0.79216
0.53333 0.65098 0.79216
0.54118 0.65882 0.8
0.53333 0.65882 0.79216
0.52549 0.6549 0.78431
0.52549 0.6549 0.78431
0.52941 0.65882 0.78824
0.52941 0.65882 0.78824
0.53725 0.65882 0.79216
0.5451 0.66275 0.79608
0.53725 0.6549 0.78824
0.53725 0.6549 0.78824
0.54118 0.65882 0.79216
0.52549 0.64706 0.79608
0.52549 0.65098 0.79216
0.52157 0.65098 0.78824
0.52549 0.6549 0.79216
0.53333 0.6549 0.79216
0.53333 0.6549 0.79216
0.53333 0.65098 0.78824
0.53333 0.65098 0.78824
0.53725 0.6549 0.79216
0.52941 0.6549 0.78824
0.52549 0.64706 0.78431
0.53333 0.65882 0.79216
0.52549 0.65098 0.78431
0.53725 0.65882 0.79216
0.53725 0.6549 0.78824
0.53725 0.6549 0.78824
0.53333 0.65098 0.78431
0.51373 0.64706 0.79216
0.51765 0.64314 0.79216
0.52549 0.64314 0.79216
0.52549 0.65098 0.79216
0.52549 0.6549 0.78824
0.52549 0.65882 0.78431
0.53333 0.6549 0.78431
0.53725 0.65098 0.78431
0.53725 0.65882 0.78824
0.5451 0.66275 0.8
0.53333 0.65098 0.79216
0.52941 0.64706 0.78824
0.53333 0.6549 0.79216
0.54118 0.65882 0.79216
0.54118 0.65882 0.79216
0.5098 0.64314 0.78039
0.51765 0.64706 0.78824
0.52549 0.64706 0.78824
0.52157 0.64706 0.78824
0.52549 0.6549 0.79216
0.52941 0.65882 0.78824
0.52941 0.65882 0.78824
0.53333 0.65882 0.78824
0.53725 0.66667 0.79608
0.53333 0.6549 0.78824
0.53333 0.65098 0.78431
0.53725 0.6549 0.78824
0.54118 0.66275 0.79608
0.54118 0.65882 0.79216
0.54118 0.65882 0.79216
0.53725 0.6549 0.78824
0.54118 0.6549 0.79216
0.51373 0.64706 0.78431
0.52549 0.6549 0.78824
0.52549 0.65098 0.78824
0.52941 0.6549 0.79608
0.52549 0.65098 0.78824
0.53333 0.65882 0.79216
0.53725 0.66275 0.79608
0.52549 0.6549 0.78431
0.52549 0.65882 0.78431
0.52549 0.65098 0.78039
0.53333 0.65098 0.78824
0.53333 0.65098 0.78431
0.53333 0.6549 0.78824
0.52941 0.64706 0.78039
0.53725 0.6549 0.78824
0.5098 0.64706 0.78824
0.5098 0.64314 0.78431
0.51373 0.64706 0.78431
0.51765 0.65098 0.78431
0.52941 0.64706 0.78824
0.53333 0.65098 0.79216
0.54118 0.65882 0.8
0.53333 0.65882 0.79216
0.52549 0.6549 0.78431
0.52941 0.65882 0.78824
0.53333 0.65882 0.79216
0.53725 0.65098 0.79608
0.53333 0.65098 0.78824
0.53333 0.65098 0.78431
0.51373 0.64706 0.78824
0.51373 0.64706 0.78824
0.52549 0.65098 0.79608
0.52941 0.65098 0.79216
0.53333 0.64706 0.78824
0.53333 0.65098 0.79216
0.52549 0.65098 0.78824
0.52549 0.65882 0.79216
0.52941 0.65882 0.79216
0.52941 0.65882 0.79608
0.53333 0.65882 0.79608
0.53333 0.65882 0.79216
0.52549 0.64706 0.78824
0.52941 0.65098 0.79216
0.53333 0.6549 0.79608
0.53333 0.65882 0.79608
0.52941 0.65882 0.79608
0.52549 0.65098 0.79216
0.52549 0.6549 0.79216
0.52549 0.6549 0.79216
0.52941 0.65882 0.79216
0.52549 0.65098 0.79608
0.52157 0.65098 0.78824
0.53333 0.6549 0.79608
0.53725 0.6549 0.79608
0.53725 0.6549 0.79608
0.52941 0.6549 0.79216
0.52549 0.6549 0.79216
0.52549 0.6549 0.79608
0.52941 0.6549 0.8
0.52157 0.65098 0.78824
0.52941 0.65098 0.79216
0.53725 0.6549 0.79608
0.54118 0.65882 0.8
0.53333 0.6549 0.79608
0.52941 0.65882 0.79608
0.53333 0.66275 0.8
0.52941 0.6549 0.8
0.52941 0.65882 0.79608
0.52941 0.6549 0.79216
0.53725 0.6549 0.79608
0.54118 0.65882 0.8
0.53333 0.6549 0.79608
0.51373 0.64706 0.78824
0.52157 0.65098 0.79216
0.52549 0.6549 0.79216
0.54118 0.65882 0.8
