0.49804 0.56863 0.68627
0.49804 0.56863 0.68627
0.50196 0.57255 0.6902
0.50588 0.56863 0.68627
0.49804 0.57255 0.6902
0.50196 0.57255 0.6902
0.50196 0.57255 0.6902
0.50196 0.56863 0.68627
0.50588 0.57255 0.6902
0.50588 0.57255 0.6902
0.50196 0.57255 0.6902
0.5098 0.57647 0.69412
0.50588 0.57255 0.6902
0.50196 0.56863 0.68627
0.50588 0.57255 0.6902
0.50196 0.56863 0.68627
0.5098 0.57647 0.69412
0.51373 0.58039 0.69804
0.5098 0.57647 0.69412
0.5098 0.57647 0.69412
0.50588 0.57255 0.6902
0.50196 0.56863 0.68627
0.50588 0.57255 0.6902
0.50588 0.57255 0.6902
0.50196 0.56863 0.68627
0.5098 0.57647 0.69412
0.5098 0.57647 0.69412
0.5098 0.57647 0.69412
0.50588 0.56863 0.6902
0.50588 0.57255 0.6902
0.50588 0.57255 0.6902
