0.92941 0.81961 0.67451
0.91373 0.8 0.66275
0.93725 0.82353 0.68627
0.92157 0.81176 0.66667
0.94118 0.83137 0.67843
0.93725 0.82745 0.67843
0.92549 0.81569 0.67451
0.92549 0.81176 0.67843
0.93333 0.82353 0.67843
0.91765 0.80784 0.66275
0.91765 0.80784 0.6549
0.92941 0.81176 0.68235
0.92549 0.81569 0.68627
0.91373 0.80392 0.67843
0.91765 0.81176 0.66667
0.89412 0.79608 0.64706
0.88627 0.77647 0.67059
0.92549 0.82353 0.70196
0.92549 0.81569 0.69412
0.8902 0.80784 0.68627
0.92157 0.82745 0.7098
0.91765 0.80784 0.68627
