0.81569 0.78431 0.73725
0.82353 0.79216 0.74118
0.83137 0.8 0.75294
0.81961 0.78824 0.7451
0.82745 0.79608 0.74902
0.83137 0.8 0.75294
0.83137 0.8 0.75686
0.81961 0.78824 0.74118
0.82745 0.79608 0.7451
0.83137 0.8 0.7451
0.83922 0.80784 0.75294
0.79608 0.76471 0.71765
0.80784 0.77647 0.72549
0.82745 0.8 0.74118
0.83137 0.80392 0.7451
0.83529 0.80784 0.74902
0.81961 0.78824 0.74118
0.82353 0.78431 0.73333
0.83529 0.8 0.7451
0.83529 0.80392 0.75294
0.82353 0.79216 0.7451
0.83137 0.79608 0.7451
0.83529 0.80392 0.74902
0.83529 0.80392 0.75294
