0.48627 0.56078 0.67843
0.50196 0.56471 0.68235
0.48235 0.56078 0.68235
0.48627 0.56078 0.68235
0.48627 0.56078 0.68235
0.4902 0.56471 0.68235
0.48627 0.55686 0.67451
0.49412 0.56471 0.6902
0.4902 0.56471 0.6902
0.4902 0.56078 0.6902
0.4902 0.56078 0.68235
0.4902 0.56078 0.67843
0.46275 0.52549 0.64706
0.49804 0.56078 0.69412
0.49804 0.56078 0.6902
0.49804 0.56471 0.68627
0.50196 0.56471 0.68235
0.46275 0.52157 0.64314
0.49804 0.56471 0.68627
0.49804 0.56863 0.68235
0.49804 0.56863 0.68235
0.47843 0.54118 0.66275
0.49804 0.56863 0.68235
0.4902 0.55686 0.67059
0.47843 0.5451 0.66275
