0.17255 0.27059 0.43137
0.17255 0.27059 0.43137
0.19216 0.27843 0.43529
0.24706 0.33333 0.4902
0.18824 0.27843 0.43922
0.18039 0.27451 0.43529
0.17255 0.26667 0.42745
0.17255 0.27451 0.43529
0.17647 0.27059 0.43137
0.19216 0.27451 0.43922
0.24314 0.29412 0.44314
0.25098 0.3098 0.4549
0.17647 0.27059 0.42353
0.18039 0.27451 0.43529
0.18824 0.27843 0.43922
0.18824 0.28235 0.44706
0.18824 0.27451 0.43922
0.21569 0.28627 0.45098
0.36863 0.41176 0.55294
0.33725 0.38824 0.52549
0.16863 0.25098 0.40392
0.16078 0.25882 0.41961
0.18039 0.27843 0.43922
0.18039 0.27451 0.43529
0.18039 0.27059 0.43137
0.17647 0.26667 0.43922
0.17647 0.26275 0.43137
0.18039 0.2549 0.42353
0.25098 0.31765 0.47451
0.26667 0.34118 0.49412
0.16863 0.2549 0.41176
0.16863 0.25882 0.41961
0.16863 0.25882 0.41961
0.18039 0.27059 0.43137
0.18039 0.27451 0.43922
0.17647 0.27451 0.43529
0.18039 0.27451 0.43529
0.17255 0.26667 0.42745
0.17255 0.27059 0.43529
0.16863 0.26275 0.43137
0.16471 0.25882 0.42353
0.15686 0.25098 0.41961
0.16471 0.25882 0.42745
0.16863 0.26275 0.41961
0.17255 0.26667 0.42353
0.17647 0.26667 0.42745
0.18039 0.26667 0.42745
0.18431 0.28235 0.44314
0.18824 0.28627 0.44706
0.17647 0.27451 0.43529
0.16863 0.26667 0.42745
0.16471 0.26275 0.42353
0.16863 0.26667 0.42745
0.16863 0.26667 0.42745
0.16863 0.26667 0.42745
0.17255 0.27451 0.43137
0.16471 0.26275 0.41961
0.16471 0.25882 0.41569
0.18039 0.27059 0.43137
0.18039 0.27059 0.43137
0.18431 0.27451 0.43529
0.18824 0.28627 0.44706
0.19216 0.2902 0.44314
0.18824 0.28627 0.44314
0.17647 0.27451 0.43137
0.17255 0.27059 0.42745
0.16863 0.26667 0.42745
0.17647 0.27451 0.43529
0.16863 0.26667 0.42745
0.15686 0.2549 0.41961
0.16863 0.26667 0.42353
0.15686 0.25882 0.41176
0.16078 0.2549 0.41569
0.18039 0.27059 0.43137
0.17255 0.26275 0.42353
0.18431 0.27451 0.43529
0.19216 0.29412 0.45098
0.18824 0.29412 0.44314
0.18431 0.28627 0.43922
0.17647 0.27451 0.43137
0.18431 0.27843 0.43529
0.17255 0.27059 0.43137
0.17255 0.27059 0.43137
0.17255 0.27059 0.43529
0.16471 0.26667 0.42745
0.16078 0.26275 0.41961
0.16471 0.26275 0.42353
0.17255 0.26667 0.42353
0.18431 0.27451 0.43529
0.18039 0.27059 0.43137
0.18431 0.27451 0.43529
0.19608 0.29804 0.45882
0.18824 0.2902 0.45098
0.19216 0.2902 0.45098
0.19216 0.28627 0.45098
0.18824 0.27843 0.43922
0.17255 0.26667 0.42745
0.16863 0.26667 0.42745
0.17255 0.26667 0.43922
0.16471 0.26275 0.42745
0.15686 0.2549 0.41569
0.15686 0.25098 0.41569
0.17647 0.26667 0.42745
0.19216 0.27843 0.43922
0.18431 0.27059 0.43137
0.17647 0.26667 0.42745
0.17255 0.26275 0.42353
0.19216 0.2902 0.45098
0.19608 0.28627 0.45098
0.19216 0.28627 0.44706
0.16863 0.26667 0.42745
0.16863 0.26667 0.42353
0.17255 0.27059 0.43137
0.16863 0.26275 0.43529
0.15686 0.25098 0.42353
0.16863 0.26275 0.43137
0.16863 0.2549 0.42745
0.16863 0.2549 0.41961
0.17647 0.27059 0.43137
0.17647 0.26667 0.42745
0.18431 0.27451 0.43529
0.18039 0.27059 0.43137
0.19608 0.28627 0.4549
0.19216 0.27843 0.45098
0.17647 0.27059 0.44314
0.17255 0.27059 0.43922
0.17255 0.27451 0.43137
0.17647 0.27451 0.43529
0.16471 0.25882 0.42745
0.16471 0.2549 0.42745
0.17255 0.25882 0.43137
0.16471 0.24706 0.42353
0.16078 0.24706 0.41569
0.17255 0.26667 0.42745
0.17255 0.27059 0.42745
0.17647 0.27059 0.42745
0.18431 0.27843 0.43922
0.18431 0.27451 0.43529
0.18824 0.27451 0.45098
0.18039 0.27451 0.4549
0.18039 0.27451 0.45098
0.18039 0.27843 0.44314
0.17647 0.27059 0.43137
0.16863 0.26275 0.42353
0.16863 0.26275 0.42353
0.17647 0.26275 0.43529
0.17647 0.26275 0.43529
0.16863 0.25882 0.42353
0.18039 0.26667 0.43137
0.17647 0.26275 0.42745
0.16863 0.25882 0.42353
0.17647 0.27451 0.43529
0.17647 0.27451 0.43529
0.17647 0.27059 0.43137
0.18431 0.27843 0.45098
0.19216 0.28235 0.45882
0.18431 0.27843 0.44706
0.18431 0.27843 0.44314
0.17647 0.26667 0.43137
0.17255 0.26275 0.42745
0.17647 0.26667 0.42745
0.18039 0.26667 0.43922
0.18039 0.26275 0.43529
0.18039 0.26275 0.43137
0.18431 0.26667 0.43137
0.17647 0.26275 0.42745
0.17255 0.26275 0.42745
0.17647 0.27451 0.43529
0.17647 0.27451 0.43529
0.17647 0.27059 0.42745
0.18824 0.27843 0.44706
0.18824 0.27843 0.44314
0.18039 0.27059 0.43137
0.17255 0.27059 0.42745
0.17255 0.26667 0.42745
0.16863 0.26275 0.42353
0.16471 0.26275 0.43137
0.16471 0.26275 0.43137
0.16078 0.2549 0.41569
0.18039 0.26275 0.43137
0.18431 0.27059 0.43529
0.18824 0.27843 0.44314
0.17255 0.27059 0.43137
0.17647 0.27451 0.43529
0.17255 0.26667 0.42745
0.18039 0.28235 0.43922
0.18824 0.28235 0.43922
0.18431 0.27451 0.43529
0.17647 0.27059 0.43137
0.17255 0.26275 0.42745
0.17255 0.26667 0.43137
0.17647 0.27059 0.43137
0.16863 0.26275 0.42745
0.16863 0.25882 0.42353
0.17255 0.26275 0.42353
0.17647 0.27059 0.43137
0.16471 0.27059 0.42353
0.16863 0.27451 0.43137
0.18431 0.28235 0.44314
0.17255 0.27059 0.43137
0.17647 0.27059 0.43137
0.19216 0.2902 0.44706
0.18824 0.27843 0.43922
0.18039 0.27843 0.43922
0.17647 0.27451 0.43529
0.16078 0.25882 0.41961
0.16471 0.2549 0.41569
0.17647 0.26667 0.42745
0.17647 0.27059 0.42745
0.18431 0.27451 0.43529
0.17647 0.26275 0.42353
0.16863 0.26275 0.41961
0.17647 0.27451 0.43137
0.17255 0.27059 0.43137
0.16863 0.26667 0.42745
0.16863 0.26667 0.42745
0.17647 0.27059 0.43529
0.16863 0.26275 0.42745
0.16078 0.2549 0.41961
0.16471 0.26275 0.42353
0.16078 0.25882 0.41961
