0.78824 0.7451 0.69804
0.8 0.76078 0.70588
0.81176 0.77647 0.71765
0.82353 0.79216 0.72549
0.83137 0.80392 0.74118
0.83922 0.81176 0.74902
0.84706 0.81961 0.76078
0.85098 0.82353 0.77255
0.85882 0.82353 0.77647
0.85882 0.82353 0.77255
0.85882 0.81961 0.76863
0.85882 0.82353 0.76863
0.85882 0.81961 0.76863
0.85098 0.81569 0.75686
0.81961 0.78824 0.73725
0.82353 0.79608 0.73333
0.83137 0.80392 0.74118
0.83922 0.81176 0.74902
0.83922 0.81176 0.74902
0.84314 0.81176 0.75686
0.84706 0.81569 0.76863
0.84706 0.81569 0.76471
0.85882 0.82745 0.77647
0.86275 0.83137 0.78039
0.85882 0.83137 0.77255
0.85882 0.82745 0.76471
0.85882 0.82353 0.76471
0.85098 0.81961 0.75686
0.77647 0.7451 0.69804
0.81961 0.78824 0.73725
0.82745 0.79608 0.74118
0.83529 0.80392 0.75294
0.83922 0.80784 0.75294
0.83529 0.80784 0.75294
0.84314 0.81176 0.76471
0.84314 0.81569 0.76863
0.84706 0.81961 0.76471
0.8549 0.82745 0.77255
0.8549 0.83137 0.77647
0.8549 0.83137 0.76863
0.85098 0.82745 0.76471
0.8549 0.82745 0.76471
0.85098 0.81961 0.76471
0.81569 0.78431 0.73725
0.82353 0.79216 0.74118
0.83137 0.8 0.75294
0.83922 0.80784 0.76078
0.84314 0.81176 0.76078
0.84314 0.80784 0.76078
0.84314 0.81176 0.76863
0.83922 0.80784 0.76471
0.84314 0.81569 0.76078
0.8549 0.82745 0.77255
0.8549 0.83137 0.77647
0.8549 0.83137 0.77255
0.85098 0.82745 0.76471
0.83922 0.81176 0.74902
0.82745 0.8 0.7451
0.81961 0.78824 0.7451
0.82745 0.79608 0.74902
0.83137 0.8 0.75294
0.83137 0.8 0.75686
0.83922 0.80784 0.76471
0.84314 0.81176 0.77255
0.84706 0.81569 0.76471
0.84314 0.81176 0.76078
0.84706 0.81569 0.76471
0.8549 0.82353 0.77255
0.85882 0.82745 0.77647
0.86275 0.82745 0.77255
0.84706 0.80784 0.74902
0.85098 0.81569 0.75686
0.85098 0.81569 0.76471
0.74902 0.71765 0.67451
0.81961 0.78824 0.74118
0.82745 0.79608 0.7451
0.83137 0.8 0.7451
0.83922 0.80784 0.75294
0.84314 0.81176 0.76078
0.85098 0.81961 0.76863
0.84706 0.81569 0.77255
0.84706 0.81569 0.76863
0.84706 0.81569 0.76471
0.85098 0.81961 0.76471
0.85098 0.81961 0.76863
0.8549 0.81961 0.76471
0.8549 0.81961 0.76078
0.8549 0.81961 0.76078
0.85098 0.81961 0.76471
0.79608 0.76471 0.71765
0.80784 0.77647 0.72549
0.82745 0.8 0.74118
0.83137 0.80392 0.7451
0.83529 0.80784 0.74902
0.84706 0.81961 0.75686
0.84706 0.81569 0.76471
0.84706 0.81569 0.77255
0.84706 0.81569 0.77255
0.85098 0.81961 0.76863
0.85098 0.81961 0.77255
0.8549 0.82353 0.77255
0.8549 0.82353 0.76471
0.8549 0.81961 0.76078
0.84706 0.81176 0.75294
0.84706 0.81569 0.76078
0.69804 0.66667 0.62353
0.81961 0.78824 0.74118
0.82353 0.78431 0.73333
0.83529 0.8 0.7451
0.83529 0.80392 0.75294
0.83922 0.81176 0.75686
0.84706 0.81569 0.76078
0.84706 0.81961 0.76078
0.85098 0.81961 0.76863
0.84706 0.81569 0.77255
0.85098 0.81961 0.77647
0.8549 0.82353 0.77647
0.85882 0.82745 0.77647
0.85098 0.81961 0.76863
0.85098 0.81961 0.76863
0.85098 0.81961 0.76863
0.84706 0.81961 0.76863
0.75294 0.72549 0.67843
0.82353 0.79216 0.7451
0.83137 0.79608 0.7451
0.83529 0.80392 0.74902
0.83529 0.80392 0.75294
0.84706 0.81569 0.76471
0.84706 0.81569 0.76078
0.8549 0.82353 0.76471
0.85098 0.81961 0.76863
0.84706 0.81569 0.77255
0.84706 0.81569 0.77647
0.8549 0.82353 0.77647
0.8549 0.82353 0.77255
0.8549 0.82353 0.77255
0.85098 0.81961 0.76863
0.85098 0.81961 0.76863
0.85098 0.82353 0.77255
0.84314 0.81961 0.76471
0.78824 0.76471 0.71765
0.81961 0.79608 0.74902
0.83922 0.81176 0.75294
0.84314 0.81176 0.75686
0.84314 0.81176 0.76078
0.84706 0.81569 0.76471
0.85098 0.82353 0.76863
0.85882 0.82745 0.77255
0.8549 0.82353 0.77255
0.85098 0.81961 0.77647
0.8549 0.82353 0.78039
0.8549 0.82353 0.78039
0.8549 0.82353 0.77255
0.8549 0.82353 0.77255
0.85882 0.82745 0.77647
0.8549 0.82353 0.77255
0.8549 0.82353 0.77255
0.85098 0.81961 0.76863
0.80784 0.78824 0.74118
0.82745 0.80392 0.75686
0.83922 0.81569 0.76078
0.84314 0.81961 0.76471
0.85098 0.82353 0.77255
0.85098 0.82745 0.77647
0.85098 0.82745 0.77647
0.85098 0.82745 0.77647
0.85098 0.82353 0.77647
0.85098 0.82745 0.78039
0.85882 0.83137 0.78039
0.85882 0.82745 0.77647
0.86275 0.83137 0.78039
0.85882 0.82745 0.77647
0.8549 0.82353 0.77255
0.85098 0.81961 0.76863
0.84706 0.81569 0.76471
0.84706 0.81569 0.76471
0.69804 0.67059 0.62745
0.81961 0.79608 0.74902
0.83137 0.80784 0.75686
0.83922 0.81569 0.76078
0.83922 0.81569 0.76078
0.85098 0.82745 0.77255
0.85098 0.82745 0.78039
0.8549 0.83137 0.78431
0.8549 0.83137 0.78431
0.8549 0.83137 0.78431
0.8549 0.83137 0.78431
0.86275 0.83137 0.78039
0.86275 0.83137 0.78039
0.85882 0.82745 0.77647
0.85882 0.82745 0.77647
0.85882 0.82745 0.77647
0.85098 0.81961 0.76863
0.85098 0.81961 0.76863
0.8549 0.82353 0.77255
0.76863 0.73725 0.69412
0.82353 0.8 0.75294
0.83529 0.81176 0.76078
0.84314 0.81961 0.76471
0.84314 0.81961 0.76078
0.84706 0.82353 0.76863
0.8549 0.83137 0.78431
0.85098 0.82745 0.78039
0.85098 0.82745 0.78039
0.8549 0.83137 0.78431
0.85882 0.83137 0.78431
0.85882 0.83137 0.78039
0.85882 0.82745 0.77647
0.86667 0.83529 0.78431
0.86667 0.83529 0.78431
0.8549 0.82353 0.77255
0.85098 0.82353 0.76863
0.85098 0.81961 0.76863
0.8549 0.82353 0.77255
0.8 0.77255 0.72549
0.83137 0.80784 0.75686
0.83137 0.81176 0.75686
0.84314 0.81961 0.76471
0.83922 0.81961 0.76078
0.84314 0.81961 0.76471
0.84314 0.81961 0.76863
0.8549 0.82745 0.77647
0.8549 0.82353 0.77647
0.85098 0.82353 0.77255
0.85882 0.82745 0.78039
0.85882 0.82745 0.77647
0.85882 0.82745 0.77647
0.85882 0.82745 0.77647
0.86275 0.82745 0.78039
0.85882 0.82353 0.77255
0.85098 0.81176 0.76471
0.8549 0.81961 0.76863
0.85098 0.81961 0.76863
0.81176 0.78431 0.74118
0.83529 0.80784 0.75686
0.84314 0.81961 0.76471
0.84706 0.82353 0.76863
0.84706 0.81961 0.76471
0.84706 0.82353 0.76863
0.85098 0.82745 0.77255
0.85098 0.82353 0.77255
0.8549 0.82353 0.76863
0.84706 0.81569 0.76471
0.85882 0.82745 0.77647
0.86275 0.83137 0.78039
0.85882 0.82745 0.77647
0.85882 0.82745 0.77647
0.86275 0.82745 0.77647
0.85882 0.81961 0.77255
0.84314 0.80392 0.75686
0.84706 0.81176 0.76471
0.84314 0.81569 0.76863
0.81961 0.79216 0.74902
0.83529 0.80784 0.76078
0.84706 0.81569 0.76471
0.84706 0.81569 0.76471
0.8549 0.82353 0.77255
0.8549 0.82353 0.77255
0.85882 0.82745 0.77647
0.8549 0.82353 0.77255
0.8549 0.82353 0.77255
0.8549 0.82353 0.77255
0.85882 0.82353 0.77255
0.85882 0.82745 0.77647
0.8549 0.82353 0.77255
0.85882 0.82745 0.77647
0.86275 0.82353 0.77647
0.85882 0.81961 0.77255
0.8549 0.81569 0.76863
0.85882 0.82745 0.78039
0.85882 0.83529 0.79216
0.83922 0.81176 0.76078
0.85098 0.81961 0.76863
0.84706 0.81569 0.76471
0.8549 0.82353 0.77255
0.86275 0.83137 0.78039
0.86667 0.83529 0.78431
0.85882 0.82745 0.77255
0.86275 0.82745 0.77647
0.85882 0.82745 0.77647
0.85882 0.83137 0.78039
0.86275 0.83137 0.78039
0.86275 0.82745 0.77647
0.87059 0.83529 0.78824
0.88627 0.85098 0.8
0.86667 0.83137 0.78431
0.79608 0.76078 0.71373
0.84314 0.81176 0.76078
0.85098 0.81961 0.76863
0.8549 0.82353 0.77255
0.8549 0.82353 0.77255
0.85882 0.82745 0.77647
0.86275 0.83137 0.78039
0.8549 0.82353 0.76863
0.8549 0.82353 0.76078
0.85882 0.83137 0.77255
0.85882 0.83137 0.78039
0.87059 0.83922 0.78824
0.88235 0.85098 0.8
0.79216 0.76078 0.7098
0.84706 0.81569 0.76471
0.8549 0.82353 0.77255
0.8549 0.82353 0.77255
0.85882 0.82745 0.77647
0.8549 0.82745 0.77255
0.85882 0.83137 0.76863
0.86275 0.83529 0.77255
0.87059 0.83922 0.77255
0.78824 0.75294 0.69412
0.8549 0.81961 0.76863
0.8549 0.82353 0.77255
0.8549 0.82353 0.76863
0.84314 0.81569 0.76078
0.85882 0.83137 0.76863
0.84314 0.81569 0.7451
0.69412 0.65098 0.58039
0.8549 0.81961 0.76078
0.85882 0.82353 0.76471
0.85882 0.81961 0.76471
0.81176 0.77255 0.69804
0.62745 0.57255 0.49804
0.85882 0.81961 0.76078
0.84706 0.8 0.71765
