0.56863 0.68627 0.79216
0.56863 0.68627 0.78824
0.57255 0.6902 0.79216
0.57647 0.6902 0.79216
0.56863 0.68627 0.79216
0.56471 0.68235 0.78431
0.56863 0.68627 0.78824
0.57255 0.68627 0.79216
0.56863 0.68627 0.79216
0.56471 0.68235 0.78431
0.57255 0.6902 0.79216
0.57255 0.6902 0.79216
0.56863 0.6902 0.79608
0.57255 0.68627 0.79608
0.56471 0.68627 0.79216
0.56471 0.68627 0.79608
0.56863 0.68627 0.79608
0.56078 0.68235 0.79216
0.56471 0.68235 0.78431
0.56471 0.68235 0.78824
0.56863 0.68627 0.79216
0.57255 0.69412 0.79216
0.57255 0.68627 0.79216
0.56863 0.68627 0.78824
