0.10588 0.12157 0.062745
0.090196 0.10588 0.043137
0.094118 0.10588 0.047059
0.078431 0.094118 0.031373
0.094118 0.1098 0.047059
0.12157 0.14118 0.082353
0.090196 0.10588 0.047059
0.078431 0.094118 0.035294
0.11373 0.12941 0.07451
0.098039 0.1098 0.058824
0.098039 0.1098 0.047059
0.13725 0.16078 0.10588
0.12941 0.1451 0.094118
0.058824 0.078431 0.027451
0.10196 0.12157 0.066667
0.1098 0.12157 0.070588
0.098039 0.12941 0.058824
0.082353 0.10588 0.05098
0.090196 0.1098 0.058824
0.098039 0.11373 0.058824
0.098039 0.1098 0.058824
