0.25098 0.36471 0.50588
0.24706 0.36471 0.50588
0.23922 0.35686 0.49804
0.24314 0.36078 0.50196
0.23922 0.35686 0.49804
0.2549 0.37255 0.51373
0.24314 0.36471 0.50588
0.24314 0.36471 0.50196
0.23529 0.35686 0.49804
0.24706 0.36471 0.50588
0.24706 0.36471 0.50588
0.24706 0.36078 0.50588
0.23137 0.3451 0.4902
0.24314 0.35686 0.50196
0.24706 0.36471 0.50588
0.24314 0.36078 0.50196
0.25098 0.36471 0.5098
0.24314 0.36078 0.50196
0.23922 0.35686 0.49804
0.24314 0.35686 0.50196
0.25098 0.36078 0.50588
0.24706 0.36078 0.50196
0.2549 0.36471 0.50588
