0.13333 0.18431 0.31373
0.12941 0.18039 0.3098
0.13333 0.18431 0.31765
0.13333 0.18824 0.31765
0.12549 0.17647 0.3098
0.11765 0.16863 0.30196
0.13333 0.18431 0.31765
0.12941 0.18431 0.3098
0.11765 0.18431 0.29412
0.12157 0.18039 0.29804
0.11373 0.16471 0.29804
0.12157 0.17255 0.30588
0.13725 0.18824 0.32157
0.13725 0.19216 0.31373
0.12549 0.18431 0.30196
0.11765 0.16863 0.27451
0.11373 0.17255 0.29804
0.12549 0.18039 0.30588
0.12549 0.17647 0.30196
0.12549 0.18431 0.30588
0.14118 0.19216 0.31765
0.16471 0.19216 0.27059
0.13333 0.18824 0.3098
0.12941 0.18431 0.29804
0.12157 0.18039 0.29412
0.13333 0.17647 0.28627
0.38431 0.38824 0.42353
0.12549 0.18039 0.30196
0.13333 0.18824 0.30196
0.12941 0.18431 0.30196
0.15686 0.19216 0.27451
0.6902 0.67059 0.6549
0.12941 0.18431 0.30196
0.11765 0.16863 0.29804
0.33725 0.36078 0.41961
0.65882 0.65882 0.67843
