0.32549 0.69412 0.89804
0.32157 0.68627 0.8902
0.33725 0.6902 0.8902
0.31765 0.6902 0.88627
0.32157 0.6902 0.89412
0.32157 0.68627 0.8902
0.32941 0.68235 0.88627
0.31765 0.68627 0.88627
0.31373 0.68235 0.88235
0.31373 0.68235 0.88235
0.31765 0.68627 0.88627
0.32157 0.68627 0.8902
0.33333 0.6902 0.89804
0.33725 0.6902 0.89412
0.34118 0.6902 0.8902
0.34902 0.68627 0.87843
0.31765 0.68627 0.87451
0.31765 0.68627 0.88235
0.31765 0.68235 0.88235
0.31373 0.68235 0.88235
0.31765 0.68627 0.88627
0.32157 0.6902 0.8902
0.32941 0.69412 0.89804
0.33333 0.6902 0.89412
0.33725 0.6902 0.88627
0.31765 0.58039 0.77255
0.34902 0.69804 0.8902
0.31765 0.68627 0.88235
0.32157 0.68627 0.88627
0.31765 0.68627 0.88627
0.31765 0.68627 0.88627
0.32157 0.69412 0.89412
0.32549 0.69804 0.89804
0.33333 0.69804 0.89412
0.22353 0.38824 0.55294
0.35686 0.67843 0.87843
0.32157 0.69412 0.89412
0.32157 0.6902 0.88235
0.31765 0.68627 0.88627
0.32549 0.6902 0.8902
0.32157 0.6902 0.8902
0.31765 0.68627 0.88627
0.32941 0.6902 0.8902
0.33725 0.70196 0.89804
0.25882 0.50196 0.67451
0.3451 0.69804 0.89804
0.32549 0.6902 0.8902
0.31765 0.68235 0.88235
0.3098 0.68627 0.88235
0.3098 0.68627 0.88235
0.31765 0.68235 0.88627
0.32549 0.68627 0.88627
0.33333 0.69412 0.89412
0.31765 0.61176 0.79608
0.32549 0.69804 0.89804
0.31765 0.68627 0.88627
0.32157 0.6902 0.88627
0.32549 0.6902 0.8902
0.32157 0.6902 0.8902
0.32549 0.68627 0.88627
0.32941 0.6902 0.8902
0.19608 0.38039 0.54902
0.32941 0.68235 0.87843
0.32549 0.6902 0.88627
0.32941 0.69412 0.88627
0.32941 0.68627 0.88235
0.32941 0.68627 0.88627
0.33333 0.68627 0.8902
0.33333 0.6902 0.89804
0.25882 0.47843 0.67059
0.33333 0.68627 0.88627
0.33333 0.68627 0.8902
