0.43137 0.50588 0.60392
0.41569 0.49804 0.58824
0.4 0.48235 0.58039
0.44314 0.51373 0.61961
0.43922 0.50588 0.62353
0.41961 0.49412 0.61569
0.38824 0.4902 0.62353
0.40784 0.49412 0.60392
0.4 0.47451 0.6
0.39216 0.46275 0.59608
0.40392 0.48627 0.61176
0.38824 0.49412 0.63137
0.3451 0.45882 0.61569
0.32941 0.44706 0.60392
0.43529 0.51373 0.62745
0.42353 0.50196 0.62353
0.4 0.47059 0.6
0.38039 0.45882 0.58431
0.39216 0.48235 0.61569
0.38431 0.48235 0.62745
0.3451 0.45882 0.61176
0.41569 0.49412 0.60392
0.41569 0.4902 0.61176
0.40784 0.48235 0.60784
0.38824 0.46667 0.59216
0.37647 0.46667 0.6
0.37255 0.47059 0.61569
0.3451 0.4549 0.61176
0.32157 0.44706 0.6
0.40392 0.48235 0.59216
0.41961 0.49412 0.61569
0.41176 0.48627 0.61176
0.4 0.47843 0.60784
0.37255 0.46275 0.59608
0.38039 0.47843 0.61961
0.3451 0.45882 0.61176
0.31765 0.44314 0.59608
0.40784 0.48627 0.59608
0.41961 0.49804 0.61569
0.41176 0.49412 0.61569
0.38824 0.46667 0.59608
0.37255 0.4549 0.58824
0.37255 0.47451 0.61961
0.34118 0.46275 0.61569
0.32157 0.44706 0.60392
0.41176 0.49412 0.60392
0.41961 0.50196 0.61961
0.41961 0.50196 0.62353
0.4 0.47843 0.60784
0.38824 0.46667 0.6
0.36863 0.47451 0.61961
0.34118 0.46667 0.61569
0.32549 0.45098 0.60392
0.44706 0.52941 0.63529
0.40392 0.48627 0.59608
0.41569 0.49804 0.61569
0.41176 0.49412 0.61569
0.39608 0.47059 0.6
0.39216 0.47059 0.60392
0.37255 0.47451 0.62353
0.34118 0.46275 0.61569
0.32941 0.4549 0.60784
0.44314 0.52157 0.63529
0.39608 0.47843 0.59216
0.40784 0.4902 0.61176
0.41961 0.50588 0.63137
0.39216 0.47843 0.6
0.38431 0.47451 0.6
0.37647 0.48627 0.62353
0.34118 0.46667 0.61569
0.32549 0.4549 0.60392
0.43137 0.50588 0.62353
0.40392 0.48627 0.60392
0.40392 0.49412 0.61569
0.41961 0.5098 0.63529
0.40392 0.49804 0.61569
0.38824 0.48627 0.60392
0.37647 0.4902 0.62353
0.34118 0.46667 0.61569
0.31765 0.44314 0.59608
0.40392 0.48235 0.6
0.4 0.48235 0.6
0.40392 0.4902 0.61176
0.38824 0.48235 0.60784
0.39216 0.48627 0.60784
0.4 0.49804 0.61961
0.38039 0.49412 0.63137
0.34902 0.47451 0.62353
0.32157 0.45098 0.6
0.41176 0.4902 0.60392
0.39608 0.47843 0.59216
0.41176 0.49804 0.61961
0.39608 0.48235 0.60392
0.39216 0.47843 0.6
0.39216 0.48627 0.60392
0.38039 0.49412 0.62353
0.35686 0.48235 0.63137
0.33333 0.46275 0.61176
0.45098 0.53333 0.63529
0.4 0.48235 0.59608
0.41569 0.49804 0.61961
0.40392 0.48627 0.6
0.40784 0.48627 0.6
0.39608 0.48627 0.60392
0.36863 0.48235 0.60784
0.35294 0.47843 0.62353
0.33333 0.45882 0.60784
0.3098 0.43529 0.58431
0.40784 0.48235 0.60392
0.41176 0.48627 0.60784
0.41961 0.49804 0.61176
0.42745 0.5098 0.62353
0.43529 0.52157 0.63922
0.38431 0.49804 0.62353
0.34902 0.47451 0.61961
0.33333 0.45882 0.60784
0.31765 0.44314 0.58824
0.41569 0.4902 0.60392
0.41176 0.48627 0.60784
0.42353 0.50196 0.61569
0.43529 0.51373 0.63137
0.41961 0.50588 0.62353
0.38431 0.49804 0.62745
0.3451 0.47451 0.62353
0.33333 0.45882 0.60784
0.31373 0.43922 0.58824
0.43137 0.5098 0.61569
0.41176 0.48627 0.6
0.41569 0.4902 0.61176
0.43137 0.50588 0.62745
0.40784 0.49804 0.61569
0.37647 0.48627 0.61961
0.34902 0.47843 0.62745
0.32549 0.45882 0.60784
0.30588 0.43922 0.58824
0.44314 0.52157 0.62745
0.40392 0.4902 0.6
0.40784 0.49804 0.61176
0.41176 0.50196 0.62353
0.4 0.4902 0.61569
0.37255 0.48627 0.62353
0.34118 0.47059 0.61961
0.32157 0.45882 0.60784
0.3098 0.44314 0.59216
0.46275 0.54118 0.65098
0.4 0.49412 0.6
0.38431 0.4902 0.6
0.38039 0.48235 0.6
0.37647 0.47451 0.6
0.37647 0.48627 0.63137
0.3451 0.47451 0.62745
0.32549 0.45882 0.60784
0.30588 0.43922 0.58824
0.4 0.49412 0.61176
0.39608 0.49804 0.61569
0.39608 0.50196 0.62353
0.39608 0.50588 0.63137
0.37647 0.49412 0.62745
0.36078 0.47843 0.62745
0.33333 0.45882 0.60784
0.31373 0.44706 0.58039
0.45882 0.5451 0.6549
0.39608 0.48627 0.60784
0.39608 0.4902 0.61176
0.38039 0.47843 0.60392
0.37647 0.47843 0.61176
0.36863 0.48235 0.61569
0.36078 0.47843 0.62353
0.33725 0.46275 0.60784
0.31373 0.44314 0.58431
0.37255 0.46667 0.58039
0.37255 0.46667 0.58824
0.40784 0.50196 0.62745
0.4 0.49412 0.62745
0.38431 0.48627 0.62353
0.36471 0.48235 0.61961
0.34118 0.46667 0.60784
0.31765 0.44706 0.59608
0.39216 0.48235 0.6
0.37255 0.46667 0.58824
0.38039 0.47059 0.59608
0.42745 0.51765 0.6549
0.39216 0.50196 0.63529
0.35686 0.48627 0.62353
0.33333 0.46275 0.60784
0.3098 0.43922 0.58824
0.39608 0.48627 0.60392
0.39216 0.4902 0.61176
0.38039 0.47059 0.6
0.4 0.4902 0.62745
0.38039 0.49412 0.62745
0.35686 0.48627 0.62353
0.33333 0.45882 0.60784
0.31373 0.44314 0.59216
0.44314 0.53333 0.65098
0.38431 0.48235 0.60392
0.4 0.4902 0.61961
0.40392 0.49412 0.63137
0.38431 0.49412 0.63137
0.36471 0.48627 0.62745
0.3451 0.46667 0.61569
0.32157 0.44314 0.59608
0.36863 0.46275 0.58039
0.38824 0.47451 0.6
0.38431 0.47843 0.60784
0.37255 0.47843 0.61569
0.36471 0.48235 0.62353
0.35294 0.47451 0.62353
0.31765 0.43922 0.59216
0.38824 0.48235 0.59608
0.38824 0.47843 0.6
0.37255 0.47059 0.59608
0.35686 0.46275 0.6
0.36471 0.48235 0.62353
0.34902 0.47059 0.61961
0.31765 0.44706 0.59608
0.45098 0.53725 0.64706
0.4 0.48627 0.60784
0.4 0.49804 0.62353
0.38039 0.48627 0.61961
0.36863 0.48627 0.62745
0.3451 0.46667 0.61569
0.31765 0.44314 0.59608
0.37647 0.46667 0.58824
0.4 0.4902 0.61961
0.39216 0.49804 0.63137
0.36471 0.48235 0.62353
0.35686 0.47451 0.62353
0.32157 0.44314 0.59608
0.39608 0.48627 0.60392
0.39216 0.48235 0.60784
0.39216 0.50196 0.63137
0.37255 0.48235 0.62353
0.35686 0.47451 0.61961
0.32941 0.45098 0.6
0.42745 0.52157 0.63922
0.39608 0.49412 0.61569
0.37255 0.4902 0.61569
0.36863 0.48627 0.62353
0.37255 0.49412 0.63922
0.32157 0.45098 0.6
0.4 0.50196 0.62353
