0.94902 0.87843 0.78431
0.96471 0.89412 0.79608
0.9451 0.87451 0.78039
0.96078 0.89804 0.80392
0.94902 0.88235 0.79608
0.96863 0.90196 0.81569
0.95686 0.8902 0.78824
0.93725 0.87451 0.78039
0.95686 0.89804 0.80784
0.94118 0.89412 0.83137
0.95294 0.8902 0.79608
0.95686 0.89412 0.81176
0.95686 0.89412 0.80392
0.95294 0.8902 0.79608
0.96078 0.90196 0.81176
0.78431 0.78039 0.7451
0.96078 0.90588 0.81569
0.95686 0.89804 0.80392
0.96471 0.90588 0.81569
0.96471 0.90196 0.81569
0.96471 0.90196 0.81569
0.46667 0.50196 0.52549
0.94902 0.89804 0.83922
0.95294 0.8902 0.78824
0.96078 0.90588 0.80784
0.96471 0.90196 0.81961
0.20784 0.27059 0.32157
0.76471 0.75294 0.72941
0.96078 0.90196 0.81176
0.96078 0.89804 0.81176
0.37647 0.41176 0.43529
0.91765 0.88235 0.83529
0.63922 0.62745 0.63529
0.27451 0.30196 0.35294
0.15294 0.21176 0.29412
