0.93333 0.81569 0.67451
0.9451 0.82745 0.68627
0.97255 0.85882 0.72157
0.95686 0.83922 0.69804
0.95686 0.83922 0.69804
0.95686 0.83922 0.70196
0.96078 0.84314 0.70196
0.94118 0.83137 0.69804
0.96078 0.83922 0.70588
0.95294 0.83529 0.69804
0.96078 0.84314 0.69804
0.95686 0.83922 0.69804
0.77647 0.68235 0.57647
0.96863 0.8549 0.7098
0.9451 0.83137 0.68235
0.95294 0.83529 0.6902
0.96078 0.84314 0.70196
0.47451 0.4 0.32549
0.96078 0.85882 0.71765
0.9451 0.83529 0.68235
0.95294 0.83529 0.69804
0.96078 0.84314 0.70196
0.86667 0.77255 0.66275
0.96471 0.8549 0.70196
0.9451 0.82353 0.68235
0.94902 0.83137 0.6902
0.63922 0.56471 0.47451
0.98039 0.86667 0.71373
0.95686 0.83137 0.6902
0.94118 0.83137 0.70196
0.96078 0.83922 0.69412
