0.16863 0.2549 0.4
0.16078 0.24706 0.39216
0.16078 0.25098 0.4
0.16863 0.2549 0.40392
0.16471 0.25098 0.4
0.16471 0.25098 0.40392
0.16471 0.25098 0.4
0.16863 0.2549 0.40784
0.17255 0.25882 0.41176
0.16078 0.24706 0.4
0.15686 0.24314 0.39608
0.16078 0.2549 0.40392
0.15686 0.25098 0.4
0.15686 0.25098 0.4
0.15294 0.24706 0.39608
0.15686 0.25098 0.4
0.14902 0.24314 0.39216
0.15294 0.24706 0.39608
0.15686 0.25098 0.4
0.15686 0.25098 0.4
0.16078 0.2549 0.40392
0.16471 0.25882 0.40784
0.15686 0.25098 0.4
0.15686 0.25098 0.4
0.15294 0.24706 0.39608
0.15686 0.25098 0.4
