0.31765 0.32549 0.26275
0.27843 0.3098 0.23922
0.32157 0.35294 0.23922
0.39608 0.41176 0.28627
0.41176 0.41176 0.32941
0.31373 0.31373 0.2549
0.3098 0.3451 0.23137
0.39216 0.42353 0.31765
0.40784 0.43137 0.30196
0.3098 0.32157 0.18824
0.27843 0.27451 0.17647
0.36078 0.39216 0.28235
0.36863 0.40392 0.28235
0.26275 0.29412 0.16471
0.31765 0.3451 0.21569
0.26275 0.27059 0.16078
0.37255 0.35686 0.27059
0.2902 0.28235 0.21961
0.30196 0.33333 0.20784
0.23137 0.25098 0.13333
0.27843 0.2902 0.18431
0.26667 0.27059 0.17255
0.29804 0.29804 0.20784
0.2902 0.32549 0.22745
0.31765 0.34118 0.25098
0.25882 0.27843 0.18039
0.28235 0.29804 0.19608
0.25098 0.27059 0.16078
0.3098 0.32549 0.24706
0.32941 0.34118 0.25098
0.31373 0.32941 0.21569
0.2902 0.31373 0.18431
0.3451 0.35686 0.25882
0.26667 0.27843 0.18039
0.24314 0.2549 0.1451
0.33333 0.34902 0.20392
0.31765 0.33333 0.19608
0.25882 0.27843 0.13333
0.32549 0.33333 0.19216
0.2902 0.3098 0.15294
