0.19608 0.27059 0.38431
0.20784 0.29804 0.42353
0.2 0.27451 0.39608
0.19608 0.28627 0.41176
0.18824 0.29412 0.41176
0.20392 0.31373 0.43137
0.21961 0.29412 0.41961
0.21176 0.26667 0.38824
0.22745 0.30588 0.43137
0.2 0.29412 0.41961
0.18824 0.2902 0.41176
0.21569 0.32549 0.44314
0.20392 0.30196 0.42353
0.20784 0.28627 0.40392
0.20784 0.2902 0.41961
0.20784 0.30196 0.43137
0.18824 0.2902 0.41176
0.2 0.28235 0.39608
0.23529 0.32157 0.43922
0.22745 0.32549 0.4549
0.2 0.29804 0.42745
0.21569 0.2902 0.39608
0.25098 0.33725 0.44706
0.19216 0.28627 0.40784
0.21176 0.31373 0.43529
0.20784 0.27843 0.4
0.20392 0.2902 0.41569
0.19608 0.29412 0.41176
0.2 0.30588 0.42353
0.19216 0.28235 0.42353
0.2 0.29804 0.42745
0.19608 0.30588 0.41961
0.19216 0.28235 0.42353
0.18824 0.27843 0.42745
