0.36863 0.63922 0.81961
0.35686 0.62745 0.81176
0.3451 0.62353 0.80392
0.34118 0.62353 0.80392
0.3451 0.62745 0.80392
0.36863 0.64706 0.82745
0.37255 0.65098 0.83137
0.36471 0.64314 0.82353
0.35294 0.63137 0.81176
0.34902 0.62745 0.80784
0.34118 0.62353 0.8
0.33333 0.61961 0.79608
0.37647 0.6549 0.83529
0.36863 0.64706 0.82745
0.36471 0.64314 0.82353
0.35686 0.63529 0.81569
0.35294 0.63137 0.81176
0.3451 0.63137 0.80784
0.32941 0.61569 0.79608
0.36863 0.64706 0.82745
0.36863 0.64706 0.82745
0.36863 0.64706 0.82745
0.36078 0.64314 0.82353
0.35686 0.63529 0.81569
0.35294 0.63137 0.81176
0.34118 0.62745 0.80392
0.32549 0.61569 0.79216
0.32157 0.61176 0.79608
0.3098 0.60392 0.79216
0.29804 0.6 0.79216
0.37647 0.66275 0.83529
0.37647 0.65882 0.84706
0.36863 0.65098 0.83922
0.36078 0.64314 0.82745
0.35686 0.64314 0.81961
0.34902 0.63529 0.81176
0.34902 0.63529 0.81176
0.33333 0.62745 0.81176
0.32549 0.62353 0.81569
0.31765 0.61176 0.80392
0.30588 0.60784 0.8
0.29804 0.60392 0.79608
0.2902 0.59608 0.78824
0.38431 0.67059 0.84706
0.38431 0.67059 0.8549
0.37255 0.65882 0.84314
0.36078 0.64706 0.83137
0.35686 0.64314 0.82353
0.35294 0.64314 0.82353
0.34902 0.63529 0.81569
0.32157 0.61961 0.80784
0.32157 0.61961 0.81176
0.31373 0.61176 0.80392
0.30588 0.60784 0.8
0.30196 0.60784 0.8
0.2902 0.59608 0.78824
0.27843 0.58431 0.78039
0.38431 0.67059 0.84706
0.37647 0.66667 0.84314
0.36863 0.65882 0.84314
0.36863 0.65882 0.84314
0.36863 0.65882 0.84314
0.35294 0.64314 0.82745
0.34902 0.63922 0.82353
0.3451 0.63529 0.81961
0.33333 0.63137 0.81961
0.32157 0.61961 0.81176
0.31373 0.61176 0.80392
0.30588 0.60784 0.8
0.30196 0.60784 0.8
0.29412 0.6 0.79216
0.27843 0.58431 0.77647
0.38039 0.67059 0.84706
0.36471 0.6549 0.83922
0.36471 0.66275 0.84314
0.36078 0.66275 0.84314
0.3451 0.64314 0.82745
0.33333 0.63529 0.81569
0.3451 0.64314 0.82353
0.33333 0.63137 0.82353
0.32157 0.61961 0.81569
0.31373 0.60784 0.80392
0.30588 0.60784 0.8
0.29804 0.60392 0.79216
0.29804 0.60392 0.79216
0.28235 0.58824 0.77647
0.27451 0.58431 0.77255
0.37647 0.66667 0.85098
0.35686 0.6549 0.83922
0.36078 0.66275 0.84314
0.34902 0.65882 0.83922
0.34902 0.64706 0.83922
0.33725 0.63529 0.82745
0.33725 0.63922 0.82745
0.32941 0.62745 0.81961
0.32157 0.61961 0.81176
0.31765 0.61569 0.81176
0.3098 0.61176 0.80392
0.30196 0.60784 0.79608
0.30196 0.60784 0.79608
0.2902 0.59608 0.78431
0.27843 0.58431 0.77647
0.26667 0.57255 0.76863
0.36863 0.66667 0.8549
0.36078 0.65882 0.85098
0.34902 0.6549 0.84314
0.34118 0.6549 0.83922
0.34902 0.65098 0.84314
0.3451 0.64314 0.83529
0.33333 0.63137 0.82353
0.32941 0.62745 0.81961
0.32549 0.62353 0.81569
0.31765 0.61569 0.81176
0.30588 0.60784 0.8
0.30588 0.61176 0.8
0.30196 0.60784 0.79608
0.29412 0.6 0.78824
0.28627 0.59216 0.78039
0.27451 0.58039 0.77255
0.25882 0.56471 0.76471
0.35686 0.65882 0.85098
0.34902 0.65882 0.84706
0.34902 0.65882 0.85098
0.34118 0.65098 0.83922
0.34118 0.64314 0.83529
0.33725 0.63922 0.83529
0.33333 0.63529 0.83137
0.33333 0.63529 0.82745
0.32941 0.63137 0.81961
0.31765 0.61961 0.81176
0.3098 0.61569 0.80392
0.30588 0.61176 0.8
0.30196 0.60784 0.79608
0.29804 0.6 0.79216
0.29412 0.59216 0.79216
0.28235 0.58431 0.78431
0.2549 0.56471 0.76471
0.3451 0.66275 0.84706
0.33333 0.65098 0.84314
0.3451 0.6549 0.85098
0.3451 0.65098 0.84314
0.34118 0.65098 0.84314
0.33725 0.64706 0.83922
0.33725 0.64314 0.83529
0.33333 0.63922 0.83137
0.32941 0.63529 0.82353
0.31765 0.62745 0.81569
0.31765 0.62353 0.81176
0.3098 0.61569 0.80784
0.30196 0.60784 0.79216
0.29412 0.59608 0.78824
0.2902 0.58824 0.79216
0.27843 0.58431 0.78824
0.2549 0.56863 0.76863
0.24706 0.56078 0.76863
0.23922 0.55294 0.76078
0.32941 0.65098 0.84706
0.34118 0.65882 0.8549
0.33725 0.64706 0.84706
0.33725 0.64706 0.83922
0.33333 0.64314 0.83529
0.32549 0.63922 0.83137
0.32941 0.63922 0.83137
0.32549 0.63137 0.82353
0.32941 0.63529 0.82745
0.32549 0.63137 0.82353
0.31373 0.61961 0.81176
0.30196 0.60784 0.79608
0.29804 0.6 0.79608
0.28235 0.58431 0.78824
0.26667 0.57647 0.78039
0.24706 0.56863 0.76471
0.24314 0.56078 0.76863
0.23137 0.54902 0.75686
0.32549 0.6549 0.84706
0.32549 0.64706 0.84706
0.32549 0.64314 0.84314
0.32157 0.63922 0.83529
0.32941 0.64706 0.83922
0.32549 0.63922 0.83529
0.32941 0.63922 0.83137
0.32157 0.63137 0.81961
0.32549 0.63529 0.82745
0.32941 0.63922 0.83137
0.31373 0.62353 0.81569
0.30196 0.61176 0.80392
0.29804 0.60784 0.80392
0.28235 0.6 0.79608
0.26275 0.58431 0.78039
0.2549 0.57647 0.77255
0.24314 0.56863 0.77255
0.23529 0.55686 0.76471
0.23137 0.55294 0.76078
0.31373 0.6549 0.85098
0.31373 0.64706 0.84314
0.31765 0.64314 0.84314
0.32549 0.65098 0.84706
0.32941 0.65098 0.84706
0.32941 0.64314 0.84314
0.32549 0.64314 0.83922
0.32157 0.63922 0.83529
0.31765 0.63529 0.83137
0.30588 0.62745 0.82353
0.30196 0.62745 0.82353
0.29804 0.62353 0.81569
0.28627 0.60784 0.80392
0.27451 0.59608 0.8
0.27059 0.59608 0.79608
0.25882 0.58431 0.78431
0.23922 0.57647 0.77647
0.23137 0.56471 0.76471
0.22353 0.54902 0.75294
0.21569 0.54118 0.75294
0.30588 0.65098 0.85098
0.3098 0.64706 0.84706
0.31373 0.64314 0.84706
0.31765 0.64706 0.84706
0.32157 0.64706 0.85098
0.32549 0.64314 0.84706
0.32549 0.64706 0.84706
0.31765 0.63922 0.83529
0.3098 0.63137 0.82745
0.30196 0.63137 0.82353
0.29412 0.62353 0.81569
0.28627 0.61569 0.81176
0.27451 0.60784 0.8
0.25882 0.59216 0.79608
0.2549 0.59216 0.79216
0.24706 0.58431 0.78431
0.24314 0.57647 0.78824
0.23922 0.56863 0.77647
0.22745 0.55294 0.76471
0.21569 0.54118 0.75294
0.21961 0.54118 0.75294
0.30196 0.65098 0.8549
0.30196 0.64706 0.8549
0.30588 0.64314 0.85098
0.30588 0.64314 0.84706
0.3098 0.64314 0.84706
0.31765 0.64706 0.85098
0.31373 0.64314 0.84314
0.30196 0.63137 0.83137
0.30196 0.63529 0.83529
0.29412 0.63137 0.82745
0.27843 0.62353 0.81176
0.27843 0.61961 0.81176
0.27059 0.61176 0.80784
0.25882 0.60392 0.80784
0.24706 0.59216 0.79608
0.24706 0.58824 0.79608
0.25098 0.58431 0.79608
0.24314 0.57255 0.78431
0.23922 0.56471 0.77647
0.23922 0.56471 0.77647
0.22353 0.54902 0.76078
0.20784 0.52941 0.74118
0.19608 0.51765 0.73333
0.2 0.52157 0.73725
0.18824 0.51765 0.72941
0.29412 0.64706 0.85098
0.2902 0.64314 0.84706
0.29412 0.64706 0.85098
0.30196 0.64314 0.85098
0.30196 0.64314 0.85098
0.29804 0.63922 0.84706
0.29804 0.64314 0.84706
0.2902 0.63529 0.83529
0.29412 0.63922 0.83922
0.28627 0.63137 0.82745
0.2902 0.63529 0.83137
0.28627 0.63137 0.82745
0.27059 0.61569 0.81176
0.26275 0.60784 0.80784
0.2549 0.59608 0.80392
0.24314 0.58039 0.79216
0.24314 0.57647 0.78824
0.25098 0.58039 0.79216
0.25098 0.57255 0.78824
0.23529 0.56863 0.78039
0.21961 0.55294 0.76471
0.2 0.52941 0.74118
0.19216 0.52549 0.73725
0.18431 0.52157 0.73725
0.18431 0.52157 0.73333
0.2902 0.64706 0.8549
0.28627 0.64314 0.84706
0.29412 0.65098 0.85882
0.29412 0.64314 0.85098
0.29412 0.64314 0.85098
0.28627 0.63529 0.84314
0.2902 0.63529 0.84314
0.27843 0.62745 0.83137
0.28235 0.62745 0.83529
0.27059 0.61961 0.82353
0.27451 0.62745 0.82745
0.27451 0.62353 0.82353
0.27451 0.62745 0.82745
0.26275 0.61176 0.81569
0.25098 0.6 0.80784
0.25098 0.6 0.81176
0.24314 0.58431 0.79608
0.24314 0.57647 0.78824
0.23922 0.56471 0.78039
0.22353 0.55686 0.77255
0.21176 0.54902 0.76078
0.2 0.53725 0.74902
0.19216 0.52941 0.74118
0.18824 0.52941 0.74118
0.18431 0.52549 0.73725
0.2902 0.64706 0.8549
0.28235 0.63922 0.84706
0.2902 0.64706 0.8549
0.2902 0.64706 0.8549
0.28627 0.63922 0.84706
0.28235 0.63529 0.84314
0.27843 0.63137 0.83922
0.27451 0.62745 0.83529
0.27843 0.63137 0.83922
0.27059 0.62353 0.82745
0.27451 0.62745 0.83137
0.27059 0.62745 0.83137
0.27059 0.62353 0.83137
0.26275 0.61569 0.82353
0.25098 0.60392 0.81569
0.24314 0.59216 0.81176
0.23529 0.58431 0.79216
0.23137 0.57255 0.78431
0.23137 0.56471 0.78039
0.22353 0.56078 0.77647
0.21176 0.55686 0.76863
0.21176 0.55294 0.76471
0.19608 0.5451 0.75686
0.18431 0.53725 0.7451
0.27059 0.64314 0.8549
0.27451 0.64706 0.85882
0.27843 0.64314 0.8549
0.28627 0.64314 0.85098
0.27843 0.63529 0.84314
0.27451 0.63529 0.84314
0.27451 0.63529 0.84314
0.28235 0.63922 0.84706
0.27451 0.62745 0.83529
0.27843 0.62745 0.83922
0.27451 0.62745 0.83529
0.27059 0.62353 0.83137
0.26667 0.61961 0.82745
0.25882 0.61176 0.81961
0.25098 0.6 0.81176
0.23922 0.59216 0.8
0.23137 0.58431 0.79216
0.23922 0.58039 0.79216
0.23137 0.56863 0.78431
0.21961 0.56471 0.78431
0.21176 0.55686 0.77647
0.28235 0.65882 0.86667
0.27451 0.64706 0.85882
0.27059 0.63922 0.85098
0.27451 0.64314 0.85098
0.27059 0.63922 0.84706
0.26667 0.63529 0.84314
0.27059 0.63529 0.84314
0.27843 0.63922 0.84706
0.28235 0.63529 0.84314
0.27843 0.63137 0.83922
0.27843 0.63529 0.84314
0.27451 0.62745 0.83529
0.25882 0.61569 0.82353
0.25098 0.60784 0.81569
0.24706 0.6 0.80784
0.24314 0.59608 0.80392
0.23529 0.59216 0.8
0.24314 0.59216 0.8
0.23529 0.58039 0.78824
0.27843 0.66275 0.87059
0.27451 0.65098 0.85882
0.27451 0.64706 0.85882
0.27059 0.63922 0.85098
0.26667 0.63529 0.84706
0.26667 0.63922 0.85098
0.26667 0.63922 0.84314
0.26667 0.63529 0.83922
0.27843 0.63529 0.84314
0.27843 0.63529 0.84314
0.27451 0.63529 0.84314
0.27451 0.63137 0.83922
0.26667 0.62745 0.83529
0.26275 0.61961 0.82745
0.2549 0.61176 0.81961
0.24706 0.60392 0.81176
0.23529 0.59608 0.80392
0.27451 0.65098 0.87059
0.27451 0.64706 0.86275
0.27451 0.64706 0.86667
0.26275 0.64314 0.85098
0.25882 0.63922 0.84706
0.26667 0.63922 0.85098
0.27451 0.64314 0.85098
0.27451 0.64314 0.84706
0.27059 0.63922 0.84314
0.26667 0.63529 0.83922
0.25882 0.63137 0.83529
0.26667 0.63922 0.84314
0.25882 0.62353 0.83137
0.26275 0.61961 0.82353
0.2549 0.61176 0.81961
0.27843 0.6549 0.87451
0.27451 0.64706 0.86667
0.26667 0.64314 0.85882
0.2549 0.64314 0.8549
0.26275 0.64706 0.8549
0.26667 0.63922 0.8549
0.27059 0.63922 0.85098
0.27059 0.63922 0.84706
0.26667 0.63529 0.84706
0.26667 0.63529 0.84706
0.25882 0.63529 0.84314
0.2549 0.63137 0.83922
0.2549 0.62353 0.83529
0.27451 0.64706 0.86667
0.27059 0.64314 0.86275
0.27059 0.64314 0.86275
0.2549 0.64314 0.85882
0.25882 0.63922 0.8549
0.26275 0.63529 0.8549
0.26275 0.63137 0.85098
0.27059 0.63922 0.8549
0.26667 0.63529 0.85098
0.26275 0.63529 0.85098
0.27843 0.65098 0.87059
0.27451 0.64314 0.86667
0.27451 0.63922 0.86275
0.26667 0.63922 0.85882
0.26667 0.63922 0.85882
0.26667 0.63922 0.85882
0.26667 0.64314 0.85882
0.26667 0.64314 0.86275
0.27843 0.6549 0.87059
0.27843 0.65098 0.87059
0.27843 0.64314 0.86667
0.27451 0.64314 0.86275
0.26667 0.64314 0.86275
0.25882 0.63922 0.8549
0.27451 0.6549 0.87059
0.27451 0.65098 0.86667
0.27843 0.64706 0.87059
0.27451 0.64706 0.86667
0.26667 0.64706 0.86275
0.27451 0.66275 0.87451
0.27843 0.65882 0.87059
0.27451 0.65098 0.86667
0.27843 0.66275 0.87059
