0.18824 0.24314 0.34902
0.18039 0.23529 0.34118
0.18431 0.23922 0.3451
0.17647 0.23137 0.33725
0.22353 0.27451 0.37647
0.18824 0.24314 0.3451
0.18039 0.23922 0.3451
0.18039 0.23922 0.3451
0.20392 0.26667 0.36471
0.18824 0.25098 0.35294
0.21176 0.26275 0.36078
0.21176 0.26275 0.36471
0.18431 0.23922 0.3451
0.19216 0.24706 0.34902
0.20392 0.25882 0.36471
0.20392 0.25882 0.34902
0.21176 0.2549 0.36078
0.20784 0.25098 0.35686
0.21569 0.2549 0.36863
0.21961 0.26275 0.36863
0.21176 0.2549 0.36471
0.2 0.25098 0.36471
0.20784 0.25882 0.36471
0.20392 0.2549 0.36078
