0.39216 0.4549 0.58824
0.40392 0.46275 0.59608
0.38039 0.44314 0.58039
0.38431 0.44706 0.58039
0.40392 0.46275 0.59608
0.38431 0.44706 0.58431
0.3451 0.41569 0.55294
0.33725 0.41569 0.55686
0.39608 0.45882 0.58824
0.40784 0.47451 0.60784
0.37647 0.45098 0.58039
0.3451 0.41961 0.55686
0.34118 0.41961 0.56078
0.32941 0.40784 0.54902
0.31765 0.39608 0.52941
0.38824 0.45098 0.58431
0.40392 0.47451 0.60392
0.37255 0.4549 0.58431
0.33333 0.41961 0.55294
0.33333 0.41569 0.55294
0.33725 0.41569 0.55686
0.32549 0.40392 0.54118
0.38824 0.45098 0.58431
0.38431 0.45098 0.59216
0.36078 0.43529 0.57255
0.32549 0.41176 0.54902
0.35686 0.43922 0.57255
0.35294 0.43137 0.56863
0.32549 0.4 0.5451
0.38824 0.45098 0.58039
0.39216 0.4549 0.59608
0.36863 0.44314 0.58039
0.34902 0.42353 0.56471
0.37255 0.45098 0.58431
0.39216 0.46667 0.60392
0.31765 0.39216 0.53725
0.38039 0.44314 0.57647
0.40784 0.47059 0.60784
0.38824 0.4549 0.59216
0.36863 0.43922 0.57255
0.3451 0.41569 0.5451
0.34118 0.41176 0.5451
0.30588 0.37647 0.52157
0.38431 0.44706 0.57647
0.40784 0.47059 0.6
0.39608 0.45882 0.58824
0.39608 0.45882 0.58824
0.40392 0.46275 0.59216
0.38039 0.44314 0.57255
0.32157 0.39216 0.52941
0.41569 0.47843 0.60784
0.39216 0.4549 0.58431
0.38039 0.44314 0.57255
0.38824 0.45098 0.58039
0.40784 0.46667 0.59608
0.41961 0.48235 0.61176
0.34902 0.42353 0.55686
0.43137 0.49804 0.62353
0.4 0.46275 0.59216
0.37647 0.43922 0.56863
0.36863 0.43137 0.56078
0.36863 0.43137 0.56078
0.38039 0.44314 0.57255
0.36471 0.43529 0.56863
0.45098 0.51373 0.63529
0.38824 0.45882 0.58039
0.36471 0.43922 0.56471
0.36471 0.43922 0.56863
0.36863 0.43529 0.56471
0.37647 0.43922 0.56863
0.34902 0.41569 0.54902
0.38039 0.45098 0.56863
0.36471 0.43922 0.56471
0.36078 0.43922 0.56471
0.36471 0.43137 0.56078
0.36863 0.43922 0.56863
0.34902 0.41961 0.55686
0.38431 0.45882 0.57647
0.36078 0.43529 0.56078
0.36078 0.43529 0.56471
0.36863 0.44314 0.57255
0.36471 0.43529 0.57255
0.35294 0.43137 0.57255
0.41176 0.47843 0.59608
0.37647 0.44706 0.57255
0.35686 0.43137 0.56078
0.36078 0.43529 0.56471
0.35686 0.43137 0.56863
0.33333 0.41569 0.55686
0.43529 0.49804 0.61569
0.39216 0.4549 0.58431
0.36078 0.43529 0.56471
0.35294 0.43137 0.56078
0.3451 0.42745 0.56078
0.33333 0.42353 0.56078
0.40784 0.47451 0.58824
0.39216 0.4549 0.58431
0.36471 0.43922 0.56863
0.3451 0.42745 0.55294
0.31373 0.40392 0.53333
0.34902 0.44314 0.58039
0.28627 0.38431 0.52549
0.40392 0.46667 0.58431
0.38824 0.4549 0.58039
0.37647 0.45098 0.58039
0.3451 0.42745 0.56078
0.3098 0.39608 0.53333
0.32549 0.41569 0.56078
0.2902 0.38039 0.52549
0.40392 0.46667 0.58431
0.38824 0.45882 0.58431
0.40784 0.48627 0.61176
0.34902 0.43529 0.56863
0.31373 0.4 0.5451
0.31373 0.4 0.54902
0.29412 0.38039 0.52941
0.43529 0.50196 0.61961
0.41961 0.4902 0.61569
0.40784 0.48627 0.61176
0.34118 0.43137 0.56078
0.31765 0.40392 0.54902
0.32157 0.40784 0.55686
0.4 0.47059 0.59608
0.4 0.47451 0.60392
0.36471 0.45098 0.58039
0.31765 0.4 0.54118
0.30588 0.39216 0.53725
0.39216 0.46667 0.58824
0.36863 0.44314 0.57255
0.36078 0.43922 0.57255
0.32549 0.40392 0.5451
0.31765 0.39608 0.53333
0.41961 0.49412 0.61961
0.36471 0.43922 0.56863
0.34902 0.42745 0.56471
0.33333 0.41176 0.55686
0.36471 0.43922 0.56863
0.35294 0.42745 0.56863
0.37647 0.43922 0.57255
0.35686 0.42745 0.56078
0.37647 0.43922 0.57255
0.35294 0.41961 0.56078
0.38431 0.44706 0.57647
0.37647 0.43922 0.57647
0.38824 0.44314 0.57647
0.39608 0.4549 0.57647
