0.50588 0.57647 0.72157
0.50588 0.58431 0.72157
0.50588 0.58039 0.72157
0.50196 0.57647 0.72157
0.49804 0.57647 0.71373
0.50588 0.58431 0.72157
0.50588 0.58431 0.72157
0.50196 0.58039 0.72549
0.49804 0.58039 0.71373
0.49804 0.58039 0.71765
0.49804 0.57647 0.71373
0.49804 0.57647 0.71373
0.49804 0.58039 0.72157
0.50588 0.58431 0.72549
0.50588 0.58431 0.72157
0.50196 0.58039 0.71765
0.49804 0.57647 0.71373
0.4902 0.57647 0.71373
0.50588 0.57647 0.72157
0.5098 0.58824 0.72549
0.5098 0.58824 0.72549
0.50196 0.58039 0.71765
0.49412 0.57255 0.71373
0.50196 0.58039 0.71373
0.50588 0.58039 0.71765
0.50196 0.57647 0.71765
0.50588 0.58039 0.72157
0.50588 0.58431 0.71765
0.5098 0.58824 0.72157
0.5451 0.60784 0.71373
0.60784 0.64706 0.75294
0.6 0.63529 0.75294
0.5451 0.59608 0.71765
0.52941 0.59216 0.71765
0.53333 0.59216 0.71765
0.53333 0.59608 0.72157
