0.039216 0.23922 0.41961
0.047059 0.24706 0.42745
0.05098 0.23922 0.42353
0.054902 0.24706 0.43137
0.05098 0.24314 0.43137
0.05098 0.24314 0.43137
0.054902 0.23922 0.43137
0.054902 0.24314 0.43137
0.066667 0.25098 0.43922
0.054902 0.24314 0.43137
0.05098 0.23922 0.42745
0.058824 0.24706 0.43529
0.058824 0.24706 0.42745
0.054902 0.24314 0.43137
0.058824 0.24706 0.43137
0.05098 0.23922 0.41961
0.054902 0.24314 0.42353
0.058824 0.24706 0.42745
0.054902 0.24314 0.42353
0.047059 0.23529 0.41569
0.054902 0.24706 0.42745
