0.17255 0.27451 0.40392
0.16863 0.27059 0.40784
0.16863 0.27451 0.41176
0.16863 0.28235 0.41569
0.17255 0.28627 0.41176
0.19216 0.30588 0.43137
0.17647 0.2902 0.41569
0.16863 0.27843 0.40784
0.17255 0.27843 0.40784
0.17647 0.28235 0.41176
0.17647 0.27843 0.40784
0.15686 0.26667 0.38824
0.18039 0.28235 0.40784
0.16078 0.26667 0.38824
0.16863 0.28235 0.40784
0.16471 0.27451 0.4
0.17255 0.28235 0.41176
0.17647 0.28627 0.41569
0.18039 0.29412 0.42353
0.18039 0.2902 0.41961
0.20784 0.31373 0.44706
0.17647 0.28235 0.41569
0.17255 0.27451 0.40392
0.17647 0.27843 0.40392
0.17647 0.28235 0.40392
0.18039 0.28235 0.40392
0.18039 0.28627 0.40784
0.15294 0.26667 0.38431
0.16471 0.27059 0.39608
0.17647 0.27843 0.40784
0.15686 0.25882 0.38824
0.16863 0.28235 0.40784
0.16078 0.27059 0.39608
0.18039 0.28235 0.41176
0.18431 0.2902 0.41569
0.18824 0.2902 0.41961
0.18431 0.28627 0.41961
0.19216 0.2902 0.43137
0.18431 0.28235 0.42353
0.17255 0.27843 0.41176
0.17647 0.28235 0.40784
0.17255 0.27843 0.39608
0.18431 0.28627 0.40392
0.18824 0.29412 0.41176
0.18824 0.2902 0.40784
0.14902 0.26275 0.38039
0.14902 0.26275 0.38039
0.16471 0.27451 0.39608
0.17647 0.27843 0.40784
0.16863 0.27059 0.4
0.16863 0.28235 0.40784
0.17647 0.2902 0.41176
0.16471 0.27451 0.4
0.17647 0.27451 0.40784
0.18431 0.28235 0.41176
0.19216 0.2902 0.41961
0.18824 0.2902 0.42745
0.18824 0.28627 0.42745
0.18039 0.28235 0.42353
0.16863 0.28627 0.41176
0.17255 0.28235 0.40784
0.18039 0.27843 0.4
0.18824 0.28627 0.40784
0.18039 0.28627 0.40392
0.2 0.30588 0.42353
0.18824 0.29412 0.41569
0.18824 0.2902 0.41961
0.16471 0.28235 0.39608
0.15686 0.27059 0.38824
0.15686 0.27059 0.38824
0.15686 0.27059 0.38824
0.16078 0.27059 0.39216
0.17647 0.27843 0.40784
0.16471 0.26667 0.39608
0.17255 0.28627 0.41176
0.16471 0.27843 0.40784
0.16471 0.27843 0.41176
0.16078 0.27451 0.40392
0.17647 0.27843 0.40784
0.18039 0.28235 0.41176
0.19216 0.2902 0.41961
0.18824 0.2902 0.41961
0.17647 0.28235 0.41569
0.17255 0.28235 0.41176
0.16863 0.28235 0.40784
0.17255 0.28627 0.40392
0.18431 0.28627 0.40392
0.18039 0.28235 0.4
0.17255 0.27843 0.39608
0.18824 0.29412 0.41176
0.18431 0.2902 0.41176
0.18431 0.28627 0.41569
0.18039 0.28235 0.41176
0.17647 0.28235 0.41176
0.17647 0.2902 0.41569
0.16471 0.27059 0.4
0.16863 0.27059 0.4
0.16863 0.27451 0.4
0.14902 0.26667 0.38431
0.15686 0.27059 0.38824
0.17255 0.27843 0.39608
0.17647 0.27451 0.4
0.17647 0.27843 0.40392
0.15686 0.25882 0.38431
0.16863 0.28235 0.41176
0.16863 0.28235 0.41569
0.16471 0.27843 0.41569
0.16471 0.27843 0.40784
0.17255 0.28627 0.41176
0.18039 0.2902 0.41961
0.18431 0.28627 0.41569
0.18431 0.28627 0.41569
0.18039 0.2902 0.41569
0.18039 0.29804 0.41961
0.17647 0.2902 0.41176
0.16863 0.27843 0.39608
0.18039 0.28627 0.40392
0.17647 0.28235 0.4
0.16863 0.27451 0.39216
0.18431 0.2902 0.40784
0.18824 0.2902 0.41176
0.18431 0.28627 0.41569
0.18824 0.2902 0.41961
0.17647 0.28235 0.40784
0.16471 0.27451 0.40392
0.14902 0.26275 0.38824
0.16078 0.27451 0.40392
0.16078 0.26275 0.39216
0.16863 0.27059 0.4
0.17255 0.27451 0.40392
0.16863 0.28235 0.40392
0.16471 0.27843 0.39608
0.18039 0.27843 0.4
0.18039 0.27451 0.39608
0.18039 0.27843 0.4
0.16863 0.26667 0.38824
0.18039 0.29412 0.41961
0.17255 0.28627 0.41569
0.16471 0.27843 0.41176
0.16471 0.27843 0.41176
0.16471 0.27843 0.41176
0.17647 0.2902 0.41569
0.18431 0.29412 0.41961
0.19216 0.29412 0.42353
0.18039 0.28235 0.41176
0.19216 0.30196 0.42745
0.17647 0.29804 0.41961
0.17255 0.2902 0.41569
0.16863 0.27843 0.40392
0.18431 0.28627 0.41569
0.18039 0.28627 0.40784
0.16078 0.26667 0.38431
0.2 0.30588 0.42353
0.19608 0.29804 0.41961
0.18824 0.2902 0.41961
0.19216 0.29412 0.42353
0.17255 0.27451 0.40392
0.17647 0.27843 0.40392
0.16078 0.26275 0.38824
0.18039 0.28235 0.40784
0.15294 0.2549 0.38431
0.16863 0.27059 0.4
0.17255 0.27451 0.40392
0.17647 0.28235 0.40784
0.17255 0.27843 0.39608
0.17255 0.27843 0.39608
0.16863 0.27059 0.39216
0.18431 0.27843 0.4
0.17647 0.27059 0.39216
0.16863 0.27843 0.41569
0.17647 0.28627 0.41569
0.17255 0.28627 0.41569
0.16471 0.28235 0.41176
0.16471 0.27451 0.40784
0.16863 0.27843 0.40784
0.17647 0.28627 0.41176
0.18431 0.2902 0.41569
0.18431 0.28627 0.41569
0.17255 0.27843 0.40784
0.17647 0.2902 0.41569
0.17255 0.2902 0.41569
0.17647 0.2902 0.41569
0.16863 0.28235 0.40784
0.17255 0.27843 0.40784
0.17255 0.28235 0.40784
0.16471 0.27059 0.39216
0.20392 0.31373 0.43137
0.18431 0.29412 0.41569
0.18824 0.29412 0.41961
0.19216 0.29804 0.42745
0.18039 0.28627 0.41176
0.18039 0.28235 0.40392
0.16863 0.27451 0.39216
0.18039 0.28627 0.40392
0.16863 0.27059 0.39608
0.17647 0.27843 0.40784
0.16471 0.26667 0.39608
0.17255 0.27451 0.39608
0.17647 0.28235 0.39608
0.16471 0.27059 0.38824
0.16863 0.27451 0.39216
0.17647 0.27451 0.39608
0.17255 0.27059 0.39216
0.16863 0.27843 0.41176
0.17255 0.27451 0.41176
0.18431 0.28627 0.42353
0.17255 0.28235 0.41176
0.16863 0.2902 0.41176
0.16863 0.27843 0.40392
0.17647 0.27843 0.40784
0.18824 0.2902 0.41961
0.18039 0.28235 0.41176
0.19216 0.29412 0.42353
0.17255 0.28627 0.41176
0.17647 0.2902 0.41569
0.16863 0.28235 0.40784
0.18039 0.29412 0.41961
0.16078 0.27451 0.4
0.15686 0.27059 0.39608
0.17255 0.28627 0.41176
0.16471 0.27843 0.40784
0.19216 0.30588 0.43137
0.17255 0.28627 0.41176
0.18039 0.29412 0.41961
0.16863 0.28235 0.40784
0.16863 0.27843 0.40392
0.16471 0.27059 0.38824
0.16471 0.27059 0.38824
0.18431 0.2902 0.40784
0.17647 0.27843 0.40784
0.16471 0.26667 0.39608
0.16471 0.26667 0.39608
0.15686 0.26275 0.38431
0.17255 0.27843 0.39608
0.16471 0.27059 0.38431
0.16863 0.27451 0.38824
0.17255 0.27843 0.39608
0.16471 0.27059 0.38824
0.17647 0.28235 0.41961
0.18039 0.28235 0.41961
0.18431 0.28627 0.42353
0.17647 0.28627 0.41961
0.16863 0.28627 0.41176
0.17255 0.28235 0.41176
0.18039 0.28235 0.41176
0.18039 0.28235 0.41176
0.18039 0.28235 0.41176
0.19216 0.29412 0.42353
0.18824 0.2902 0.41961
0.18824 0.29412 0.42353
0.17647 0.28235 0.41176
0.18431 0.2902 0.41961
0.17255 0.27843 0.40784
0.16471 0.27059 0.4
0.17255 0.28235 0.40784
0.17255 0.28627 0.41176
0.18824 0.30196 0.42745
0.16863 0.28235 0.40784
0.18039 0.29412 0.41961
0.17647 0.2902 0.41569
0.16863 0.28235 0.40392
0.16078 0.26667 0.38431
0.16471 0.27059 0.38824
0.18039 0.28627 0.40392
0.16471 0.27451 0.4
0.16078 0.27059 0.4
0.16471 0.27451 0.4
0.16471 0.27451 0.39216
0.17255 0.27843 0.39608
0.15294 0.25882 0.37255
0.18039 0.28627 0.4
0.17255 0.27843 0.39608
0.16471 0.27059 0.38824
0.18431 0.29804 0.43137
0.18431 0.2902 0.42745
0.18039 0.27843 0.41569
0.17647 0.28235 0.41569
0.17647 0.28627 0.41961
0.17647 0.29412 0.41569
0.17647 0.28627 0.41569
0.17647 0.27843 0.40784
0.18824 0.2902 0.41961
0.17647 0.27843 0.40784
0.18824 0.2902 0.41569
0.18824 0.2902 0.41961
0.18039 0.28235 0.41176
0.18039 0.28235 0.41176
0.18824 0.2902 0.41961
0.18431 0.28627 0.41569
0.18431 0.28627 0.41569
0.17647 0.28627 0.41176
0.18039 0.29412 0.41961
0.18431 0.29412 0.41961
0.17255 0.28627 0.41176
0.16471 0.28235 0.40784
0.17647 0.2902 0.41569
0.17255 0.28235 0.40784
0.16863 0.27451 0.39608
0.17255 0.27451 0.39608
0.17647 0.28235 0.4
0.16471 0.27843 0.40392
0.16078 0.27451 0.4
0.16471 0.27843 0.40392
0.16078 0.27059 0.38824
0.17255 0.27843 0.39608
0.16471 0.26667 0.38431
0.19608 0.30196 0.41569
0.17647 0.28235 0.4
0.15294 0.25882 0.37647
0.18431 0.29804 0.42745
0.18431 0.29804 0.43137
0.19216 0.30588 0.43922
0.18824 0.29412 0.42745
0.18431 0.28627 0.41569
0.17647 0.28627 0.41176
0.17647 0.29412 0.41569
0.17255 0.2902 0.41569
0.17647 0.28627 0.41176
0.17647 0.27843 0.40784
0.18431 0.2902 0.41569
0.17647 0.28627 0.4
0.19216 0.29412 0.41961
0.2 0.30196 0.43137
0.18039 0.28235 0.41176
0.18039 0.28235 0.41176
0.18039 0.27843 0.41176
0.19216 0.29412 0.42353
0.19216 0.29412 0.42353
0.17255 0.28235 0.40784
0.18039 0.29412 0.41961
0.18039 0.29412 0.41961
0.16078 0.27843 0.4
0.16863 0.28235 0.40784
0.17647 0.28627 0.41176
0.16078 0.26275 0.39216
0.17255 0.27451 0.40392
0.16471 0.26275 0.39608
0.16471 0.27059 0.4
0.16471 0.27451 0.40392
0.16863 0.28235 0.40784
0.16471 0.27843 0.40392
0.15686 0.27059 0.38824
0.16863 0.27451 0.39216
0.16863 0.27059 0.39216
0.18431 0.28627 0.40784
0.16863 0.27451 0.39216
0.16078 0.27059 0.38824
0.18431 0.30196 0.43137
0.18824 0.30588 0.43922
0.19216 0.3098 0.44314
0.18431 0.29804 0.42745
0.17647 0.28627 0.41176
0.17647 0.28627 0.41176
0.17647 0.2902 0.41569
0.17255 0.29412 0.41569
0.17647 0.28627 0.41176
0.16863 0.27059 0.4
0.18039 0.28627 0.41176
0.18431 0.2902 0.40392
0.19216 0.29412 0.41961
0.19608 0.30196 0.43137
0.18039 0.2902 0.41569
0.17255 0.28235 0.40784
0.17255 0.27843 0.40784
0.18039 0.2902 0.41569
0.17647 0.28627 0.41176
0.16078 0.27059 0.39608
0.17255 0.28627 0.41176
0.17647 0.2902 0.41569
0.16863 0.28235 0.40784
0.17255 0.28235 0.40784
0.18824 0.28627 0.41569
0.16863 0.26667 0.4
0.16863 0.27059 0.4
0.16078 0.26275 0.39216
0.17255 0.27843 0.40784
0.17255 0.28627 0.41176
0.17255 0.28627 0.41176
0.16471 0.27843 0.40392
0.16863 0.28235 0.4
0.16471 0.27451 0.39216
0.16078 0.26275 0.38431
0.17647 0.27843 0.4
0.16078 0.26667 0.38431
0.16863 0.27451 0.39216
0.19216 0.30588 0.43137
0.18431 0.29804 0.43137
0.18039 0.30196 0.43529
0.18039 0.29804 0.43137
0.17647 0.29804 0.42353
0.17255 0.28627 0.41176
0.18039 0.28627 0.41569
0.17647 0.27843 0.40784
0.16471 0.28235 0.40784
0.17647 0.28627 0.41176
0.17647 0.27843 0.40784
0.18039 0.28627 0.41176
0.18824 0.29412 0.41176
0.19216 0.29412 0.41961
0.18431 0.29804 0.42353
0.17255 0.2902 0.41569
0.16863 0.28235 0.40784
0.16863 0.28235 0.40784
0.16863 0.28235 0.40784
0.16863 0.28235 0.40784
0.16078 0.27451 0.4
0.16471 0.27843 0.40392
0.18039 0.29412 0.41961
0.18824 0.29804 0.42745
0.18039 0.28235 0.41176
0.18824 0.28627 0.41569
0.16863 0.26275 0.39608
0.15686 0.25882 0.38824
0.16471 0.26667 0.39608
0.17647 0.27843 0.40784
0.17255 0.28627 0.41176
0.16471 0.27843 0.40392
0.16078 0.27451 0.4
0.16471 0.27843 0.39608
0.15686 0.26275 0.38039
0.17647 0.27843 0.39608
0.19216 0.29412 0.41176
0.16471 0.27059 0.38824
0.16078 0.26667 0.38431
0.18824 0.30588 0.43922
0.18431 0.30196 0.43529
0.18039 0.29804 0.43137
0.18431 0.30196 0.43529
0.17647 0.29412 0.42745
0.17647 0.2902 0.41961
0.17255 0.28627 0.41176
0.17255 0.28627 0.41176
0.17255 0.28627 0.41176
0.18039 0.28627 0.41176
0.18039 0.28235 0.41176
0.18824 0.2902 0.41961
0.18431 0.29412 0.41961
0.18039 0.29412 0.41961
0.18824 0.30196 0.43137
0.16471 0.27843 0.41176
0.15686 0.27059 0.40392
0.17255 0.28627 0.41176
0.18039 0.29412 0.41961
0.17255 0.28627 0.41176
0.17255 0.28627 0.41176
0.16863 0.28235 0.40784
0.17647 0.2902 0.41569
0.17647 0.28627 0.41176
0.18039 0.28235 0.41176
0.18039 0.28627 0.40784
0.17255 0.27451 0.39608
0.17255 0.27451 0.40392
0.16863 0.27059 0.4
0.16471 0.26667 0.39608
0.16471 0.27843 0.40784
0.16471 0.27843 0.40392
0.16471 0.28235 0.40392
0.16863 0.27451 0.39608
0.15686 0.26275 0.38039
0.18431 0.28627 0.40784
0.18824 0.29412 0.41176
0.16078 0.26667 0.38431
0.16863 0.27059 0.38824
0.18824 0.30588 0.43922
0.19216 0.3098 0.44314
0.18824 0.30588 0.43922
0.18431 0.30196 0.43529
0.17647 0.2902 0.42353
0.17255 0.28235 0.41569
0.17255 0.28627 0.41569
0.16471 0.27843 0.40392
0.17255 0.28627 0.41176
0.18431 0.28627 0.41569
0.18039 0.28235 0.41176
0.18431 0.28235 0.41569
0.19216 0.30196 0.42745
0.19216 0.30588 0.43137
0.18431 0.29804 0.43137
0.16471 0.27843 0.41176
0.16471 0.27843 0.41176
0.18039 0.29412 0.41961
0.18039 0.29412 0.41961
0.18039 0.29412 0.41961
0.17647 0.2902 0.41569
0.16471 0.27843 0.40392
0.17255 0.28627 0.41176
0.17255 0.28235 0.41176
0.17647 0.27843 0.40784
0.18431 0.2902 0.40784
0.18039 0.28627 0.40392
0.17647 0.27843 0.40784
0.16863 0.27059 0.4
0.16471 0.26667 0.39608
0.16863 0.27451 0.41176
0.16078 0.27059 0.4
0.16078 0.27059 0.39216
0.17647 0.28235 0.4
0.15294 0.25882 0.37647
0.17255 0.27843 0.39608
0.18039 0.28627 0.40392
0.16471 0.27059 0.38824
0.16863 0.26667 0.38431
0.19608 0.31373 0.44706
0.19216 0.3098 0.44314
0.18824 0.30588 0.43922
0.18431 0.30196 0.43529
0.18039 0.29804 0.43137
0.17255 0.28627 0.41961
0.17255 0.28627 0.41176
0.16471 0.27843 0.40392
0.17255 0.28627 0.41176
0.18039 0.28627 0.41569
0.18039 0.28235 0.41176
0.18039 0.28235 0.41176
0.17647 0.28627 0.41176
0.18824 0.30196 0.42745
0.18039 0.29412 0.42745
0.16471 0.27843 0.41176
0.16078 0.27451 0.40784
0.17647 0.2902 0.41961
0.18431 0.29804 0.42353
0.17255 0.28627 0.41176
0.16863 0.28235 0.40784
0.16078 0.27451 0.4
0.16863 0.28235 0.40784
0.17647 0.28627 0.41176
0.17255 0.27451 0.40392
0.18039 0.28627 0.40784
0.18431 0.2902 0.40784
0.16863 0.27059 0.4
0.16863 0.27059 0.4
0.16863 0.27059 0.4
0.16863 0.27059 0.40392
0.16863 0.27059 0.40392
0.17255 0.27451 0.4
0.16471 0.27059 0.38824
0.16078 0.26667 0.38431
0.16863 0.27451 0.39216
0.16863 0.27451 0.39216
0.17255 0.27843 0.39608
0.17647 0.27451 0.39216
0.19608 0.3098 0.44706
0.18431 0.30196 0.43529
0.18431 0.30196 0.43529
0.19216 0.3098 0.44314
0.18431 0.29412 0.42745
0.18431 0.28627 0.41569
0.18431 0.2902 0.41961
0.18431 0.2902 0.41961
0.18824 0.29412 0.41961
0.18431 0.28627 0.41961
0.18431 0.28627 0.41961
0.18431 0.28627 0.41569
0.19216 0.29412 0.42353
0.19216 0.29804 0.42353
0.18039 0.2902 0.41961
0.16078 0.27451 0.40392
0.16471 0.27843 0.40392
0.18039 0.29412 0.41961
0.18431 0.29804 0.42353
0.16863 0.28235 0.40784
0.16471 0.27843 0.40784
0.15686 0.27059 0.40392
0.16863 0.28235 0.41569
0.18039 0.2902 0.42353
0.16863 0.27451 0.40392
0.17255 0.27451 0.39608
0.18039 0.27843 0.4
0.17255 0.27059 0.39216
0.17647 0.27451 0.39608
0.17255 0.27059 0.39608
0.18431 0.28627 0.40784
0.17255 0.27843 0.4
0.17255 0.27451 0.39608
0.16863 0.27451 0.39216
0.16078 0.26667 0.38431
0.16471 0.27059 0.38824
0.16863 0.27451 0.39216
0.16471 0.27059 0.38824
0.16863 0.27059 0.38824
0.19216 0.31373 0.44706
0.18039 0.30196 0.43529
0.18824 0.30196 0.43529
0.20392 0.31765 0.45098
0.18824 0.29804 0.42745
0.18824 0.28627 0.41569
0.18039 0.28235 0.41176
0.18824 0.2902 0.41961
0.18431 0.28627 0.41569
0.18039 0.28235 0.41569
0.18431 0.28627 0.42353
0.18431 0.2902 0.41961
0.19216 0.29412 0.42353
0.18431 0.2902 0.41961
0.18039 0.29412 0.41961
0.17647 0.2902 0.41569
0.17647 0.2902 0.41569
0.17647 0.2902 0.41569
0.18039 0.2902 0.41569
0.17647 0.2902 0.41569
0.18039 0.29412 0.42353
0.16863 0.28235 0.41569
0.16471 0.27843 0.41176
0.16863 0.28235 0.41176
0.16863 0.27843 0.40784
0.16863 0.27059 0.39608
0.18431 0.27843 0.40392
0.17255 0.27059 0.39216
0.17255 0.27059 0.39216
0.17647 0.27451 0.39608
0.18431 0.2902 0.40784
0.17647 0.28235 0.4
0.17255 0.27843 0.39608
0.18039 0.28627 0.40392
0.17255 0.27843 0.39608
0.16863 0.27451 0.39216
0.16078 0.26667 0.38431
0.15686 0.26275 0.38039
0.16078 0.26667 0.38431
0.18431 0.31373 0.44314
0.18431 0.30588 0.43529
0.17647 0.29412 0.42745
0.18824 0.30196 0.43529
0.19216 0.30196 0.43137
0.19216 0.29412 0.42353
0.17647 0.27843 0.40784
0.18431 0.28627 0.41176
0.18431 0.28627 0.41569
0.18431 0.28627 0.41961
0.17647 0.27843 0.41569
0.16863 0.28235 0.40784
0.18039 0.29412 0.41961
0.18431 0.29804 0.42353
0.18431 0.29804 0.42353
0.18039 0.29412 0.41961
0.17255 0.28627 0.41176
0.18039 0.28627 0.41569
0.18039 0.28235 0.41176
0.19608 0.29804 0.42745
0.18039 0.2902 0.41961
0.16471 0.27843 0.41569
0.16471 0.27843 0.41176
0.16863 0.28235 0.41569
0.16078 0.27059 0.39608
0.17255 0.27451 0.4
0.18039 0.27843 0.4
0.16471 0.26667 0.38431
0.17255 0.27059 0.39216
0.16863 0.26667 0.38824
0.16863 0.26667 0.38824
0.17647 0.27451 0.39608
0.18431 0.28235 0.40392
0.17647 0.27843 0.4
0.16078 0.26667 0.38431
0.17647 0.28235 0.4
0.16078 0.26667 0.38431
0.15686 0.26275 0.38039
0.16078 0.26667 0.38431
0.18431 0.31373 0.44314
0.18039 0.30196 0.43529
0.18039 0.29804 0.43137
0.19216 0.30588 0.43922
0.18824 0.29804 0.43137
0.18039 0.2902 0.41961
0.18039 0.28235 0.41569
0.17647 0.28235 0.41569
0.18039 0.2902 0.42353
0.18431 0.2902 0.42745
0.18039 0.2902 0.42353
0.17647 0.2902 0.41569
0.18431 0.29804 0.42353
0.19608 0.3098 0.43529
0.18431 0.29804 0.41569
0.18039 0.29412 0.41176
0.18039 0.29412 0.41961
0.18431 0.28627 0.41569
0.18431 0.28627 0.41569
0.2 0.30196 0.43137
0.17255 0.27843 0.40784
0.16471 0.27843 0.40784
0.15686 0.27059 0.39608
0.16863 0.28235 0.40784
0.16471 0.27059 0.4
0.17255 0.27451 0.4
0.18431 0.27843 0.40784
0.16471 0.26275 0.39216
0.17255 0.26667 0.4
0.16863 0.26275 0.39608
0.17255 0.27451 0.4
0.16863 0.26667 0.39216
0.18431 0.28235 0.41176
0.17647 0.27451 0.4
0.17255 0.27451 0.39216
0.17255 0.27451 0.39608
0.15686 0.25882 0.38039
0.16078 0.26667 0.38431
0.16078 0.26667 0.38431
0.18431 0.30588 0.43922
0.18431 0.30588 0.43922
0.18824 0.30196 0.43529
0.19608 0.3098 0.44314
0.18431 0.30196 0.43529
0.18039 0.29412 0.42745
0.18824 0.2902 0.42745
0.17647 0.28235 0.41569
0.18039 0.29412 0.42745
0.17647 0.2902 0.42353
0.18431 0.29804 0.42745
0.18039 0.29412 0.41961
0.17647 0.2902 0.41569
0.18824 0.30196 0.42745
0.19216 0.30588 0.42353
0.18824 0.30196 0.41961
0.18824 0.30196 0.42745
0.19216 0.29804 0.42353
0.18824 0.2902 0.41961
0.2 0.30196 0.43137
0.18431 0.29412 0.41961
0.16471 0.27843 0.40392
0.16471 0.27843 0.40392
0.16471 0.27843 0.40392
0.16863 0.28235 0.40784
0.16471 0.26667 0.39608
0.18431 0.27843 0.41176
0.17255 0.26667 0.4
0.18431 0.27843 0.41569
0.18039 0.27451 0.40784
0.17647 0.27451 0.40784
0.17255 0.27059 0.4
0.18431 0.27843 0.41569
0.16863 0.26667 0.39216
0.17255 0.27059 0.39216
0.17647 0.27059 0.39216
0.15686 0.25882 0.37647
0.16471 0.27059 0.38824
0.16078 0.26667 0.38431
0.19608 0.31373 0.44706
0.19216 0.3098 0.44314
0.18824 0.30196 0.43529
0.18431 0.29804 0.43137
0.18039 0.29412 0.42745
0.18431 0.28627 0.42353
0.18824 0.2902 0.42745
0.18824 0.2902 0.41961
0.18824 0.2902 0.41961
0.19608 0.29804 0.42745
0.18431 0.29804 0.42353
0.18039 0.29412 0.42353
0.19216 0.30588 0.43137
0.18824 0.30196 0.42353
0.18431 0.29804 0.42353
0.18039 0.2902 0.42745
0.19216 0.29804 0.42745
0.18039 0.28235 0.41176
0.19216 0.29412 0.42353
0.17647 0.28627 0.41176
0.16471 0.27843 0.40392
0.16863 0.28235 0.40784
0.16863 0.28627 0.40784
0.16078 0.27843 0.40392
0.16078 0.27059 0.4
0.17255 0.27451 0.40392
0.15686 0.25098 0.38039
0.17647 0.27059 0.40392
0.16863 0.26275 0.39608
0.16471 0.26667 0.39608
0.16863 0.27059 0.4
0.18824 0.28235 0.41569
0.16471 0.26275 0.38824
0.18039 0.27843 0.4
0.18039 0.27843 0.4
0.15294 0.2549 0.37255
0.16471 0.27059 0.38824
0.15686 0.26275 0.38039
0.19216 0.31373 0.44314
0.18824 0.3098 0.43922
0.18431 0.29804 0.43137
0.19216 0.30588 0.43529
0.18431 0.29804 0.42745
0.18431 0.28627 0.42353
0.18039 0.28235 0.41569
0.18431 0.28627 0.41569
0.18824 0.2902 0.41961
0.18824 0.2902 0.41961
0.19216 0.30196 0.42353
0.18039 0.2902 0.41569
0.19216 0.30588 0.42745
0.19608 0.3098 0.43529
0.19216 0.30588 0.43922
0.17647 0.2902 0.42745
0.18039 0.28627 0.41961
0.17647 0.27843 0.40784
0.18431 0.28235 0.41569
0.17647 0.28235 0.41176
0.16471 0.27451 0.40392
0.16863 0.27843 0.40392
0.17255 0.28627 0.41176
0.16078 0.27843 0.4
0.16471 0.27451 0.40392
0.17255 0.27843 0.40392
0.16863 0.26667 0.38824
0.16863 0.26667 0.38824
0.17647 0.27843 0.39608
0.18039 0.27843 0.40392
0.17647 0.27451 0.4
0.18431 0.27843 0.40784
0.16471 0.26667 0.38824
0.17255 0.27451 0.39216
0.17647 0.27451 0.39608
0.15686 0.25882 0.37647
0.14902 0.2549 0.37255
0.15294 0.25882 0.37647
0.18824 0.31373 0.43922
0.18824 0.3098 0.43137
0.18824 0.30588 0.43137
0.18824 0.30196 0.42745
0.18824 0.29804 0.42353
0.18824 0.29412 0.42353
0.18431 0.28627 0.41569
0.18824 0.2902 0.41961
0.18431 0.28627 0.41569
0.18431 0.28627 0.41569
0.2 0.30588 0.41961
0.19608 0.29804 0.41569
0.2 0.30588 0.42353
0.2 0.3098 0.44314
0.19608 0.3098 0.44314
0.16863 0.28235 0.41569
0.18431 0.2902 0.41961
0.19608 0.29804 0.42745
0.18824 0.2902 0.41961
0.18824 0.2902 0.41961
0.18431 0.28627 0.41569
0.16863 0.27059 0.4
0.17647 0.27843 0.40784
0.17647 0.27843 0.40784
0.18039 0.28235 0.41176
0.17255 0.27451 0.4
0.16471 0.27059 0.38824
0.17255 0.27843 0.39608
0.17255 0.27843 0.39608
0.17647 0.27451 0.39608
0.18431 0.28235 0.40392
0.17647 0.27451 0.39608
0.17647 0.28235 0.4
0.16863 0.27451 0.39216
0.17255 0.27843 0.39608
0.15686 0.26275 0.38039
0.15686 0.26275 0.38039
0.15294 0.25882 0.37647
0.19608 0.32157 0.44314
0.18824 0.30588 0.43137
0.19216 0.30588 0.43137
0.18431 0.29804 0.42353
0.18039 0.28627 0.41569
0.18431 0.28627 0.41569
0.19216 0.29412 0.42353
0.18824 0.2902 0.41961
0.18824 0.2902 0.41961
0.18824 0.2902 0.41961
0.19216 0.29412 0.41961
0.2 0.30196 0.42745
0.19608 0.30588 0.43922
0.18824 0.30196 0.43529
0.18039 0.29412 0.42745
0.18824 0.29412 0.42353
0.18431 0.28627 0.41569
0.18824 0.2902 0.41961
0.18824 0.2902 0.41961
0.18039 0.28235 0.41176
0.17255 0.27451 0.40392
0.16863 0.27059 0.4
0.17647 0.27843 0.40784
0.18431 0.28627 0.41569
0.17647 0.27843 0.40784
0.16078 0.26667 0.38431
0.17255 0.27843 0.39608
0.16863 0.27451 0.39216
0.16863 0.26667 0.38824
0.18431 0.28235 0.40392
0.17647 0.27451 0.39608
0.16863 0.27451 0.39216
0.16863 0.27451 0.39216
0.16863 0.27451 0.39216
0.16471 0.27059 0.38824
0.16863 0.27451 0.39216
0.16863 0.27451 0.39216
0.19216 0.31373 0.43922
0.19608 0.31765 0.43922
0.18431 0.30196 0.42353
0.18824 0.30196 0.42745
0.18431 0.29804 0.42353
0.18431 0.28627 0.41569
0.18431 0.28627 0.41569
0.18824 0.2902 0.41961
0.18824 0.2902 0.41961
0.18824 0.2902 0.41961
0.19608 0.29804 0.42745
0.19608 0.29804 0.42745
0.19216 0.29412 0.42353
0.19608 0.30588 0.43922
0.18039 0.2902 0.42353
0.18039 0.2902 0.42745
0.17647 0.28235 0.41176
0.19216 0.29412 0.42353
0.18824 0.2902 0.41961
0.19608 0.29804 0.42745
0.18431 0.28627 0.41569
0.18039 0.28235 0.41176
0.17255 0.27451 0.40392
0.16471 0.27059 0.39608
0.17647 0.27843 0.40784
0.15686 0.25882 0.38824
0.15294 0.25882 0.37647
0.17647 0.28235 0.4
0.18431 0.2902 0.40784
0.17255 0.27451 0.39216
0.17647 0.27843 0.4
0.16863 0.27059 0.39216
0.17647 0.27843 0.39608
0.18039 0.28627 0.40392
0.17647 0.28235 0.4
0.17255 0.27843 0.39608
0.16078 0.26667 0.38431
0.15294 0.25882 0.37647
0.18824 0.3098 0.43137
0.19216 0.30588 0.43137
0.18824 0.30196 0.42745
0.18824 0.30196 0.42745
0.18824 0.2902 0.41961
0.19216 0.29412 0.42353
0.19608 0.29804 0.42745
0.18824 0.2902 0.42745
0.18824 0.2902 0.42745
0.18431 0.28627 0.42353
0.2 0.30196 0.43922
0.19608 0.29804 0.43529
0.2 0.30196 0.43922
0.18039 0.28627 0.41961
0.19608 0.29804 0.43529
0.17255 0.27451 0.40784
0.19216 0.29412 0.41961
0.18431 0.28627 0.41569
0.18431 0.28627 0.41569
0.18824 0.2902 0.41961
0.18824 0.2902 0.41176
0.18431 0.2902 0.40784
0.17647 0.28235 0.4
0.18431 0.2902 0.41569
0.16078 0.26275 0.39216
0.17255 0.27451 0.40392
0.18431 0.2902 0.41176
0.17647 0.28235 0.4
0.16471 0.27059 0.38824
0.18039 0.28627 0.40392
0.18039 0.28627 0.40392
0.18039 0.28627 0.40392
0.18039 0.28627 0.40392
0.17255 0.27843 0.39608
0.16471 0.27059 0.38824
0.15686 0.26275 0.38039
0.15686 0.26275 0.38039
0.19216 0.3098 0.43922
0.18824 0.30588 0.43529
0.19608 0.3098 0.43922
0.18431 0.29804 0.42745
0.19216 0.30588 0.43137
0.19608 0.29804 0.42745
0.19216 0.29412 0.42353
0.19216 0.29412 0.42353
0.19216 0.29412 0.42745
0.19216 0.29412 0.43137
0.19608 0.29804 0.43529
0.19608 0.29804 0.43529
0.19216 0.29412 0.43137
0.19608 0.29804 0.43529
0.18824 0.2902 0.42745
0.19608 0.29804 0.43529
0.18824 0.2902 0.42353
0.19608 0.29804 0.42745
0.19608 0.29804 0.42745
0.18431 0.28627 0.41569
0.17647 0.27843 0.40784
0.18039 0.28627 0.40392
0.18039 0.28627 0.40392
0.18824 0.29412 0.41176
0.18824 0.29412 0.41961
0.17255 0.27451 0.40392
0.18039 0.28235 0.41176
0.18824 0.2902 0.41569
0.18039 0.28627 0.40392
0.16471 0.27059 0.38824
0.17647 0.28235 0.4
0.18431 0.2902 0.40784
0.19608 0.30196 0.41961
0.18039 0.28627 0.40392
0.16863 0.27451 0.39216
0.16863 0.27451 0.39216
0.15686 0.26275 0.38039
0.15686 0.26667 0.38039
0.19216 0.3098 0.44314
0.18824 0.30588 0.43922
0.19216 0.30588 0.43922
0.18824 0.30196 0.43137
0.18824 0.30196 0.42745
0.18824 0.29412 0.41961
0.18824 0.2902 0.41961
0.19216 0.29412 0.42353
0.18824 0.2902 0.42353
0.18039 0.28235 0.41961
0.19216 0.29412 0.43137
0.18824 0.2902 0.42745
0.18824 0.2902 0.42745
0.18824 0.2902 0.42745
0.19216 0.29412 0.43137
0.19216 0.29412 0.43137
0.18824 0.2902 0.42353
0.18039 0.28235 0.41176
0.18824 0.2902 0.41961
0.18824 0.2902 0.41961
0.18039 0.28235 0.41176
0.18431 0.2902 0.40784
0.19216 0.29804 0.41569
0.18824 0.29412 0.41176
0.18824 0.2902 0.41569
0.16863 0.27059 0.4
0.16471 0.26667 0.39608
0.17647 0.28235 0.40392
0.18039 0.28627 0.40392
0.17647 0.28235 0.4
0.18431 0.2902 0.40784
0.16863 0.27451 0.39216
0.18039 0.28627 0.40392
0.18039 0.28627 0.40392
0.16863 0.27451 0.39216
0.18039 0.28627 0.40392
0.16078 0.26667 0.38431
0.15686 0.26275 0.38039
0.19608 0.3098 0.43529
0.18824 0.30196 0.42745
0.18039 0.29412 0.41961
0.18824 0.29804 0.42353
0.19608 0.29412 0.42745
0.18824 0.2902 0.41961
0.18431 0.29804 0.42353
0.18039 0.29412 0.41961
0.18824 0.29804 0.42353
0.19216 0.30588 0.43137
0.18824 0.29412 0.42745
0.19216 0.29412 0.43137
0.19216 0.29412 0.43137
0.2 0.30196 0.43922
0.18431 0.28627 0.41569
0.18824 0.29804 0.42745
0.17647 0.28627 0.41176
0.18824 0.30196 0.42745
0.17647 0.2902 0.41569
0.19216 0.29804 0.42353
0.18039 0.28235 0.40392
0.2 0.29804 0.41961
0.18039 0.28627 0.40392
0.19608 0.30196 0.41961
0.18039 0.28235 0.40392
0.16078 0.26275 0.39216
0.16863 0.27059 0.4
0.17647 0.27843 0.40392
0.18039 0.28235 0.40392
0.17647 0.28235 0.4
0.17255 0.27843 0.39608
0.17647 0.28235 0.4
0.17647 0.28235 0.4
0.17255 0.27843 0.39216
0.19608 0.3098 0.43922
0.19216 0.30588 0.43137
0.18431 0.29804 0.42745
0.18431 0.29804 0.42745
0.19608 0.30588 0.43529
0.18431 0.29412 0.42353
0.18039 0.29412 0.42353
0.18039 0.29412 0.42353
0.18431 0.29804 0.42353
0.18824 0.30196 0.42745
0.18824 0.29804 0.42745
0.19216 0.29412 0.43137
0.19216 0.29412 0.43137
0.18431 0.28627 0.41961
0.18039 0.28235 0.41176
0.2 0.3098 0.43529
0.18824 0.30196 0.42745
0.18824 0.30196 0.42745
0.18039 0.29412 0.41961
0.19216 0.29804 0.42353
0.18431 0.28235 0.40392
0.19216 0.29412 0.41176
0.17255 0.27843 0.39608
0.19216 0.29804 0.41569
0.18039 0.28627 0.40784
0.17647 0.27843 0.40392
0.17647 0.27843 0.40392
0.17647 0.28235 0.40784
0.17255 0.27843 0.4
0.17255 0.27843 0.4
0.16863 0.27451 0.39608
0.17647 0.27843 0.40392
0.18431 0.2902 0.40784
0.19216 0.30588 0.43922
0.18824 0.30196 0.43529
0.18039 0.29804 0.43137
0.18824 0.3098 0.44314
0.17255 0.2902 0.42353
0.18431 0.29804 0.43137
0.18431 0.29804 0.43137
0.17647 0.2902 0.42353
0.18431 0.29804 0.42353
0.19216 0.29804 0.43137
0.19216 0.29412 0.43137
0.19216 0.29412 0.43137
0.19216 0.29412 0.43137
0.18824 0.2902 0.41961
0.19216 0.30196 0.42745
0.18431 0.30196 0.42745
0.17647 0.2902 0.41569
0.18824 0.30588 0.43137
0.20392 0.3098 0.43922
0.2 0.29804 0.41961
0.18039 0.28235 0.40392
0.17255 0.27843 0.39608
0.18824 0.29412 0.41176
0.18431 0.2902 0.40784
0.17255 0.27843 0.39608
0.18824 0.29412 0.41176
0.18039 0.28627 0.40784
0.18039 0.28235 0.41176
0.18824 0.2902 0.41961
0.16863 0.27059 0.40392
0.17255 0.27451 0.40784
0.18824 0.29412 0.41961
0.18039 0.29412 0.42745
0.17647 0.29412 0.42745
0.18824 0.30588 0.43922
0.18039 0.29804 0.43137
0.18039 0.29412 0.42745
0.18431 0.29804 0.43137
0.18039 0.29412 0.42745
0.19608 0.3098 0.43529
0.18431 0.29804 0.42353
0.18039 0.2902 0.41961
0.18824 0.30196 0.43137
0.19608 0.30588 0.43529
0.18824 0.2902 0.41961
0.18824 0.29412 0.42745
0.18824 0.2902 0.42353
0.18039 0.28627 0.41176
0.18824 0.29804 0.41961
0.19216 0.29804 0.41569
0.18824 0.29804 0.41569
0.18824 0.29412 0.41176
0.17647 0.28235 0.4
0.18431 0.2902 0.40784
0.18431 0.2902 0.40784
0.17255 0.27843 0.39608
0.18039 0.28627 0.40392
0.18431 0.2902 0.40784
0.18039 0.28235 0.41176
0.18039 0.28235 0.41569
0.17255 0.27451 0.40392
0.18039 0.28235 0.40784
0.18039 0.29412 0.42745
0.18431 0.29804 0.43137
0.18431 0.29804 0.43137
0.17647 0.2902 0.42353
0.18039 0.29412 0.42353
0.18824 0.30196 0.42745
0.18039 0.29804 0.42353
0.18824 0.30588 0.43137
0.19216 0.3098 0.43137
0.18824 0.29412 0.41961
0.18824 0.2902 0.42745
0.19216 0.29412 0.42745
0.19608 0.29804 0.42353
0.18824 0.2902 0.40784
0.18431 0.2902 0.40784
0.17647 0.2902 0.40784
0.18431 0.29412 0.41176
0.17647 0.28235 0.4
0.18824 0.29412 0.41176
0.19216 0.29804 0.41569
0.17255 0.27451 0.39608
0.16863 0.27451 0.39216
0.17255 0.27451 0.39608
0.18039 0.28627 0.41176
0.16078 0.26275 0.39216
0.17647 0.27843 0.40784
0.18039 0.29412 0.41961
0.17647 0.29412 0.42745
0.17647 0.29804 0.43137
0.17647 0.2902 0.42353
0.18431 0.29804 0.43137
0.19216 0.30196 0.43922
0.17647 0.2902 0.42353
0.18039 0.30196 0.42353
0.18431 0.29804 0.42353
0.18431 0.2902 0.41569
0.18431 0.28627 0.42353
0.19608 0.29804 0.43137
0.19608 0.29804 0.42353
0.18824 0.29412 0.40784
0.2 0.30588 0.42353
0.18039 0.29412 0.41176
0.18431 0.29412 0.41176
0.18431 0.2902 0.40784
0.18824 0.29412 0.41176
0.18039 0.28627 0.40392
0.17255 0.27059 0.39216
0.18039 0.27843 0.4
0.18039 0.27843 0.4
0.18039 0.2902 0.42353
0.18039 0.29412 0.42745
0.16863 0.2902 0.41176
0.18039 0.29804 0.42353
0.18824 0.2902 0.41961
0.18824 0.28627 0.41961
0.19608 0.29412 0.42745
0.19216 0.2902 0.41961
0.18431 0.28627 0.41176
0.18824 0.29804 0.42353
0.18039 0.2902 0.41961
0.18824 0.29412 0.41961
0.18039 0.27843 0.40392
0.18824 0.28627 0.41176
0.18824 0.2902 0.41569
0.18039 0.29412 0.41961
0.19608 0.30588 0.43137
0.18431 0.28235 0.41176
0.18824 0.28627 0.41569
0.19216 0.29412 0.42353
0.18431 0.28627 0.41569
0.18039 0.27451 0.41176
0.18431 0.27843 0.41961
0.18431 0.27451 0.41961
0.18824 0.28235 0.42353
0.17647 0.28627 0.41176
0.18824 0.29412 0.42353
0.18824 0.29412 0.41961
0.18824 0.28627 0.41569
0.18431 0.27843 0.41176
0.18431 0.28235 0.41176
0.18824 0.29412 0.41961
0.18824 0.29412 0.42353
0.17255 0.28627 0.41569
0.17255 0.2902 0.42353
0.16863 0.2902 0.42353
0.16471 0.27843 0.41176
0.17647 0.28235 0.41176
0.18824 0.29412 0.42353
0.19216 0.29804 0.42353
0.18824 0.28235 0.41569
0.17255 0.27843 0.40784
0.17647 0.28627 0.41961
0.18039 0.2902 0.42353
0.18039 0.28627 0.42353
0.18039 0.28235 0.41176
0.18431 0.28627 0.41569
0.16863 0.28235 0.40784
0.17255 0.28627 0.42353
0.17647 0.2902 0.41961
