0.98824 0.92941 0.82745
0.99216 0.93333 0.83529
0.99216 0.92549 0.82353
0.99216 0.93333 0.82745
0.98824 0.93333 0.83137
0.97255 0.91765 0.81961
0.98039 0.92157 0.82353
0.98824 0.92157 0.81961
0.98824 0.92549 0.82353
0.98431 0.92941 0.82745
0.97647 0.91765 0.81961
0.98824 0.92941 0.82745
0.98824 0.92549 0.82353
0.97255 0.91765 0.81176
0.98039 0.92549 0.82353
0.98039 0.91765 0.81961
0.97647 0.91373 0.81569
0.98039 0.92157 0.81961
0.99216 0.94118 0.83922
0.94118 0.87451 0.77647
0.98824 0.92941 0.83137
0.98431 0.92157 0.81961
0.99608 0.93333 0.83529
0.98431 0.92157 0.82745
0.99216 0.93725 0.84314
0.98431 0.92941 0.82745
0.98039 0.92157 0.82353
0.99216 0.92941 0.83137
0.93725 0.86275 0.77255
0.98039 0.90196 0.80784
0.8549 0.76863 0.67843
0.92549 0.83529 0.73725
