0.63137 0.71373 0.78824
0.62745 0.70588 0.78431
0.62353 0.70588 0.78039
0.62745 0.7098 0.78431
0.62745 0.7098 0.78431
0.63137 0.70588 0.78039
0.62745 0.7098 0.78431
0.62745 0.70588 0.78039
0.62745 0.70588 0.78039
0.62745 0.70588 0.78039
0.63137 0.71373 0.78824
0.63137 0.71373 0.78824
0.62745 0.7098 0.78431
0.62745 0.7098 0.78431
0.62353 0.70588 0.78039
0.63137 0.71373 0.79216
0.62745 0.7098 0.78431
0.63137 0.71373 0.78824
0.62745 0.70588 0.78039
0.62745 0.7098 0.78824
0.63137 0.71373 0.78824
0.63529 0.71765 0.79216
0.63137 0.7098 0.78431
0.63137 0.71373 0.78824
0.62745 0.7098 0.78824
