0.89804 0.81961 0.68235
0.88627 0.82353 0.6902
0.89412 0.81961 0.68235
0.86275 0.79216 0.67451
0.90196 0.82745 0.69412
0.91765 0.83922 0.69804
0.81569 0.75294 0.64314
0.89804 0.82745 0.69412
0.91765 0.84314 0.71373
0.93333 0.8549 0.72549
0.81961 0.75686 0.65098
0.90196 0.82745 0.69804
0.92549 0.84706 0.72157
0.93725 0.85882 0.72941
0.93333 0.8549 0.72549
0.83529 0.76471 0.65882
0.90588 0.82745 0.69412
0.92549 0.85098 0.72157
0.93725 0.86275 0.73333
0.93725 0.86275 0.73333
0.93725 0.86275 0.73333
0.93333 0.85882 0.73333
0.83529 0.76471 0.6549
0.9098 0.82745 0.69804
0.92549 0.8549 0.72549
0.92941 0.8549 0.72549
0.93725 0.86275 0.73725
0.94118 0.86667 0.73725
0.93725 0.86275 0.73725
0.94118 0.86667 0.74118
0.85882 0.78824 0.67059
0.90196 0.81961 0.6902
0.92157 0.84706 0.71765
0.92941 0.8549 0.72941
0.93333 0.85882 0.73333
0.92941 0.8549 0.72941
0.9451 0.87059 0.7451
0.95294 0.87843 0.75294
0.94118 0.86667 0.73725
0.87451 0.80392 0.68627
0.91373 0.83137 0.70196
0.91765 0.84314 0.71373
0.93725 0.86275 0.73333
0.93333 0.85882 0.73333
0.93333 0.85882 0.73333
0.9451 0.87059 0.7451
0.9451 0.87059 0.74902
0.93725 0.86275 0.73725
0.93725 0.85882 0.73333
0.88627 0.81569 0.69804
0.92157 0.83922 0.7098
0.91373 0.83922 0.7098
0.92157 0.84314 0.71373
0.92549 0.85098 0.72157
0.92549 0.85098 0.72549
0.93333 0.85882 0.72941
0.9451 0.87059 0.7451
0.93333 0.85882 0.72941
0.91373 0.83529 0.70588
0.91373 0.83529 0.70196
0.90588 0.81569 0.6902
0.8902 0.81176 0.70196
0.89412 0.81176 0.68235
0.9098 0.83529 0.70196
0.92157 0.84314 0.71373
0.92941 0.85098 0.72157
0.92941 0.8549 0.72157
0.92549 0.8549 0.71765
0.93333 0.85882 0.72549
0.92941 0.8549 0.71765
0.90196 0.82353 0.68627
0.90588 0.82745 0.69412
0.88627 0.80784 0.67451
0.91765 0.83137 0.7098
0.88235 0.80392 0.6902
0.89804 0.81569 0.68627
0.91373 0.83922 0.70588
0.93333 0.8549 0.72549
0.93333 0.8549 0.72549
0.93333 0.85882 0.72157
0.92157 0.84314 0.70588
0.92549 0.85098 0.7098
0.92157 0.84314 0.70588
0.89804 0.82353 0.6902
0.89804 0.81961 0.69412
0.90588 0.82745 0.70196
0.91373 0.83529 0.7098
0.92157 0.84706 0.72549
0.92549 0.85882 0.74118
0.89412 0.81961 0.70588
0.92157 0.83922 0.7098
0.92941 0.8549 0.72157
0.93725 0.85882 0.72941
0.92941 0.85098 0.72157
0.93333 0.8549 0.71765
0.92157 0.84314 0.69804
0.92157 0.84314 0.69804
0.90588 0.82745 0.68627
0.8902 0.81176 0.68235
0.8902 0.80784 0.68627
0.89804 0.81961 0.70588
0.9098 0.83922 0.71373
0.93725 0.87059 0.74902
0.93333 0.86667 0.74902
0.92549 0.85098 0.73333
0.88627 0.81569 0.71373
0.9098 0.84314 0.7098
0.92941 0.8549 0.72549
0.92941 0.8549 0.72549
0.92941 0.85098 0.72157
0.92941 0.85098 0.7098
0.92157 0.84314 0.69412
0.92549 0.84314 0.69412
0.91373 0.82745 0.6902
0.90588 0.81569 0.6902
0.89804 0.81569 0.6902
0.89412 0.81569 0.69804
0.92941 0.8549 0.73725
0.94118 0.87059 0.75294
0.9451 0.87843 0.76078
0.91765 0.84314 0.72549
0.9098 0.83137 0.71765
0.89412 0.81176 0.69804
0.88627 0.81569 0.71765
0.92157 0.8549 0.72549
0.92941 0.8549 0.72157
0.92941 0.8549 0.71765
0.93725 0.85882 0.72941
0.93333 0.8549 0.71765
0.92549 0.84314 0.70196
0.94118 0.85098 0.7098
0.90588 0.81569 0.68235
0.89804 0.80784 0.68235
0.8902 0.80784 0.68627
0.90588 0.82353 0.70196
0.93725 0.86275 0.7451
0.9451 0.87451 0.75686
0.9451 0.87451 0.75686
0.93333 0.85882 0.74118
0.8902 0.81176 0.69412
0.87059 0.78824 0.67451
0.89412 0.82353 0.72941
0.92157 0.8549 0.72941
0.91373 0.84314 0.70588
0.92941 0.85882 0.71765
0.93333 0.8549 0.71373
0.93725 0.85098 0.71765
0.93333 0.83922 0.70588
0.92941 0.83137 0.70196
0.9098 0.81569 0.68627
0.90196 0.81176 0.68627
0.9098 0.82353 0.70196
0.92157 0.83922 0.72157
0.94118 0.86667 0.74902
0.9451 0.87451 0.75686
0.93725 0.86667 0.75294
0.93333 0.86275 0.7451
0.9098 0.83529 0.71765
0.88235 0.8 0.68627
0.88627 0.83922 0.7451
0.92941 0.86275 0.7451
0.92157 0.85098 0.72549
0.91765 0.84314 0.71373
0.92549 0.84706 0.71765
0.93333 0.85098 0.71765
0.93333 0.84314 0.7098
0.92549 0.83137 0.70196
0.91373 0.81569 0.68627
0.90588 0.81176 0.68235
0.9098 0.81961 0.69412
0.92157 0.84314 0.71765
0.94118 0.86275 0.74118
0.93725 0.86667 0.7451
0.92941 0.86275 0.74902
0.9451 0.87059 0.75294
0.9451 0.87059 0.75294
0.88235 0.83922 0.75294
0.9451 0.87843 0.76471
0.92941 0.8549 0.73333
0.91373 0.83922 0.71373
0.91765 0.83922 0.7098
0.93333 0.8549 0.71765
0.93333 0.84314 0.7098
0.92549 0.83137 0.70196
0.90196 0.80392 0.67059
0.8902 0.8 0.66667
0.90196 0.81176 0.68627
0.92157 0.83922 0.71373
0.93725 0.85882 0.72941
0.92157 0.84314 0.72157
0.92157 0.84706 0.72941
0.94118 0.86667 0.74902
0.94118 0.86667 0.74902
0.87843 0.83529 0.75294
0.93725 0.87451 0.76471
0.93333 0.86275 0.74118
0.93333 0.85882 0.72941
0.93725 0.85882 0.72941
0.94118 0.86275 0.72549
0.93333 0.84706 0.7098
0.92549 0.83137 0.69804
0.9098 0.81569 0.68235
0.90196 0.80784 0.67451
0.92157 0.83529 0.70588
0.92549 0.84314 0.71373
0.93333 0.84706 0.72157
0.9098 0.83137 0.70588
0.92941 0.8549 0.72941
0.94118 0.86667 0.74118
0.86275 0.81176 0.73333
0.93725 0.87451 0.76471
0.92549 0.8549 0.74118
0.93333 0.85882 0.73333
0.94118 0.85882 0.73333
0.93725 0.85882 0.72549
0.92941 0.85098 0.71373
0.91765 0.82745 0.69412
0.91765 0.82745 0.69412
0.92549 0.83529 0.70196
0.94118 0.85098 0.72157
0.93725 0.8549 0.72157
0.93333 0.85098 0.72157
0.92157 0.84314 0.71373
0.93333 0.8549 0.72941
0.94118 0.86667 0.73333
0.84706 0.79608 0.71373
0.92941 0.86275 0.75294
0.9098 0.84314 0.72941
0.93333 0.85882 0.73725
0.94118 0.86275 0.73725
0.93333 0.8549 0.72157
0.92941 0.85098 0.71373
0.92549 0.83529 0.70196
0.92157 0.83137 0.69804
0.94118 0.8549 0.72157
0.94902 0.85882 0.72549
0.94118 0.8549 0.72157
0.93725 0.85882 0.72941
0.92941 0.85098 0.72157
0.92157 0.84314 0.71373
0.92549 0.84706 0.7098
0.84706 0.8 0.7098
0.93333 0.86667 0.7451
0.92549 0.85882 0.74118
0.94118 0.86667 0.7451
0.93333 0.8549 0.72941
0.92549 0.84706 0.71765
0.92941 0.85098 0.71765
0.92549 0.83529 0.7098
0.92157 0.83137 0.70196
0.93333 0.84314 0.7098
0.93333 0.84314 0.7098
0.93725 0.84706 0.71373
0.93333 0.84314 0.7098
0.93333 0.84314 0.7098
0.92941 0.83922 0.70588
0.83137 0.78039 0.68627
0.92157 0.85098 0.72941
0.93333 0.85882 0.7451
0.9451 0.86667 0.7451
0.93725 0.85882 0.73333
0.92941 0.85098 0.72157
0.92941 0.85098 0.72157
0.93725 0.84706 0.72157
0.92549 0.83137 0.70196
0.93333 0.83922 0.70588
0.92549 0.83137 0.69804
0.92157 0.82745 0.69412
0.90196 0.81176 0.67843
0.92157 0.82745 0.69412
0.92941 0.83529 0.70196
0.80784 0.75294 0.65882
0.92157 0.84706 0.72941
0.92549 0.84314 0.73333
0.93725 0.8549 0.73333
0.94902 0.86667 0.74118
0.9451 0.86667 0.73725
0.93333 0.85098 0.72157
0.9451 0.8549 0.72941
0.9451 0.8549 0.72549
0.93725 0.84706 0.7098
0.93333 0.83922 0.70588
0.92157 0.81961 0.6902
0.91765 0.82353 0.6902
0.92549 0.83137 0.69804
0.78824 0.72941 0.63529
0.9098 0.83529 0.71765
0.92941 0.84706 0.73725
0.9451 0.86275 0.7451
0.9451 0.86275 0.73725
0.93333 0.85882 0.72941
0.93333 0.85882 0.72941
0.9451 0.86667 0.73725
0.95686 0.87451 0.7451
0.9451 0.85882 0.72157
0.93333 0.84314 0.7098
0.92549 0.82745 0.69412
0.91765 0.82353 0.6902
0.92941 0.83137 0.69804
0.76863 0.71373 0.61961
0.91373 0.83529 0.71373
0.92549 0.84706 0.72941
0.9451 0.86275 0.7451
0.9451 0.86667 0.74118
0.92941 0.85882 0.72941
0.93725 0.86275 0.73333
0.95294 0.87843 0.74902
0.93725 0.85882 0.72941
0.94118 0.86275 0.72549
0.93725 0.85098 0.71765
0.92941 0.83922 0.70588
0.92549 0.83529 0.70196
0.76471 0.7098 0.61569
0.91373 0.83922 0.7098
0.92941 0.8549 0.72941
0.94118 0.86667 0.74118
0.94902 0.87451 0.74902
0.94118 0.86667 0.74118
0.94902 0.87451 0.74902
0.95294 0.87843 0.75294
0.94118 0.86667 0.73725
0.9451 0.86667 0.73725
0.94118 0.86275 0.73333
0.93725 0.85882 0.72941
0.72549 0.66667 0.58824
0.91765 0.85098 0.72157
0.91373 0.84706 0.72157
0.93333 0.86275 0.74118
0.93725 0.86667 0.7451
0.69804 0.63922 0.57255
0.66275 0.61569 0.55686
