0.14902 0.47451 0.68627
0.17647 0.50196 0.71373
0.16863 0.49412 0.70588
0.15294 0.47843 0.6902
0.18039 0.50588 0.71765
0.17255 0.49804 0.7098
0.15686 0.48235 0.69412
0.1451 0.47451 0.6902
0.17647 0.50588 0.72157
0.15686 0.4902 0.70588
0.1451 0.47843 0.6902
0.14118 0.46667 0.68627
0.16471 0.49804 0.71373
0.16078 0.49412 0.7098
0.1451 0.47843 0.69412
0.16471 0.49804 0.71373
0.15294 0.48627 0.70196
0.15294 0.48627 0.70196
0.14902 0.47451 0.69412
0.16471 0.50196 0.71373
0.15686 0.49804 0.7098
0.14902 0.47843 0.69804
0.16078 0.50196 0.71373
0.14118 0.48235 0.69412
