0.20392 0.29804 0.41569
0.21176 0.30196 0.37255
0.23137 0.33333 0.47059
0.22745 0.33333 0.47059
0.23529 0.34118 0.46667
0.25882 0.33725 0.41569
0.23529 0.33725 0.46667
0.22745 0.33333 0.46275
0.23137 0.33725 0.46667
0.24314 0.33725 0.47059
0.21176 0.30196 0.39216
0.24314 0.33333 0.4549
0.23922 0.34118 0.47451
0.22353 0.32941 0.45882
0.22353 0.31765 0.45098
0.23922 0.33725 0.46275
0.23137 0.32941 0.46275
0.23529 0.31373 0.42745
0.22745 0.31765 0.40784
0.23529 0.3451 0.46667
0.2549 0.35294 0.48235
0.22745 0.32157 0.4549
0.23137 0.32941 0.4549
0.23529 0.33333 0.46275
0.23529 0.32157 0.45098
0.25098 0.33333 0.46667
0.23137 0.31373 0.45098
