0.035294 0.18039 0.35294
0.023529 0.16863 0.33725
0.023529 0.17647 0.3451
0.023529 0.17647 0.3451
0.031373 0.18039 0.34902
0.027451 0.17647 0.3451
0.023529 0.17255 0.34118
0.019608 0.18039 0.3451
0.019608 0.18039 0.3451
0.023529 0.17647 0.3451
0.027451 0.18039 0.34902
0.023529 0.17647 0.3451
0.011765 0.17647 0.34118
0.019608 0.18431 0.34902
0.015686 0.17647 0.34118
0.015686 0.17647 0.34118
0.015686 0.17647 0.3451
0.027451 0.18039 0.34902
0.023529 0.18039 0.34902
0.015686 0.18039 0.34118
0.011765 0.17647 0.34118
0.0078431 0.17255 0.33725
0.027451 0.18039 0.34902
0.027451 0.18039 0.34902
0.027451 0.18039 0.34902
0.015686 0.17647 0.34118
0.023529 0.18039 0.34902
0.015686 0.17255 0.34118
0.023529 0.17647 0.3451
0.023529 0.17647 0.3451
0.023529 0.17647 0.3451
0.031373 0.18431 0.35294
0.023529 0.17647 0.3451
0.035294 0.18431 0.36078
0.023529 0.17647 0.34902
