0.56078 0.63922 0.7451
0.56078 0.63922 0.74118
0.55686 0.64314 0.74902
0.55294 0.63922 0.7451
0.54902 0.63137 0.73725
0.55686 0.63529 0.74118
0.56471 0.64314 0.74902
0.55686 0.63922 0.7451
0.55686 0.63922 0.7451
0.56078 0.64314 0.74902
0.55686 0.63922 0.7451
0.56078 0.64314 0.74902
0.56078 0.64314 0.7451
0.55686 0.64314 0.74902
0.55686 0.63922 0.7451
0.55294 0.63529 0.74118
0.55686 0.63922 0.7451
0.56078 0.64314 0.7451
0.56078 0.64314 0.74902
0.55686 0.63922 0.7451
0.55294 0.63529 0.74118
0.55294 0.63529 0.74118
0.56078 0.63922 0.74118
0.55294 0.63529 0.74118
0.55686 0.63922 0.7451
0.55686 0.64314 0.7451
0.55294 0.63529 0.74118
