0.67059 0.61961 0.58431
0.67059 0.61961 0.58431
0.67059 0.62353 0.58431
0.67451 0.62353 0.58824
0.67451 0.62353 0.58824
0.67451 0.62353 0.58824
0.67451 0.62353 0.58824
0.67059 0.62353 0.58824
0.66667 0.62353 0.58431
0.67059 0.62745 0.58824
0.67451 0.62353 0.58824
0.67451 0.62353 0.58824
0.67843 0.62745 0.58824
0.67843 0.62745 0.58824
0.67451 0.62745 0.58824
0.67843 0.62745 0.58824
0.67451 0.62353 0.58824
0.67451 0.62353 0.58824
0.67451 0.62353 0.58824
0.67843 0.62745 0.59216
0.67451 0.62353 0.58824
0.67451 0.62353 0.58824
