1 0.97647 0.88235
0.99608 0.96471 0.87059
0.99608 0.95686 0.8549
0.99608 0.95294 0.84314
1 0.94902 0.83137
0.99608 0.94902 0.83137
0.99608 0.94118 0.83137
0.99608 0.93333 0.82745
0.99608 0.92941 0.82353
0.98824 0.92157 0.81569
0.98039 0.92157 0.80784
0.95686 0.8902 0.77647
0.97647 0.90588 0.78824
0.99608 0.97255 0.87059
1 0.96078 0.85882
0.99608 0.95294 0.84706
1 0.95294 0.84314
1 0.94118 0.83529
0.98824 0.93333 0.82745
0.98824 0.92941 0.81961
0.99216 0.92549 0.81569
0.99216 0.92549 0.81569
0.98431 0.91765 0.80784
0.98431 0.91765 0.80784
0.96863 0.89412 0.78431
0.98431 0.90588 0.79216
0.98039 0.89804 0.77647
1 0.96863 0.86667
1 0.95686 0.85882
1 0.94902 0.84706
1 0.9451 0.83922
0.99608 0.93725 0.83137
0.99216 0.92941 0.82745
0.97255 0.90588 0.80392
0.97255 0.90588 0.8
0.98431 0.91765 0.80784
0.97255 0.90588 0.79216
0.98824 0.91373 0.8
0.96078 0.88235 0.76471
0.98039 0.89412 0.77647
0.96863 0.8902 0.76471
0.99608 0.96471 0.86275
0.99608 0.94902 0.85098
0.99608 0.9451 0.84314
1 0.9451 0.83922
1 0.94118 0.83922
0.99608 0.93333 0.83137
0.98039 0.91373 0.81176
0.97255 0.90588 0.8
0.97647 0.9098 0.8
0.97647 0.9098 0.79216
0.98431 0.9098 0.78824
0.96863 0.89412 0.76863
0.95294 0.87059 0.7451
0.99608 0.96863 0.85882
0.99608 0.96078 0.85882
0.99608 0.94902 0.85098
1 0.94902 0.84706
0.99608 0.9451 0.83922
1 0.94118 0.83922
0.99608 0.92941 0.82745
0.99608 0.92941 0.82745
0.98431 0.91765 0.81569
0.97255 0.90588 0.79608
0.99216 0.92549 0.81176
0.97647 0.90196 0.77647
0.93333 0.85882 0.72941
0.94902 0.87059 0.74118
0.96863 0.87843 0.75294
0.99608 0.96863 0.86667
0.99608 0.96078 0.85882
0.99608 0.95686 0.8549
0.99608 0.94902 0.84706
1 0.94902 0.84706
1 0.9451 0.84314
0.99608 0.9451 0.84314
0.99216 0.93725 0.83529
0.98824 0.92941 0.83137
0.98824 0.92549 0.82353
0.98824 0.92549 0.81961
0.99608 0.92941 0.81961
0.97647 0.90196 0.78039
0.92157 0.84314 0.71765
0.96471 0.87843 0.74902
0.99608 0.97255 0.87059
0.99608 0.96863 0.86667
1 0.96078 0.86667
0.99608 0.95686 0.8549
0.99608 0.94902 0.84706
1 0.94902 0.84706
0.99608 0.9451 0.84314
0.99608 0.9451 0.84314
0.99216 0.93725 0.83529
0.98824 0.93333 0.83137
0.99216 0.92941 0.83137
0.99608 0.92941 0.82745
0.98431 0.91765 0.80784
0.96471 0.8902 0.77647
0.93725 0.8549 0.73725
0.98431 0.89412 0.77255
0.99608 0.97255 0.87059
0.99608 0.96863 0.86667
0.99216 0.96471 0.86275
1 0.96078 0.86275
0.99608 0.95294 0.8549
0.99608 0.94902 0.84706
1 0.94902 0.84706
0.99216 0.93725 0.83529
0.99216 0.93725 0.83529
0.99216 0.93725 0.83529
0.98824 0.92941 0.83137
0.99216 0.92941 0.83137
0.98824 0.92157 0.82353
0.96078 0.89412 0.78824
0.95294 0.87451 0.76863
0.96863 0.88235 0.76863
0.99216 0.90196 0.78039
1 0.97255 0.87843
0.99216 0.96471 0.87059
0.99608 0.96471 0.86275
0.99608 0.96078 0.86275
0.99608 0.95294 0.85882
0.99608 0.94902 0.85098
0.99608 0.94902 0.84706
1 0.94902 0.84706
0.99608 0.94118 0.83922
0.99216 0.93725 0.83529
0.99216 0.93725 0.83529
0.99216 0.93333 0.83137
0.99608 0.93333 0.83137
0.99216 0.92157 0.81961
0.95686 0.88235 0.77647
0.95294 0.87451 0.76471
0.97647 0.89412 0.78039
0.99608 0.96471 0.87451
0.99608 0.96471 0.87451
0.99216 0.96078 0.87059
0.99608 0.96078 0.86275
0.99608 0.95294 0.8549
0.99608 0.95294 0.85882
1 0.94902 0.85098
1 0.9451 0.84314
1 0.94902 0.84706
0.99608 0.9451 0.84314
0.99216 0.93725 0.83529
0.99608 0.94118 0.83922
0.99216 0.93333 0.83137
0.99216 0.92549 0.82353
0.99608 0.92157 0.81569
0.96471 0.88627 0.77647
0.93725 0.85882 0.74118
0.9451 0.85882 0.7451
1 0.96471 0.87843
0.99608 0.96471 0.87451
0.99216 0.96471 0.87451
0.99216 0.96078 0.87059
0.99608 0.96078 0.86275
0.99608 0.95294 0.8549
0.99608 0.94902 0.85882
0.99608 0.9451 0.84706
0.99608 0.9451 0.83922
0.99608 0.9451 0.84314
0.99608 0.94118 0.83922
0.99216 0.94118 0.83922
0.99216 0.93725 0.83529
0.99216 0.93333 0.83529
0.98824 0.92157 0.82353
0.97255 0.90196 0.78431
0.9451 0.87059 0.7451
0.96078 0.87451 0.76078
1 0.96863 0.87843
1 0.96471 0.87451
0.99608 0.96471 0.87059
0.99608 0.96078 0.86667
0.99608 0.96078 0.86667
1 0.95294 0.85882
0.99608 0.94902 0.85098
0.99608 0.9451 0.84706
0.99216 0.94118 0.83922
0.99608 0.94118 0.83922
1 0.9451 0.84314
0.98824 0.93333 0.83137
0.99216 0.93333 0.83529
0.99216 0.93725 0.83529
0.99216 0.93333 0.83137
0.98431 0.91765 0.81569
0.96471 0.88627 0.77255
0.92941 0.84706 0.72157
0.93725 0.84314 0.72941
1 0.96863 0.87843
1 0.96863 0.87059
0.99608 0.96863 0.86667
0.99608 0.96471 0.86275
1 0.96078 0.86275
1 0.95686 0.86275
1 0.9451 0.8549
1 0.9451 0.84706
0.99608 0.94118 0.83922
0.98824 0.93725 0.83137
0.99216 0.93725 0.83922
0.99216 0.94118 0.83922
0.99216 0.93725 0.83529
0.99608 0.93333 0.83529
0.99216 0.92941 0.83137
0.98824 0.92549 0.82745
0.98431 0.92157 0.80784
0.97255 0.88627 0.77647
0.95294 0.8549 0.7451
0.99608 0.96471 0.87451
1 0.96863 0.87451
0.99216 0.96863 0.86275
0.99216 0.96078 0.86275
1 0.96078 0.86275
1 0.95294 0.85882
0.99608 0.94118 0.85098
1 0.94118 0.84314
0.98431 0.92549 0.82353
0.98431 0.92549 0.82353
0.99216 0.92941 0.83137
0.98824 0.92549 0.82745
0.98824 0.92941 0.82745
0.99216 0.92941 0.83137
0.98431 0.92157 0.82353
0.98431 0.92549 0.82353
0.98431 0.91373 0.80784
0.96471 0.86667 0.76078
0.99608 0.96863 0.88235
0.99608 0.96471 0.87451
1 0.96863 0.87451
0.99216 0.96471 0.86275
0.99216 0.95686 0.85882
0.99608 0.95686 0.85882
0.99216 0.9451 0.85098
0.99608 0.93333 0.84314
0.99216 0.92941 0.83529
0.97255 0.90588 0.80784
0.98039 0.91765 0.81961
0.98431 0.92157 0.82353
0.98431 0.92157 0.82353
0.98824 0.92549 0.82745
0.99216 0.92941 0.82745
0.98431 0.92157 0.82353
0.98824 0.92549 0.82353
0.98039 0.90588 0.79608
0.9451 0.84706 0.74118
0.98431 0.94118 0.85882
0.99608 0.95294 0.86667
1 0.96078 0.86667
1 0.95686 0.87059
0.99608 0.95294 0.86667
1 0.95294 0.86667
1 0.94902 0.85882
1 0.94118 0.85098
0.99608 0.93725 0.84706
0.99608 0.93333 0.83922
0.98824 0.91765 0.82353
0.98431 0.90588 0.81176
0.98039 0.91373 0.81569
0.98039 0.92157 0.82353
0.98431 0.92157 0.82745
0.98431 0.92549 0.82353
0.98431 0.92157 0.81961
0.97255 0.9098 0.80784
0.98039 0.91765 0.81176
0.98039 0.90196 0.79216
1 0.95686 0.87843
0.98824 0.9451 0.85882
0.99608 0.95686 0.86275
1 0.95686 0.87059
0.99216 0.9451 0.85882
1 0.9451 0.85882
1 0.9451 0.8549
1 0.94118 0.85098
0.99608 0.94118 0.85098
0.99608 0.93333 0.83529
0.97255 0.90196 0.80392
0.98039 0.90196 0.80784
0.98431 0.91373 0.81961
0.98431 0.91765 0.81961
0.98824 0.92157 0.82353
0.98824 0.92549 0.82353
0.97647 0.91373 0.81176
0.97647 0.9098 0.80392
0.97255 0.89804 0.78431
0.95294 0.86275 0.74902
1 0.95686 0.87843
0.98431 0.94118 0.8549
0.98431 0.94118 0.84706
0.99216 0.9451 0.85882
0.99608 0.94118 0.85882
1 0.94118 0.85882
1 0.94118 0.85098
1 0.94118 0.85098
0.99216 0.93725 0.84706
0.98431 0.92549 0.82353
0.96078 0.89412 0.79216
0.97255 0.89804 0.79608
0.97647 0.90588 0.80392
0.98039 0.91765 0.81176
0.98824 0.92157 0.81961
0.98431 0.91765 0.81569
0.96471 0.90196 0.79608
0.97255 0.89412 0.78039
0.9451 0.85882 0.73725
1 0.95686 0.87843
0.99608 0.96078 0.87451
0.98431 0.95294 0.8549
0.97255 0.92157 0.83137
0.98824 0.92941 0.83922
0.99608 0.94118 0.85098
0.99608 0.93725 0.84706
0.99216 0.93725 0.84706
0.99608 0.94118 0.84314
0.98824 0.92549 0.82745
0.98431 0.91765 0.81961
0.96471 0.89804 0.78431
0.96078 0.89412 0.77255
0.96471 0.90196 0.79216
0.97255 0.91373 0.80392
0.97647 0.91765 0.80784
0.98039 0.91765 0.80392
0.97255 0.89412 0.78039
0.96471 0.87843 0.76471
0.99216 0.94902 0.87059
1 0.95686 0.87451
0.99608 0.96078 0.87451
0.99216 0.96078 0.86275
0.97255 0.91373 0.82353
0.98431 0.92157 0.83137
0.99608 0.93333 0.84314
0.99608 0.93333 0.84314
0.99216 0.93333 0.83922
0.99608 0.93333 0.83137
0.98039 0.91765 0.81569
0.96863 0.89804 0.79608
0.93725 0.87059 0.74902
0.93333 0.86667 0.74118
0.96863 0.90588 0.78824
0.96863 0.9098 0.79608
0.96471 0.90196 0.79216
0.98039 0.91373 0.79608
0.96863 0.88627 0.77255
0.92157 0.83529 0.72157
0.99216 0.94118 0.84314
0.99608 0.95294 0.85882
0.99608 0.96078 0.87059
0.99608 0.96078 0.87451
0.99608 0.96471 0.87059
0.99608 0.96471 0.86667
0.97255 0.91765 0.82353
0.97255 0.9098 0.81176
0.98431 0.92157 0.82353
0.99216 0.92941 0.83137
0.98824 0.92549 0.82745
0.98824 0.92157 0.81961
0.98431 0.91373 0.80784
0.96471 0.8902 0.77647
0.93333 0.85882 0.72941
0.94902 0.87451 0.75294
0.97255 0.90588 0.79216
0.95294 0.88627 0.77647
0.96863 0.90588 0.79608
0.99216 0.92157 0.80784
0.98039 0.90196 0.78431
0.99216 0.93725 0.83922
0.99608 0.94902 0.8549
0.99608 0.95294 0.86275
1 0.95686 0.87059
1 0.96078 0.87451
0.98039 0.92549 0.83529
0.96078 0.8902 0.79608
0.96863 0.90196 0.80784
0.98039 0.9098 0.81569
0.98431 0.91765 0.81961
0.97647 0.9098 0.80392
0.96863 0.90196 0.78824
0.96078 0.88627 0.76863
0.94118 0.85882 0.73725
0.96471 0.8902 0.76471
0.97647 0.90196 0.77647
0.93725 0.86275 0.7451
0.95686 0.87843 0.76078
0.97647 0.88627 0.76471
0.94118 0.84314 0.72941
0.98824 0.92157 0.81961
0.99216 0.93333 0.83529
0.99608 0.94902 0.8549
1 0.95686 0.87451
1 0.96078 0.87843
0.98824 0.93725 0.84706
0.95686 0.88627 0.79216
0.96078 0.8902 0.79608
0.96863 0.89804 0.80392
0.98039 0.91373 0.81176
0.96863 0.90196 0.79608
0.96078 0.89412 0.78039
0.96078 0.88627 0.77255
0.96471 0.8902 0.76863
0.98039 0.89804 0.77255
0.96863 0.88627 0.75294
0.94902 0.86275 0.73333
0.94902 0.85882 0.72941
0.98431 0.92157 0.81961
0.98824 0.93333 0.83922
0.99216 0.94902 0.86667
1 0.95686 0.87843
0.99216 0.94118 0.84706
0.96078 0.89412 0.79216
0.95686 0.8902 0.78824
0.96078 0.89412 0.79216
0.97255 0.90588 0.80392
0.94902 0.88235 0.77255
0.95294 0.88627 0.77255
0.95686 0.88627 0.76863
0.96078 0.8902 0.76863
0.97255 0.88627 0.76471
0.95294 0.86275 0.72941
0.92941 0.83529 0.6902
0.95686 0.8549 0.71373
0.96863 0.90588 0.80392
0.98824 0.92549 0.83137
0.99608 0.94118 0.85098
0.99608 0.95294 0.86275
0.99608 0.94902 0.8549
0.96471 0.90196 0.8
0.95686 0.88235 0.78039
0.96078 0.88627 0.78039
0.97255 0.90588 0.79608
0.95294 0.88627 0.77255
0.95294 0.88627 0.76471
0.96078 0.8902 0.76863
0.96471 0.88627 0.76471
0.96078 0.87059 0.74118
0.93333 0.83529 0.70196
0.99216 0.92941 0.83137
0.99608 0.93725 0.83922
0.99608 0.95294 0.8549
0.99608 0.95686 0.85882
0.98039 0.92157 0.81961
0.96863 0.8902 0.78431
0.96078 0.88235 0.76863
0.96863 0.90196 0.79216
0.96863 0.90196 0.78431
0.95686 0.89412 0.76863
0.96471 0.88627 0.76078
0.95294 0.86667 0.73725
0.96471 0.87059 0.73333
0.93725 0.82745 0.69412
0.99608 0.94118 0.83922
0.99608 0.9451 0.84314
0.99216 0.94118 0.84706
0.99608 0.94902 0.85098
0.98039 0.92941 0.82745
0.95686 0.8902 0.78039
0.96078 0.8902 0.77647
0.96471 0.89804 0.78824
0.96471 0.89804 0.78431
0.95294 0.8902 0.76471
0.96078 0.87843 0.75294
0.9451 0.8549 0.72157
0.94902 0.85098 0.70588
1 0.95294 0.85098
0.99608 0.9451 0.84706
0.98431 0.92941 0.83529
0.98824 0.93333 0.83922
0.98431 0.92941 0.82745
0.96471 0.90196 0.79608
0.96471 0.89804 0.78431
0.96471 0.89804 0.78824
0.95686 0.8902 0.77647
0.95294 0.88627 0.76078
0.95686 0.87451 0.74902
0.94118 0.84706 0.7098
0.9451 0.83922 0.69412
0.99608 0.9451 0.85098
0.99216 0.93333 0.84314
0.99216 0.93333 0.83922
0.99608 0.93725 0.83529
0.97255 0.9098 0.80784
0.96078 0.89412 0.78431
0.96078 0.89412 0.78431
0.96471 0.89412 0.78039
0.96863 0.8902 0.76863
0.95294 0.86667 0.73725
0.92941 0.83137 0.6902
0.98039 0.92157 0.83137
0.99608 0.94118 0.85098
0.99216 0.93725 0.84314
0.99608 0.93725 0.83922
0.97647 0.91373 0.81176
0.95686 0.8902 0.78431
0.96078 0.89412 0.78431
0.97255 0.90196 0.78824
0.96471 0.8902 0.76471
0.96078 0.87451 0.74118
0.93725 0.83922 0.69412
0.97647 0.91765 0.82745
0.98431 0.92941 0.83922
0.99216 0.9451 0.85098
1 0.9451 0.84314
0.98431 0.92157 0.81961
0.95294 0.88627 0.77647
0.96078 0.89412 0.78431
0.96471 0.89804 0.78039
0.96863 0.8902 0.76863
0.96863 0.88627 0.7451
0.93725 0.84706 0.70196
0.98431 0.92549 0.83529
0.98824 0.93333 0.84314
0.99216 0.94902 0.85098
0.98824 0.9451 0.84314
0.98824 0.93333 0.82745
0.94902 0.88235 0.77647
0.95686 0.8902 0.77647
0.96863 0.89412 0.77647
0.96863 0.88627 0.76471
0.95686 0.87059 0.7451
0.92941 0.83529 0.71373
0.99216 0.92941 0.83922
0.99216 0.93725 0.84706
0.99216 0.94902 0.8549
0.98824 0.9451 0.84706
0.98431 0.92941 0.82745
0.95294 0.8902 0.78824
0.96471 0.89412 0.78824
0.97255 0.89412 0.78431
0.96471 0.88627 0.76863
0.94902 0.85882 0.73333
0.99216 0.93333 0.84314
0.99608 0.94118 0.85098
0.99608 0.94902 0.85882
0.99608 0.95294 0.85882
0.99608 0.94118 0.84706
0.96078 0.89804 0.8
0.95294 0.88235 0.78039
0.96078 0.88235 0.78039
0.96078 0.87843 0.76863
0.94118 0.84314 0.72549
0.99608 0.9451 0.8549
0.98431 0.93333 0.84706
0.99608 0.94902 0.86667
1 0.95294 0.86275
0.99608 0.94118 0.84706
0.97255 0.91373 0.81176
0.9451 0.87843 0.77647
0.94902 0.87451 0.75686
0.94902 0.8549 0.7451
0.99216 0.93333 0.83922
0.99608 0.94118 0.8549
1 0.95294 0.87059
1 0.95294 0.86667
1 0.95294 0.86275
0.97647 0.92549 0.82745
0.96471 0.8902 0.78824
0.93725 0.84706 0.73333
0.98039 0.92157 0.81961
0.99608 0.93333 0.83922
0.99608 0.94118 0.8549
1 0.95294 0.87451
1 0.96078 0.87059
0.98824 0.94902 0.85098
0.97647 0.90196 0.8
