0.16078 0.27059 0.4
0.17255 0.28627 0.41176
0.16863 0.28235 0.40784
0.16863 0.28235 0.41176
0.17647 0.2902 0.41569
0.17255 0.28627 0.41569
0.16863 0.28235 0.41569
0.16863 0.28235 0.41569
0.16863 0.28235 0.41961
0.17255 0.28627 0.41569
0.16471 0.27843 0.41176
0.16078 0.27451 0.40784
0.16078 0.27451 0.40784
0.15686 0.27059 0.4
0.16471 0.27059 0.39608
0.18824 0.28235 0.41569
0.16471 0.27843 0.41176
0.16078 0.27843 0.40784
0.16471 0.27843 0.41176
0.16078 0.27059 0.4
0.18039 0.28235 0.41176
0.18431 0.28235 0.41176
0.18431 0.2902 0.41961
