0.023529 0.19216 0.35686
0.019608 0.19216 0.35686
0.023529 0.19608 0.36078
0.019608 0.19216 0.35294
0.011765 0.19216 0.35686
0.011765 0.18824 0.35294
0.023529 0.2 0.36078
0.023529 0.2 0.36078
0.019608 0.19608 0.35686
0.011765 0.19216 0.35294
0.015686 0.19216 0.35294
0.019608 0.18824 0.35294
0.023529 0.18824 0.35294
0.019608 0.18824 0.35294
0.027451 0.19608 0.36078
0.023529 0.18824 0.35686
0.023529 0.18824 0.35294
0.035294 0.19608 0.36078
0.035294 0.19216 0.35686
0.035294 0.19216 0.36078
0.023529 0.18824 0.35294
0.027451 0.19216 0.35294
0.023529 0.18824 0.3451
0.023529 0.18824 0.34902
0.031373 0.19608 0.36078
0.027451 0.19216 0.35294
0.023529 0.19216 0.35686
