0.17647 0.26275 0.40784
0.16471 0.25882 0.40784
0.16078 0.25098 0.40392
0.17255 0.26275 0.41176
0.18824 0.27451 0.42353
0.17647 0.26275 0.41176
0.17647 0.26667 0.41176
0.17647 0.26275 0.41569
0.16471 0.25882 0.40784
0.17255 0.26667 0.41569
0.17647 0.27059 0.41961
0.16078 0.2549 0.40392
0.16471 0.25882 0.40784
0.18039 0.26667 0.41961
0.17255 0.26667 0.41569
0.17255 0.26667 0.41569
0.16471 0.25882 0.40784
0.16471 0.25882 0.40784
0.17647 0.27059 0.41961
0.16078 0.25882 0.4
0.17255 0.26275 0.40784
0.17647 0.25882 0.40784
0.16863 0.2549 0.40784
0.17255 0.25882 0.41176
0.18039 0.26667 0.41961
0.18039 0.27059 0.42353
0.17647 0.27059 0.41961
0.17647 0.27059 0.41569
0.17647 0.26667 0.41176
0.17255 0.26667 0.41176
0.16863 0.26275 0.40392
0.16863 0.26275 0.40392
0.16471 0.25882 0.4
0.17255 0.26275 0.41176
0.17255 0.26275 0.41569
0.17255 0.26275 0.41176
0.16863 0.26275 0.40392
0.19216 0.27843 0.42745
0.16863 0.25882 0.40784
0.16863 0.25882 0.41176
0.18039 0.27059 0.41961
0.18824 0.27451 0.41961
0.19216 0.27843 0.41569
0.17647 0.26667 0.4
0.17647 0.27059 0.41176
0.17255 0.27059 0.41176
0.16078 0.26667 0.4
0.16863 0.26667 0.41176
0.17255 0.26667 0.41569
0.16863 0.26275 0.41176
0.17255 0.26275 0.40784
0.17647 0.27059 0.41176
0.18431 0.27059 0.41569
0.17647 0.27059 0.41569
0.17255 0.26667 0.41569
0.16863 0.26667 0.41176
0.16863 0.25882 0.40784
0.18039 0.26667 0.41176
0.18431 0.27451 0.40784
0.17255 0.26275 0.39608
0.17255 0.25882 0.40392
0.16863 0.26275 0.40392
0.17255 0.27059 0.41176
0.16863 0.26667 0.41176
0.16078 0.2549 0.40392
0.16471 0.25882 0.40784
0.16863 0.26275 0.40392
0.17255 0.26667 0.40784
0.18039 0.27451 0.41961
0.18039 0.27451 0.41961
0.18039 0.26667 0.41176
0.16863 0.26667 0.41176
0.16471 0.26667 0.41176
0.15294 0.2549 0.4
0.16471 0.25882 0.40784
0.17255 0.2549 0.40392
0.18431 0.27059 0.41176
0.17647 0.26275 0.4
0.17647 0.25882 0.40392
0.17255 0.25882 0.40392
0.17255 0.26275 0.40784
0.16863 0.26275 0.40784
0.16863 0.26275 0.40784
0.16863 0.26275 0.41176
0.16863 0.25882 0.40392
0.16863 0.26275 0.40392
0.18431 0.27059 0.43137
0.17647 0.26667 0.42745
0.17255 0.26275 0.41569
0.17255 0.26667 0.41176
0.18824 0.28235 0.43137
0.17647 0.27451 0.41961
0.16471 0.26667 0.41176
0.15294 0.2549 0.4
0.16471 0.25882 0.40784
0.17647 0.26275 0.41569
0.18431 0.26275 0.41961
0.18431 0.26275 0.41569
0.17255 0.25882 0.40392
0.17255 0.25882 0.40784
0.18039 0.26667 0.41961
0.16863 0.2549 0.40392
0.16471 0.25098 0.39608
0.17255 0.25882 0.40392
0.16863 0.2549 0.4
0.15686 0.25098 0.39216
0.16471 0.2549 0.4
0.17255 0.25882 0.40392
0.17255 0.25882 0.40392
0.18824 0.28235 0.43529
0.17647 0.26667 0.42353
0.18431 0.27843 0.43137
0.18824 0.27451 0.43529
0.17647 0.26667 0.42745
0.16471 0.2549 0.41569
0.16078 0.2549 0.40784
0.16863 0.26275 0.41176
0.18039 0.27451 0.42353
0.18039 0.27451 0.42353
0.16471 0.25882 0.40784
0.16471 0.25882 0.40784
0.16471 0.25882 0.40784
0.17255 0.25882 0.41176
0.18824 0.26667 0.41961
0.18039 0.2549 0.41176
0.16863 0.2549 0.4
0.17255 0.25882 0.40784
0.18039 0.26667 0.41961
0.18431 0.27059 0.41569
0.16863 0.2549 0.4
0.16863 0.2549 0.4
0.16863 0.2549 0.4
0.15294 0.24706 0.38824
0.16471 0.25882 0.4
0.16863 0.2549 0.4
0.16471 0.25098 0.39608
0.16078 0.24706 0.39216
0.16078 0.25098 0.40392
0.17647 0.26275 0.41569
0.18431 0.27059 0.42353
0.19216 0.27843 0.43137
0.18824 0.27059 0.43137
0.18039 0.27059 0.43137
0.17255 0.26275 0.42353
0.18039 0.27451 0.42353
0.17255 0.26667 0.41569
0.18039 0.27451 0.42353
0.18431 0.27451 0.42353
0.16863 0.2549 0.40784
0.16863 0.25882 0.40784
0.17255 0.25882 0.41176
0.17647 0.26275 0.41569
0.19216 0.27059 0.42745
0.19608 0.27059 0.42745
0.17255 0.25882 0.40392
0.18039 0.26667 0.41569
0.17647 0.26275 0.41569
0.17647 0.26275 0.40784
0.16471 0.25098 0.39608
0.16471 0.25098 0.39608
0.16078 0.24706 0.39216
0.15686 0.25098 0.39216
0.16471 0.25882 0.4
0.16078 0.24706 0.39216
0.16863 0.25098 0.4
0.16078 0.24706 0.39216
0.16863 0.2549 0.40392
0.15686 0.25098 0.4
0.17647 0.27059 0.41961
0.18824 0.27451 0.42745
0.19608 0.27843 0.43137
0.19216 0.27843 0.43922
0.17255 0.26275 0.42353
0.16471 0.26275 0.41961
0.17647 0.27451 0.42353
0.17647 0.26667 0.41569
0.18039 0.26667 0.41961
0.18431 0.26667 0.42353
0.18824 0.27451 0.42745
0.17647 0.26275 0.41569
0.18431 0.27059 0.42353
0.17647 0.26275 0.41569
0.17647 0.26275 0.41569
0.18431 0.26667 0.42353
0.17647 0.26275 0.41569
0.18431 0.27059 0.42353
0.17647 0.26275 0.41569
0.16471 0.25098 0.39608
0.17255 0.26275 0.40392
0.16863 0.25882 0.4
0.16863 0.25882 0.40392
0.16863 0.26275 0.40392
0.16471 0.25882 0.4
0.16863 0.25882 0.4
0.17255 0.25882 0.40392
0.16863 0.2549 0.4
0.16863 0.25882 0.40392
0.16471 0.25098 0.39608
0.16078 0.24706 0.39216
0.18431 0.28235 0.43137
0.19216 0.28627 0.43529
0.18039 0.26667 0.41961
0.18824 0.27451 0.43137
0.17255 0.26275 0.42353
0.17647 0.26667 0.42745
0.18824 0.28627 0.43922
0.16863 0.26275 0.41176
0.17647 0.26275 0.41569
0.18039 0.26667 0.41961
0.18431 0.27059 0.42353
0.17647 0.26275 0.41569
0.18039 0.26667 0.41961
0.17647 0.26667 0.41961
0.18039 0.26667 0.41961
0.18039 0.26667 0.41961
0.16863 0.2549 0.40784
0.18039 0.26667 0.41961
0.16078 0.24706 0.4
0.16471 0.25098 0.4
0.17255 0.25882 0.40392
0.15686 0.25098 0.39216
0.15686 0.25098 0.39216
0.16078 0.2549 0.39608
0.17255 0.26667 0.40784
0.16863 0.26275 0.40392
0.16863 0.26275 0.40392
0.17255 0.26667 0.40784
0.15686 0.25098 0.39216
0.15294 0.24706 0.38824
0.15686 0.25098 0.39216
0.17647 0.28235 0.42745
0.18824 0.28627 0.43529
0.18039 0.27451 0.42353
0.19216 0.27059 0.43137
0.18431 0.26667 0.42745
0.17255 0.26275 0.42353
0.18039 0.28235 0.43137
0.16078 0.26275 0.40784
0.17255 0.27059 0.41961
0.17647 0.26275 0.41569
0.18824 0.27451 0.42745
0.18039 0.26667 0.41961
0.17647 0.26275 0.41569
0.17255 0.26667 0.41569
0.17647 0.27059 0.41961
0.17255 0.26667 0.41569
0.17255 0.25882 0.41176
0.16471 0.25098 0.40392
0.18039 0.26667 0.41961
0.17255 0.25882 0.40392
0.16863 0.25882 0.4
0.16078 0.2549 0.39608
0.16471 0.25882 0.4
0.16471 0.25882 0.4
0.17647 0.27451 0.41569
0.16078 0.25098 0.39608
0.17255 0.26275 0.40784
0.17255 0.26275 0.40784
0.15686 0.24706 0.39216
0.16078 0.25098 0.39216
0.16471 0.2549 0.39608
0.15294 0.24314 0.38824
0.17255 0.27059 0.41961
0.17647 0.27059 0.41961
0.18824 0.27451 0.42745
0.17647 0.26667 0.41961
0.18039 0.27059 0.42353
0.18431 0.27843 0.42745
0.16863 0.26667 0.41176
0.18039 0.27451 0.41961
0.17255 0.26275 0.41569
0.17647 0.26667 0.41961
0.17255 0.26667 0.41176
0.17647 0.26667 0.41176
0.18039 0.27059 0.41569
0.18039 0.26667 0.41176
0.17255 0.25882 0.40784
0.18824 0.27059 0.42353
0.18039 0.27059 0.41961
0.18039 0.27059 0.41961
0.16471 0.2549 0.40392
0.17647 0.26275 0.41176
0.16078 0.25098 0.4
0.16471 0.2549 0.40392
0.17647 0.26667 0.41176
0.17255 0.26275 0.40392
0.17255 0.26275 0.40392
0.16471 0.25098 0.39608
0.16471 0.25098 0.39608
0.16471 0.24706 0.39608
0.15294 0.24314 0.38824
0.15686 0.24706 0.39608
0.1451 0.24314 0.38431
0.14902 0.24706 0.38431
0.16471 0.25882 0.39608
0.18431 0.27843 0.42745
0.16471 0.25882 0.41176
0.17255 0.26667 0.41569
0.18039 0.27451 0.42353
0.17255 0.26667 0.41569
0.17647 0.27059 0.41961
0.17647 0.27059 0.42353
0.17255 0.26275 0.41961
0.17647 0.27059 0.41569
0.17647 0.26667 0.40784
0.19216 0.27843 0.42353
0.19216 0.27843 0.42353
0.17255 0.25882 0.40392
0.17647 0.26275 0.41569
0.17255 0.26275 0.41176
0.16471 0.26275 0.41176
0.16078 0.2549 0.40392
0.16471 0.25882 0.40784
0.16078 0.2549 0.40392
0.17255 0.25882 0.41176
0.17255 0.25882 0.40784
0.17255 0.25882 0.4
0.17647 0.26275 0.40392
0.16863 0.2549 0.4
0.16863 0.2549 0.4
0.16471 0.25098 0.39216
0.16078 0.24706 0.38824
0.15686 0.25098 0.38824
0.15686 0.25098 0.38824
0.1451 0.23922 0.38039
0.16078 0.25098 0.39608
0.15686 0.23922 0.38824
0.16471 0.25098 0.39608
0.16078 0.24706 0.39216
0.17255 0.26275 0.42353
0.16863 0.25882 0.41961
0.17255 0.26667 0.41961
0.17255 0.26667 0.41569
0.18039 0.27451 0.42353
0.17647 0.26667 0.42353
0.17255 0.26667 0.42353
0.17255 0.26667 0.41569
0.18039 0.27451 0.41569
0.18039 0.26667 0.41176
0.18431 0.27059 0.41569
0.16863 0.25882 0.40392
0.17255 0.26275 0.41176
0.16078 0.25882 0.40784
0.17255 0.27451 0.41961
0.16863 0.26667 0.41176
0.15294 0.25098 0.4
0.16471 0.25882 0.40784
0.17255 0.26275 0.41569
0.18039 0.26667 0.41569
0.17255 0.25882 0.4
0.16471 0.2549 0.38824
0.16078 0.25098 0.38431
0.16471 0.2549 0.38824
0.17255 0.25882 0.39608
0.17255 0.25882 0.40392
0.16863 0.2549 0.39608
0.16863 0.24706 0.39216
0.16863 0.24706 0.39216
0.16471 0.24706 0.39216
0.15686 0.24314 0.38824
0.15294 0.23922 0.38431
0.16471 0.25098 0.39608
0.17255 0.25882 0.40392
0.16863 0.25882 0.41961
0.17647 0.26667 0.42353
0.17255 0.26667 0.41569
0.17255 0.26667 0.41569
0.17255 0.26667 0.41569
0.17647 0.26667 0.41961
0.17647 0.27059 0.42353
0.17255 0.26667 0.41569
0.16863 0.26275 0.40784
0.17255 0.26275 0.41176
0.17647 0.26667 0.41569
0.17647 0.26667 0.41569
0.17647 0.27059 0.41961
0.16078 0.26275 0.40784
0.16863 0.27451 0.41961
0.16078 0.25882 0.40392
0.16471 0.26275 0.40392
0.16078 0.25882 0.4
0.15686 0.24706 0.4
0.16863 0.2549 0.40784
0.16078 0.25098 0.39608
0.16471 0.25882 0.39608
0.15294 0.24314 0.38039
0.16471 0.25098 0.38824
0.15294 0.24314 0.38431
0.15686 0.24314 0.39216
0.16471 0.23922 0.39216
0.16471 0.23922 0.38824
0.16471 0.24314 0.39216
0.16471 0.24706 0.39216
0.15686 0.24314 0.38824
0.14902 0.23137 0.37647
0.15686 0.23922 0.38431
0.17255 0.25882 0.40392
0.18431 0.27451 0.42745
0.17255 0.26667 0.41569
0.16863 0.26275 0.41176
0.18431 0.27843 0.42745
0.18431 0.27843 0.42745
0.17255 0.26667 0.41569
0.16471 0.25882 0.40784
0.16863 0.26667 0.41569
0.16863 0.26275 0.41176
0.16863 0.26275 0.41176
0.17647 0.27059 0.41961
0.16863 0.26667 0.41176
0.15294 0.26275 0.40784
0.16078 0.25882 0.4
0.16471 0.25882 0.4
0.16078 0.25098 0.39216
0.16863 0.2549 0.41176
0.16863 0.2549 0.41569
0.15686 0.24706 0.39608
0.16078 0.2549 0.4
0.1451 0.23922 0.38431
0.15686 0.24706 0.38824
0.14902 0.23529 0.38039
0.15294 0.23922 0.38431
0.16471 0.24706 0.39216
0.17255 0.2549 0.4
0.17255 0.2549 0.4
0.16863 0.2549 0.4
0.15686 0.24314 0.38824
0.16471 0.24706 0.39216
0.16863 0.25098 0.39608
0.16471 0.24706 0.39216
0.16078 0.23922 0.38431
0.17647 0.26275 0.41961
0.17255 0.26275 0.41176
0.16471 0.25882 0.40784
0.18039 0.27451 0.42353
0.17647 0.27059 0.41961
0.16863 0.26275 0.41176
0.17647 0.27059 0.41961
0.17255 0.26667 0.41569
0.17255 0.26667 0.41569
0.16863 0.26275 0.41569
0.16863 0.26275 0.41176
0.17255 0.26667 0.41569
0.16078 0.26275 0.40784
0.15686 0.26275 0.40784
0.16078 0.25882 0.4
0.17255 0.26667 0.40784
0.15686 0.25098 0.39216
0.16863 0.2549 0.41176
0.16078 0.25098 0.40784
0.15294 0.24706 0.39608
0.14902 0.24706 0.38431
0.1451 0.23922 0.38039
0.15686 0.24706 0.38824
0.14902 0.23529 0.38039
0.15686 0.24314 0.38824
0.16471 0.24314 0.38824
0.16078 0.23922 0.38431
0.16471 0.2549 0.38824
0.16078 0.25098 0.38824
0.16471 0.2549 0.38824
0.16078 0.25098 0.39216
0.16471 0.25098 0.39608
0.17647 0.25098 0.39608
0.16863 0.24314 0.39216
0.17647 0.26275 0.41961
0.17255 0.26667 0.41569
0.16863 0.26275 0.41176
0.17255 0.26667 0.41569
0.16471 0.25882 0.40784
0.16078 0.25098 0.40392
0.17647 0.27059 0.41961
0.16863 0.26275 0.41176
0.17255 0.26667 0.41569
0.18824 0.28235 0.43137
0.18039 0.27451 0.41961
0.17255 0.27059 0.41569
0.16863 0.26667 0.41176
0.15686 0.26275 0.40392
0.16078 0.2549 0.39608
0.16078 0.2549 0.4
0.16078 0.2549 0.4
0.16078 0.2549 0.40784
0.15686 0.24706 0.4
0.15294 0.24314 0.39216
0.15294 0.24706 0.38824
0.14902 0.23922 0.38431
0.1451 0.23529 0.38039
0.14902 0.23529 0.38039
0.16078 0.24706 0.39216
0.16471 0.25098 0.39216
0.15686 0.24314 0.38039
0.16471 0.2549 0.38824
0.16471 0.2549 0.38824
0.16471 0.2549 0.38824
0.15294 0.24706 0.38824
0.16078 0.24706 0.39216
0.17647 0.25098 0.4
0.16078 0.23922 0.38431
0.16471 0.25098 0.40392
0.17255 0.25882 0.41176
0.16471 0.25882 0.40784
0.17255 0.26667 0.41569
0.18039 0.27451 0.42353
0.16863 0.26275 0.41569
0.17647 0.26667 0.42745
0.18824 0.28235 0.43137
0.16471 0.25882 0.4
0.17647 0.27059 0.41176
0.18431 0.27843 0.41961
0.17647 0.27059 0.41176
0.16471 0.26275 0.4
0.17255 0.27059 0.40784
0.16471 0.25882 0.4
0.16863 0.26275 0.40392
0.16471 0.25882 0.40392
0.16078 0.2549 0.40392
0.15686 0.25098 0.4
0.15686 0.25098 0.4
0.15686 0.24314 0.39608
0.15686 0.24314 0.39216
0.1451 0.23137 0.37647
0.15686 0.24314 0.38824
0.15294 0.23922 0.38431
0.16471 0.25098 0.39608
0.16863 0.25882 0.39608
0.16078 0.25098 0.38431
0.16471 0.2549 0.38824
0.16078 0.25098 0.38431
0.16078 0.25098 0.38431
0.16078 0.24706 0.39216
0.15686 0.24314 0.38824
0.16078 0.24706 0.39216
0.16078 0.24314 0.38824
0.16863 0.2549 0.40784
0.17647 0.25882 0.41176
0.17647 0.26667 0.41961
0.18039 0.27451 0.42353
0.16471 0.25882 0.40784
0.16863 0.26275 0.41569
0.16863 0.26275 0.41961
0.17255 0.26667 0.41569
0.17255 0.26667 0.40784
0.17647 0.27059 0.41176
0.17647 0.27059 0.41176
0.18431 0.27843 0.41961
0.18039 0.27451 0.41569
0.16078 0.2549 0.39608
0.16863 0.26275 0.40392
0.16863 0.26275 0.40392
0.16078 0.2549 0.4
0.15686 0.25098 0.40392
0.16078 0.2549 0.40392
0.16078 0.25098 0.40392
0.15686 0.24314 0.4
0.14902 0.23529 0.38431
0.16078 0.24706 0.39216
0.15294 0.23922 0.38431
0.14902 0.23529 0.38039
0.16863 0.2549 0.4
0.15686 0.24314 0.38039
0.15294 0.24706 0.37647
0.16863 0.25882 0.39216
0.15686 0.24706 0.38039
0.16471 0.2549 0.38824
0.16471 0.25098 0.39608
0.15686 0.24314 0.38824
0.15686 0.24314 0.38824
0.16863 0.25882 0.40784
0.16471 0.25882 0.40784
0.16471 0.25882 0.41176
0.16863 0.26275 0.41176
0.17647 0.27059 0.42353
0.16863 0.26275 0.41961
0.16863 0.26275 0.40784
0.17647 0.27059 0.41176
0.18039 0.27451 0.41569
0.17255 0.26667 0.40784
0.18431 0.27843 0.41961
0.18039 0.27059 0.41569
0.16471 0.2549 0.4
0.16078 0.25098 0.39608
0.16078 0.2549 0.39608
0.16471 0.25882 0.40392
0.16471 0.25882 0.40784
0.15686 0.25098 0.4
0.15686 0.25098 0.4
0.14902 0.23529 0.38431
0.15294 0.23922 0.38824
0.15686 0.24314 0.38824
0.1451 0.23137 0.37647
0.15686 0.24314 0.38824
0.16078 0.25098 0.39608
0.16078 0.25098 0.38824
0.16078 0.25098 0.38431
0.16471 0.2549 0.38824
0.16078 0.25098 0.38431
0.16471 0.2549 0.38824
0.16471 0.2549 0.39608
0.16078 0.24706 0.39216
0.16471 0.2549 0.41176
0.16863 0.25882 0.41961
0.17255 0.26667 0.41961
0.16863 0.27059 0.41569
0.16471 0.26667 0.40392
0.16471 0.26275 0.4
0.18039 0.27451 0.41569
0.17647 0.26275 0.40784
0.18039 0.26667 0.41176
0.17255 0.26667 0.41569
0.16078 0.2549 0.40392
0.16471 0.25882 0.40784
0.16471 0.2549 0.41176
0.16078 0.2549 0.40784
0.16078 0.2549 0.4
0.16471 0.25882 0.4
0.16078 0.25098 0.39216
0.17255 0.25098 0.39608
0.16078 0.24314 0.38824
0.14902 0.23529 0.38039
0.13725 0.23137 0.37255
0.1451 0.24314 0.38039
0.15294 0.24706 0.38824
0.16078 0.25098 0.39216
0.16863 0.2549 0.39608
0.16471 0.2549 0.38824
0.15294 0.24314 0.37647
0.16078 0.25098 0.38431
0.16471 0.2549 0.39608
0.16078 0.24314 0.39216
0.16471 0.2549 0.41569
0.17255 0.26667 0.41961
0.18431 0.28627 0.43137
0.17255 0.27451 0.41176
0.17255 0.27451 0.41176
0.17647 0.27451 0.41569
0.17255 0.26667 0.40784
0.17647 0.26667 0.41176
0.16863 0.26275 0.41176
0.16863 0.26275 0.41176
0.16078 0.2549 0.40392
0.15686 0.25098 0.40784
0.15686 0.2549 0.40392
0.14902 0.24706 0.38824
0.14902 0.24706 0.38431
0.16471 0.25098 0.39608
0.16471 0.24706 0.39216
0.16471 0.24706 0.39216
0.14902 0.23922 0.38431
0.14902 0.24314 0.38431
0.15294 0.24706 0.38824
0.14902 0.24314 0.38431
0.14902 0.23922 0.38039
0.16078 0.24706 0.38824
0.16078 0.25098 0.38431
0.16078 0.25098 0.38431
0.16863 0.25882 0.39216
0.16078 0.24706 0.39216
0.17255 0.27059 0.42353
0.17255 0.27451 0.41961
0.16471 0.26667 0.40392
0.16471 0.27059 0.40784
0.16863 0.27059 0.40784
0.16471 0.26275 0.40392
0.16863 0.26275 0.40784
0.16863 0.26275 0.41176
0.16471 0.25882 0.40784
0.16078 0.2549 0.40392
0.15686 0.2549 0.40784
0.1451 0.24706 0.39216
0.15294 0.2549 0.39608
0.15294 0.25098 0.38824
0.15686 0.24706 0.39216
0.16078 0.23922 0.38431
0.15686 0.23922 0.38431
0.1451 0.23137 0.38039
0.14118 0.23529 0.37647
0.14902 0.24314 0.38431
0.15294 0.24706 0.38824
0.15294 0.23922 0.38431
0.16078 0.24706 0.38824
0.16078 0.25098 0.38431
0.16471 0.2549 0.38824
0.16863 0.25882 0.39216
0.16471 0.25098 0.39608
0.16863 0.27059 0.41569
0.16863 0.26667 0.41569
0.17255 0.27451 0.41569
0.16863 0.27451 0.41569
0.16471 0.27451 0.41569
0.16471 0.27059 0.41176
0.17255 0.27451 0.41569
0.16078 0.25882 0.40392
0.16078 0.26275 0.40784
0.15294 0.2549 0.4
0.15294 0.2549 0.4
0.17255 0.26667 0.41176
0.15294 0.24706 0.38824
0.16471 0.25098 0.39608
0.17255 0.25882 0.40392
0.15686 0.24314 0.38824
0.15686 0.24314 0.38824
0.1451 0.23137 0.38039
0.1451 0.23137 0.38431
0.1451 0.23529 0.38431
0.15686 0.24314 0.39216
0.15686 0.24314 0.38824
0.16078 0.24706 0.39216
0.16863 0.2549 0.4
0.16078 0.24706 0.39216
0.15686 0.24706 0.38431
0.16078 0.25098 0.38431
0.16471 0.2549 0.39216
0.16863 0.25882 0.41176
0.16863 0.25098 0.40784
0.17647 0.26667 0.42353
0.18039 0.26667 0.42353
0.17647 0.27059 0.42353
0.16471 0.25882 0.40784
0.16078 0.26275 0.40784
0.15686 0.25882 0.40392
0.16078 0.26275 0.40784
0.15686 0.25882 0.40392
0.16471 0.26667 0.41176
0.16471 0.26275 0.40392
0.16471 0.25882 0.4
0.16471 0.25098 0.39608
0.16078 0.24706 0.39216
0.16471 0.25098 0.39608
0.16471 0.25098 0.39608
0.1451 0.23137 0.38039
0.14902 0.23529 0.38824
0.14902 0.23529 0.38824
0.15294 0.23922 0.39216
0.16078 0.24706 0.39216
0.16078 0.24706 0.39216
0.15686 0.24314 0.38824
0.14902 0.23529 0.38039
0.16078 0.24706 0.38824
0.16078 0.25098 0.38431
0.16863 0.25882 0.41176
0.18039 0.27059 0.42353
0.18039 0.26667 0.41961
0.18431 0.26667 0.42353
0.18824 0.27059 0.42353
0.16863 0.26275 0.41176
0.16078 0.26667 0.40784
0.15686 0.25882 0.40392
0.16078 0.26275 0.40784
0.17255 0.27451 0.41961
0.15686 0.25882 0.39608
0.15294 0.2549 0.39216
0.16078 0.2549 0.39608
0.16471 0.2549 0.39608
0.16471 0.25098 0.39608
0.15686 0.24314 0.38824
0.14902 0.23529 0.38431
0.15686 0.24314 0.39608
0.15294 0.23922 0.39216
0.15294 0.23922 0.39216
0.16078 0.24706 0.39216
0.15294 0.23922 0.38431
0.14902 0.23529 0.38039
0.14902 0.23529 0.38039
0.15294 0.24314 0.38039
0.16863 0.25882 0.39216
0.17647 0.27451 0.41961
0.17647 0.26667 0.41569
0.18039 0.26667 0.41569
0.17647 0.27451 0.41569
0.16471 0.26667 0.40784
0.16078 0.26275 0.40784
0.16863 0.27059 0.41569
0.16863 0.27059 0.41569
0.16078 0.26667 0.40784
0.14902 0.24314 0.38824
0.16471 0.2549 0.4
0.17255 0.2549 0.40784
0.16863 0.25098 0.4
0.15686 0.24314 0.38824
0.14902 0.23529 0.38431
0.14118 0.22745 0.38039
0.14902 0.23529 0.38824
0.15294 0.23922 0.39216
0.15686 0.24314 0.38824
0.14902 0.23529 0.38039
0.15294 0.23922 0.38431
0.15686 0.24314 0.38824
0.17647 0.27059 0.41961
0.17647 0.27059 0.41176
0.17255 0.27059 0.40784
0.16863 0.27059 0.40784
0.15686 0.25882 0.40392
0.16471 0.26667 0.41176
0.16078 0.26275 0.40784
0.16471 0.26275 0.40784
0.1451 0.23922 0.38824
0.15686 0.24314 0.39608
0.16471 0.23922 0.39608
0.16078 0.23529 0.39216
0.15294 0.23922 0.38431
0.15294 0.23922 0.38824
0.1451 0.23137 0.38431
0.14902 0.23529 0.38824
0.15294 0.23922 0.38824
0.15294 0.23922 0.38431
0.14902 0.23529 0.38039
0.16078 0.24706 0.39216
0.15686 0.24314 0.38824
0.16078 0.24706 0.39216
0.16863 0.26275 0.41176
0.17255 0.26667 0.41569
0.16863 0.26275 0.41176
0.17255 0.26667 0.40784
0.16863 0.26667 0.40392
0.16471 0.26667 0.40784
0.16471 0.26667 0.41176
0.16078 0.26275 0.40784
0.15686 0.25882 0.40784
0.16078 0.25882 0.40392
0.16078 0.2549 0.40392
0.16078 0.24706 0.4
0.16471 0.23922 0.39608
0.15686 0.23529 0.38824
0.15686 0.24314 0.38824
0.15294 0.23922 0.38824
0.14902 0.23529 0.38824
0.15686 0.24314 0.39608
0.15294 0.23922 0.38824
0.15686 0.24314 0.38824
0.15686 0.24314 0.38824
0.16078 0.24706 0.38824
0.15294 0.24314 0.37647
0.16078 0.25098 0.38431
0.16863 0.26275 0.41176
0.17255 0.26667 0.41569
0.16471 0.25882 0.40392
0.17255 0.27059 0.41569
0.16863 0.26667 0.41176
0.18039 0.27843 0.41961
0.15294 0.25098 0.39608
0.15686 0.2549 0.39608
0.16471 0.25882 0.40392
0.16471 0.2549 0.4
0.16078 0.24706 0.39608
0.15686 0.23922 0.39216
0.16078 0.23922 0.39216
0.16078 0.24706 0.39216
0.14118 0.22745 0.37647
0.1451 0.23137 0.38431
0.16471 0.25098 0.40392
0.16078 0.24706 0.39608
0.14902 0.23922 0.38431
0.15686 0.24314 0.38824
0.17647 0.25882 0.40392
0.16471 0.25098 0.38824
0.16863 0.26275 0.41569
0.17255 0.26667 0.41961
0.17647 0.27059 0.41961
0.17255 0.26667 0.40784
0.15686 0.25098 0.39216
0.16078 0.2549 0.39608
0.16471 0.25098 0.39608
0.15686 0.23922 0.38431
0.15686 0.24314 0.38824
0.16078 0.24706 0.39216
0.15686 0.24314 0.38824
0.16078 0.24706 0.39216
0.14118 0.22745 0.37647
0.14118 0.22745 0.38039
0.15294 0.23922 0.39216
0.15686 0.24706 0.39608
0.14902 0.24314 0.38431
0.16078 0.25098 0.39608
0.16078 0.24706 0.39216
0.16863 0.25098 0.4
0.17255 0.26667 0.40784
0.17255 0.26667 0.41176
0.16863 0.26275 0.40784
0.17647 0.27059 0.41176
0.15686 0.25098 0.39216
0.17255 0.26667 0.40784
0.16863 0.2549 0.4
0.15686 0.24314 0.38824
0.15686 0.24314 0.38824
0.15686 0.24314 0.38824
0.15686 0.24314 0.38824
0.16471 0.25098 0.39608
0.1451 0.22745 0.38039
0.14902 0.23529 0.38824
0.14902 0.23529 0.38824
0.16078 0.25098 0.4
0.16078 0.2549 0.39608
0.16078 0.24706 0.39216
0.15686 0.24314 0.38824
0.16471 0.25098 0.39608
0.17255 0.26667 0.41176
0.17647 0.27059 0.41569
0.18039 0.27451 0.41569
0.17647 0.27059 0.41176
0.17647 0.27059 0.41176
0.16078 0.25882 0.39608
0.17255 0.26667 0.40784
0.17255 0.26275 0.40784
0.16863 0.25882 0.40392
0.16471 0.2549 0.4
0.15686 0.24314 0.38824
0.15686 0.24314 0.38824
0.15686 0.24314 0.38824
0.1451 0.23137 0.37647
0.1451 0.23137 0.38431
0.14902 0.23529 0.39216
0.15686 0.24314 0.39216
0.1451 0.23922 0.38039
0.16078 0.24706 0.39216
0.16078 0.24706 0.39216
0.16863 0.26275 0.41176
0.17647 0.27059 0.41961
0.18431 0.27843 0.41961
0.18039 0.27451 0.41569
0.18431 0.27843 0.41961
0.17255 0.27059 0.40784
0.16863 0.27451 0.40784
0.16078 0.2549 0.40392
0.15686 0.25098 0.40392
0.15686 0.25098 0.4
0.15686 0.24314 0.38824
0.16471 0.24706 0.39216
0.16471 0.24706 0.39608
0.14902 0.23529 0.37647
0.1451 0.23529 0.38039
0.14902 0.23529 0.39216
0.16078 0.24706 0.39608
0.15686 0.24314 0.38824
0.15686 0.24314 0.38824
0.14902 0.23922 0.38039
0.17255 0.26667 0.41569
0.17647 0.27059 0.41569
0.17647 0.27059 0.40784
0.17255 0.26667 0.40784
0.16863 0.26667 0.40784
0.16471 0.26667 0.40392
0.15294 0.25098 0.39608
0.15686 0.25098 0.4
0.14902 0.24314 0.39216
0.15686 0.24706 0.39608
0.16471 0.25098 0.40392
0.16471 0.25098 0.4
0.16863 0.25882 0.39608
0.16863 0.26275 0.40784
0.16471 0.25882 0.4
0.16078 0.2549 0.39608
0.16863 0.26275 0.40392
0.16863 0.27059 0.40784
0.16078 0.2549 0.4
0.15686 0.25098 0.4
0.14902 0.23922 0.39216
0.15686 0.24706 0.4
0.15686 0.24314 0.39608
0.15294 0.23922 0.39216
0.16471 0.26275 0.40784
0.16863 0.26275 0.41176
0.17255 0.26667 0.41176
0.17647 0.27059 0.41961
0.16863 0.26275 0.41176
0.17255 0.26667 0.41569
0.16863 0.26275 0.40784
0.16471 0.25882 0.40784
0.16078 0.25098 0.4
0.16078 0.24706 0.39608
0.16078 0.24706 0.4
