0.16863 0.16863 0.12549
0.21176 0.16078 0.12157
0.1451 0.16471 0.1098
0.12941 0.1451 0.090196
0.11373 0.11765 0.066667
0.11373 0.11373 0.062745
0.2 0.18824 0.13725
0.13333 0.12941 0.07451
0.12157 0.13333 0.078431
0.094118 0.10196 0.05098
0.086275 0.094118 0.039216
0.10588 0.11373 0.062745
0.11373 0.12549 0.066667
0.090196 0.11373 0.054902
0.10588 0.12157 0.066667
0.1098 0.11373 0.070588
0.090196 0.094118 0.054902
0.094118 0.10196 0.054902
0.11373 0.12549 0.070588
0.086275 0.10196 0.043137
0.086275 0.10196 0.054902
0.082353 0.090196 0.054902
0.098039 0.098039 0.062745
0.10588 0.11373 0.070588
0.098039 0.1098 0.062745
0.086275 0.094118 0.05098
0.1098 0.11373 0.070588
0.070588 0.078431 0.031373
