0.98431 0.93333 0.86275
0.98431 0.93333 0.8549
0.98431 0.93725 0.86275
0.96863 0.91765 0.84314
0.98039 0.92941 0.85882
0.98039 0.92941 0.84706
0.98039 0.93725 0.86667
0.97255 0.92941 0.8549
0.98039 0.93333 0.8549
0.98431 0.93333 0.85882
0.97647 0.92941 0.8549
0.97647 0.92549 0.8549
0.98039 0.92941 0.85098
0.98431 0.94118 0.87059
0.97255 0.92941 0.85882
0.96863 0.92549 0.8549
0.98039 0.93725 0.86667
0.98431 0.94118 0.87059
0.98039 0.93725 0.86667
0.98039 0.92941 0.86667
0.98431 0.93333 0.86275
0.98039 0.92941 0.85098
0.97647 0.92941 0.8549
0.97255 0.92157 0.85098
0.96863 0.92157 0.8549
0.98039 0.92941 0.86275
0.98824 0.94118 0.87059
0.98824 0.9451 0.87451
0.98824 0.9451 0.87451
0.98431 0.93333 0.86667
0.98039 0.92941 0.85882
0.98824 0.93725 0.86275
0.97255 0.92549 0.85098
0.96863 0.91765 0.84706
0.97647 0.92549 0.8549
0.98824 0.93725 0.87059
0.98824 0.94118 0.87059
0.99216 0.9451 0.87451
0.98824 0.93725 0.87059
0.98431 0.93333 0.86667
0.98431 0.93333 0.86275
0.99216 0.94118 0.86667
0.96863 0.92157 0.84314
0.97255 0.92549 0.84314
0.98431 0.93333 0.85882
0.98824 0.94118 0.86667
0.99608 0.9451 0.87843
0.99608 0.9451 0.88235
0.98824 0.93725 0.87451
0.98431 0.93333 0.86667
0.98824 0.93725 0.87059
0.98824 0.93725 0.86275
0.99216 0.94118 0.87451
0.99216 0.94118 0.87451
0.98824 0.94118 0.87451
0.99216 0.9451 0.87451
0.99216 0.94118 0.87059
0.99608 0.9451 0.87843
0.98824 0.9451 0.87843
0.98431 0.93333 0.86667
0.98824 0.93725 0.87451
0.98431 0.93725 0.87059
