0.69412 0.63922 0.58824
0.69412 0.63922 0.58824
0.69412 0.63922 0.58824
0.6902 0.63922 0.58431
0.69804 0.64314 0.59216
0.69804 0.64314 0.59216
0.69412 0.63922 0.58824
0.69412 0.64314 0.58824
0.69412 0.63922 0.58824
0.69412 0.63922 0.59216
0.69412 0.63922 0.58824
0.69804 0.63922 0.58039
0.70588 0.64706 0.58824
0.69412 0.63922 0.58824
0.69804 0.64314 0.59216
0.69804 0.64314 0.59216
0.70588 0.64314 0.58431
0.69804 0.64314 0.59608
0.69804 0.64314 0.59216
0.69804 0.64314 0.59216
0.70588 0.64314 0.58431
0.69804 0.64314 0.58824
