0.8 0.72157 0.61569
0.84314 0.74118 0.64706
0.89412 0.76863 0.67059
0.83922 0.73333 0.63137
0.84314 0.76078 0.65882
0.86275 0.78431 0.67059
0.86667 0.82353 0.71765
0.87843 0.76863 0.67451
0.85098 0.75294 0.65098
0.87059 0.78431 0.68235
0.85098 0.78431 0.67059
0.93333 0.80784 0.72157
0.87059 0.76078 0.66275
0.83922 0.73725 0.63922
0.85098 0.75294 0.65098
0.81961 0.74118 0.63137
0.89412 0.78824 0.68627
0.81961 0.72157 0.62353
0.85882 0.75686 0.6549
0.84706 0.7451 0.64706
0.85882 0.76078 0.66275
0.84706 0.74118 0.64314
0.84314 0.76863 0.6549
0.8549 0.7451 0.65098
0.85882 0.75686 0.66275
0.87451 0.77647 0.67451
0.86667 0.75686 0.65882
