0.16471 0.24314 0.38039
0.16471 0.24314 0.38039
0.16471 0.24314 0.38039
0.16078 0.24314 0.38039
0.16863 0.24314 0.38039
0.15686 0.23137 0.36863
0.17255 0.25098 0.38824
0.15686 0.23529 0.37255
0.16863 0.23922 0.38039
0.16863 0.24314 0.38039
0.16863 0.24706 0.38431
0.16078 0.23922 0.37647
0.16863 0.24314 0.38431
0.16078 0.23922 0.37647
0.16863 0.24706 0.38431
0.16078 0.23922 0.37647
0.16078 0.23529 0.38039
0.16078 0.23922 0.37647
0.16078 0.23922 0.37647
0.16471 0.24314 0.38039
0.16078 0.23922 0.37647
0.16471 0.24314 0.38039
0.1451 0.22745 0.36863
0.16863 0.24314 0.39216
0.16863 0.24706 0.39216
0.16078 0.23922 0.38431
0.16863 0.24314 0.39216
