0.058824 0.094118 0.16078
0.027451 0.078431 0.13333
0.011765 0.082353 0.13333
0.0078431 0.082353 0.14118
0.058824 0.10196 0.16863
0.094118 0.13725 0.16863
0.031373 0.090196 0.1451
0.019608 0.094118 0.1451
0.011765 0.086275 0.13725
0.043137 0.10196 0.14902
0.082353 0.11765 0.15294
0.019608 0.094118 0.13725
0.0078431 0.094118 0.13333
0.0078431 0.094118 0.13333
0.027451 0.098039 0.14118
0.086275 0.12941 0.18039
0.1451 0.15686 0.20784
0.011765 0.086275 0.12549
0.015686 0.094118 0.12941
0.039216 0.10588 0.1451
0.086275 0.14118 0.18039
0.10196 0.11373 0.16863
0.031373 0.10196 0.12941
0.035294 0.1098 0.13725
0.07451 0.12157 0.15294
0.078431 0.12549 0.15686
0.078431 0.12157 0.1451
0.070588 0.11765 0.1451
