0.92549 0.87451 0.80784
0.91373 0.86667 0.78824
0.90196 0.84314 0.77647
0.91373 0.87059 0.82353
0.91373 0.8549 0.78039
0.89804 0.83922 0.76471
0.92941 0.87059 0.8
0.91765 0.84706 0.77647
0.90588 0.83922 0.75686
0.9098 0.84314 0.75686
0.9098 0.84314 0.76471
0.91765 0.85098 0.76078
0.9098 0.84706 0.75686
0.91765 0.84706 0.76471
0.90588 0.84314 0.76471
0.92157 0.85882 0.76863
0.9098 0.84706 0.75686
0.89804 0.85098 0.78431
0.9098 0.83137 0.75686
0.90588 0.84314 0.77255
0.91765 0.8549 0.76471
0.90196 0.83922 0.74902
0.90588 0.84706 0.77647
0.91765 0.84314 0.76471
0.92157 0.85882 0.77647
0.91765 0.8549 0.76078
