0.51765 0.64314 0.78039
0.5098 0.63922 0.77647
0.5098 0.63922 0.77647
0.51373 0.64314 0.77647
0.52157 0.64706 0.78431
0.51765 0.64706 0.78431
0.51765 0.64706 0.78431
0.51765 0.64314 0.78039
0.51765 0.64706 0.78431
0.51765 0.64706 0.78431
0.52157 0.64706 0.78824
0.51765 0.64314 0.78039
0.51373 0.64314 0.78039
0.51765 0.64706 0.78039
0.51765 0.64706 0.78431
0.51373 0.64314 0.78039
0.51765 0.64706 0.78431
0.51373 0.64314 0.78039
0.51373 0.64314 0.78039
0.52157 0.65098 0.78824
0.51373 0.64314 0.77647
0.52157 0.65098 0.78824
0.5098 0.63922 0.77647
0.51373 0.64314 0.78039
