0.25882 0.32549 0.45882
0.2549 0.34118 0.47843
0.26275 0.32157 0.4549
0.27451 0.32549 0.46667
0.25098 0.33725 0.48235
0.27059 0.33725 0.47059
0.2549 0.31373 0.44706
0.27843 0.33725 0.47451
0.28235 0.32549 0.47059
0.25098 0.32941 0.48235
0.28627 0.35294 0.48627
0.25882 0.31765 0.4549
0.26275 0.32549 0.46667
0.2549 0.32549 0.46667
0.29412 0.34902 0.49412
0.27451 0.32549 0.46667
0.25882 0.32549 0.45882
0.25098 0.32157 0.46667
0.25098 0.32549 0.47059
0.26275 0.32941 0.47451
0.2549 0.32157 0.4549
0.24706 0.31765 0.46667
