0.86275 0.8 0.75294
0.8549 0.79216 0.74118
0.84706 0.8 0.74118
0.83137 0.78039 0.72549
0.87059 0.81176 0.76471
0.85098 0.78824 0.73725
0.83922 0.80784 0.77255
0.82745 0.79608 0.72941
0.86275 0.81176 0.75294
0.87451 0.81961 0.76078
0.8549 0.79216 0.73725
0.84706 0.8 0.73725
0.84314 0.8 0.73725
0.87059 0.81961 0.75686
0.86275 0.80784 0.7451
0.84314 0.78039 0.72157
0.8549 0.82353 0.76471
0.83137 0.79216 0.72157
0.86275 0.81961 0.74902
0.86667 0.81569 0.74902
0.85882 0.80784 0.74118
0.82745 0.77647 0.7098
0.85098 0.80784 0.73333
0.87451 0.82745 0.76078
0.86667 0.81569 0.74902
0.85098 0.8 0.73333
0.83529 0.78431 0.71765
0.83529 0.78431 0.71765
0.87843 0.82745 0.76078
0.87059 0.81961 0.75294
0.85098 0.8 0.73333
0.8549 0.80392 0.73725
0.85098 0.8 0.73333
