0.094118 0.31373 0.50196
0.086275 0.31765 0.49804
0.07451 0.31765 0.50196
0.078431 0.31765 0.50588
0.07451 0.31373 0.49804
0.066667 0.3098 0.49412
0.078431 0.32157 0.51373
0.086275 0.32549 0.51765
0.086275 0.32941 0.52157
0.070588 0.32157 0.5098
0.07451 0.31765 0.50196
0.078431 0.32157 0.50588
0.082353 0.31765 0.50196
0.086275 0.32941 0.52157
0.078431 0.32549 0.51765
0.078431 0.32549 0.51765
0.078431 0.32941 0.52157
0.07451 0.32549 0.51373
0.07451 0.32157 0.50588
0.078431 0.32157 0.50588
0.086275 0.32549 0.5098
0.078431 0.31373 0.49804
0.086275 0.33725 0.52549
0.07451 0.33333 0.52157
0.082353 0.32941 0.51765
0.082353 0.32549 0.51765
0.078431 0.32157 0.50588
0.078431 0.32157 0.50588
0.082353 0.32549 0.5098
0.082353 0.32157 0.50588
0.078431 0.31765 0.50196
0.082353 0.33333 0.52157
0.086275 0.33333 0.52157
0.086275 0.32941 0.52157
0.090196 0.32941 0.51373
0.098039 0.33725 0.52157
0.090196 0.32941 0.51373
0.078431 0.32157 0.50588
0.082353 0.32549 0.5098
0.094118 0.33333 0.51765
0.090196 0.33333 0.51765
0.090196 0.32941 0.51765
0.082353 0.32549 0.5098
0.078431 0.32157 0.50588
0.090196 0.33333 0.52549
0.090196 0.33333 0.52549
0.086275 0.32941 0.51765
0.086275 0.32941 0.51373
0.086275 0.33333 0.52157
