0.23529 0.71373 0.92549
0.21961 0.7098 0.92157
0.20392 0.70588 0.92549
0.2 0.70588 0.91765
0.25882 0.71373 0.92549
0.24706 0.71373 0.92157
0.23137 0.71373 0.92549
0.21569 0.70588 0.91765
0.19608 0.70588 0.91765
0.25882 0.71373 0.92549
0.25098 0.71765 0.92549
0.23529 0.71373 0.92941
0.21961 0.7098 0.92549
0.2 0.70588 0.91765
0.25882 0.71373 0.92157
0.24314 0.7098 0.91765
0.23529 0.71765 0.92941
0.21569 0.70588 0.92157
0.25098 0.71765 0.92157
0.24706 0.71373 0.92157
0.23529 0.71373 0.92549
0.21961 0.7098 0.92549
0.24314 0.71373 0.92157
0.23529 0.7098 0.92549
0.21569 0.70588 0.92157
0.23922 0.71373 0.92549
0.21961 0.70588 0.92157
