0.46275 0.58431 0.74902
0.46667 0.58824 0.74902
0.47451 0.58824 0.75294
0.46275 0.59216 0.75294
0.46275 0.58824 0.75686
0.47059 0.58824 0.75294
0.47451 0.58824 0.75294
0.46275 0.58824 0.74902
0.4549 0.58039 0.7451
0.46667 0.58824 0.75686
0.47451 0.59216 0.75294
0.47451 0.58824 0.75294
0.46275 0.58431 0.75294
0.45882 0.58431 0.75294
0.47059 0.58431 0.74902
0.47451 0.58824 0.75294
0.45882 0.58039 0.74902
0.45882 0.58431 0.75294
0.47451 0.58824 0.76078
0.47451 0.58824 0.76078
0.46667 0.58824 0.75294
0.47059 0.58824 0.75686
