0.58431 0.70588 0.82745
0.58431 0.70588 0.82745
0.58431 0.69804 0.82353
0.58039 0.69804 0.83137
0.57647 0.69412 0.82745
0.58039 0.69804 0.82745
0.57647 0.69804 0.81961
0.57647 0.70196 0.81961
0.57647 0.69804 0.82353
0.58431 0.69804 0.82353
0.58431 0.69804 0.82353
0.58039 0.69804 0.82745
0.57647 0.69412 0.83137
0.58039 0.69804 0.82745
0.57647 0.69804 0.81961
0.58039 0.69804 0.81961
0.58431 0.70196 0.82745
0.58824 0.70196 0.82745
0.58431 0.69804 0.82353
0.58431 0.70196 0.82353
0.58431 0.70588 0.82745
0.58431 0.70588 0.82745
0.58039 0.70196 0.82353
0.58039 0.69804 0.83137
0.57647 0.69412 0.82745
0.58039 0.69804 0.83137
0.57647 0.69412 0.82745
0.58039 0.69804 0.82745
0.58039 0.70588 0.82745
0.58824 0.70588 0.82745
0.58824 0.70196 0.82745
0.58039 0.69412 0.81961
0.58824 0.70196 0.82745
0.58431 0.69804 0.82353
0.58039 0.69804 0.81961
0.58039 0.70196 0.82353
0.58039 0.70196 0.82353
0.58039 0.69804 0.83137
0.57647 0.69412 0.82745
0.56863 0.68627 0.81961
0.57647 0.69412 0.82745
0.58039 0.69804 0.83137
0.58039 0.69804 0.83137
0.58039 0.70196 0.82353
0.58431 0.70196 0.82353
0.59216 0.70588 0.83137
0.58824 0.70196 0.82745
0.58824 0.70196 0.82745
0.58431 0.69804 0.82353
0.58039 0.70196 0.82353
0.58039 0.70196 0.82353
0.58431 0.70588 0.82745
0.57647 0.69412 0.82745
0.57647 0.69412 0.82745
0.57255 0.6902 0.82353
0.58039 0.69804 0.83137
0.58431 0.70196 0.83529
0.58039 0.69804 0.83137
0.58431 0.70588 0.82745
0.58039 0.69412 0.81961
0.58431 0.69804 0.82353
0.58824 0.70196 0.82745
0.58824 0.70196 0.82745
0.58824 0.70196 0.82745
0.58431 0.70588 0.82745
0.58039 0.70196 0.82353
0.58824 0.7098 0.83137
0.58431 0.70588 0.82745
0.57647 0.6902 0.82353
0.58039 0.69804 0.83137
0.58039 0.69804 0.83137
0.58824 0.70588 0.83922
0.58039 0.69804 0.83137
0.58431 0.69804 0.83137
0.58824 0.70196 0.83529
0.58039 0.69804 0.82745
0.58431 0.70196 0.82745
0.58824 0.7098 0.83137
0.58824 0.7098 0.83137
0.58039 0.70196 0.82353
0.58824 0.7098 0.83137
0.58431 0.70588 0.82745
0.58431 0.70588 0.82745
0.58039 0.70196 0.82353
0.58039 0.70196 0.82353
0.57647 0.69804 0.83529
0.57647 0.69412 0.82745
0.57647 0.69412 0.82745
0.58039 0.69804 0.83137
0.58431 0.70196 0.83529
0.57647 0.69412 0.82745
0.58039 0.69804 0.83137
0.57647 0.69412 0.82745
0.58039 0.70196 0.82745
0.58824 0.7098 0.83137
0.58431 0.70588 0.82745
0.58431 0.70588 0.82745
0.58431 0.70588 0.82745
0.58039 0.70196 0.82353
0.58431 0.70588 0.82745
0.58039 0.70196 0.82353
0.58039 0.70196 0.82353
0.56471 0.69804 0.83137
0.57255 0.69412 0.83137
0.57647 0.69412 0.82745
0.57647 0.69412 0.82745
0.58039 0.69804 0.83137
0.58039 0.69804 0.83137
0.57647 0.69412 0.82745
0.58039 0.69804 0.83137
0.57647 0.70196 0.83529
0.57255 0.69804 0.82745
0.57647 0.70196 0.82353
0.58039 0.70196 0.82353
0.58039 0.70196 0.82353
0.58039 0.70196 0.82353
0.58039 0.70196 0.82353
0.58431 0.70588 0.82745
0.58039 0.70196 0.82353
0.58431 0.70588 0.82745
0.56863 0.69804 0.83137
0.56863 0.69804 0.82745
0.56863 0.69804 0.82745
0.56471 0.69804 0.82745
0.56863 0.69412 0.82353
0.58039 0.69804 0.83137
0.58039 0.69804 0.83137
0.58039 0.69804 0.83137
0.57647 0.69412 0.82745
0.58039 0.69804 0.83137
0.57647 0.69412 0.83137
0.58039 0.69804 0.83922
0.58039 0.69804 0.83137
0.58039 0.70588 0.82745
0.58039 0.70196 0.81961
0.58039 0.70196 0.82353
0.57647 0.70196 0.82353
0.58039 0.70196 0.82353
0.58039 0.70196 0.82353
0.58431 0.70588 0.82745
0.58431 0.70588 0.82745
0.56863 0.69804 0.83137
0.56863 0.69804 0.82745
0.57255 0.70196 0.83137
0.56863 0.69804 0.82745
0.56471 0.69804 0.82353
0.57255 0.69804 0.82745
0.58039 0.69412 0.82745
0.58039 0.69804 0.83137
0.58039 0.69804 0.83137
0.58039 0.69804 0.83137
0.58039 0.69804 0.83137
0.57647 0.69412 0.82745
0.57647 0.69412 0.83529
0.58039 0.69804 0.83137
0.58431 0.70588 0.83137
0.58824 0.70588 0.83137
0.58824 0.70588 0.83137
0.58431 0.70588 0.82745
0.58431 0.70196 0.82353
0.57255 0.69804 0.81569
0.58431 0.70588 0.82745
0.58431 0.70588 0.82745
0.58431 0.70588 0.82745
0.56863 0.69804 0.83137
0.56863 0.69804 0.82745
0.57255 0.70196 0.83137
0.56863 0.69804 0.82745
0.56471 0.69412 0.82353
0.56863 0.6902 0.82353
0.57647 0.69412 0.82745
0.57647 0.69412 0.82745
0.57647 0.69412 0.82745
0.58039 0.69804 0.83137
0.57647 0.69412 0.82745
0.57647 0.69412 0.82745
0.58039 0.69804 0.83922
0.58431 0.70196 0.83529
0.58431 0.70196 0.82745
0.59216 0.70588 0.83137
0.58431 0.69804 0.82353
0.59216 0.70588 0.83137
0.58824 0.70588 0.83137
0.58431 0.70588 0.82745
0.58431 0.70588 0.82745
0.58824 0.7098 0.83137
0.58431 0.70588 0.82745
0.57255 0.70196 0.83529
0.56471 0.69412 0.83137
0.56863 0.69412 0.83137
0.57255 0.6902 0.83137
0.56863 0.6902 0.82745
0.57647 0.70588 0.84314
0.57255 0.69804 0.83529
0.56863 0.69804 0.83137
0.57255 0.70196 0.83137
0.57647 0.69412 0.82745
0.58039 0.69804 0.83137
0.58431 0.70196 0.83529
0.58431 0.70196 0.83529
0.58039 0.69804 0.83137
0.58431 0.70196 0.83137
0.58431 0.70196 0.83137
0.58431 0.70196 0.83529
0.58824 0.7098 0.83137
0.59216 0.71373 0.83137
0.58824 0.7098 0.83137
0.58824 0.7098 0.83137
0.58824 0.7098 0.83137
0.59216 0.7098 0.83529
0.59608 0.7098 0.83137
0.59216 0.70588 0.83137
0.59216 0.70588 0.83137
0.59608 0.7098 0.83529
0.56863 0.69804 0.83529
0.56078 0.6902 0.82745
0.56863 0.69804 0.83529
0.57647 0.69412 0.83529
0.57647 0.70196 0.83922
0.57255 0.70196 0.83922
0.56863 0.69804 0.83529
0.57255 0.70196 0.83529
0.56863 0.69804 0.82745
0.57255 0.69412 0.82745
0.58431 0.70196 0.83529
0.58039 0.69804 0.83137
0.57647 0.69412 0.82745
0.58039 0.69804 0.83137
0.58431 0.70196 0.83529
0.58431 0.70196 0.83529
0.58431 0.70196 0.83529
0.58431 0.70588 0.83137
0.58431 0.70588 0.82745
0.58431 0.70588 0.83137
0.58824 0.7098 0.83137
0.58824 0.7098 0.83137
0.58824 0.70196 0.82745
0.59608 0.7098 0.83529
0.59608 0.7098 0.83529
0.58824 0.70196 0.82745
0.59216 0.70588 0.83137
0.59608 0.7098 0.83529
0.56471 0.69412 0.83137
0.56078 0.6902 0.82745
0.56078 0.6902 0.82745
0.56863 0.69412 0.83137
0.57647 0.69412 0.83529
0.57647 0.70196 0.84314
0.56863 0.69804 0.83529
0.56471 0.69412 0.83137
0.56863 0.69804 0.83137
0.56863 0.69804 0.82745
0.57647 0.69412 0.82745
0.58431 0.70196 0.83529
0.58039 0.69804 0.83137
0.58039 0.69804 0.83529
0.58431 0.70196 0.83529
0.58824 0.70588 0.83922
0.58039 0.69804 0.83137
0.58431 0.70196 0.83529
0.58039 0.69804 0.83137
0.58431 0.70196 0.83529
0.59216 0.7098 0.84314
0.58824 0.7098 0.83529
0.58824 0.7098 0.83137
0.58824 0.70196 0.82745
0.59216 0.70588 0.83137
0.59216 0.70588 0.83137
0.59216 0.70588 0.83137
0.59608 0.7098 0.83529
0.59216 0.70588 0.83137
0.56078 0.6902 0.82745
0.56471 0.69412 0.83137
0.56471 0.69412 0.83137
0.56863 0.69804 0.83529
0.56471 0.69412 0.83137
0.57255 0.69804 0.83922
0.57647 0.70196 0.84314
0.57255 0.70196 0.83922
0.56863 0.6902 0.83137
0.57647 0.69804 0.83529
0.57647 0.69804 0.83529
0.57647 0.69804 0.82745
0.58039 0.69804 0.83137
0.58431 0.70588 0.83137
0.58431 0.70588 0.83137
0.58431 0.70588 0.83137
0.58824 0.70588 0.83922
0.58039 0.69804 0.83137
0.58431 0.70196 0.83529
0.58431 0.70196 0.83529
0.58431 0.70196 0.83529
0.58824 0.7098 0.83529
0.58431 0.70196 0.83137
0.58824 0.70588 0.83529
0.59216 0.7098 0.83137
0.58824 0.70588 0.82745
0.59216 0.70588 0.82745
0.59216 0.70588 0.82353
0.59608 0.7098 0.83137
0.56471 0.69412 0.83137
0.56471 0.69412 0.83137
0.56078 0.6902 0.82745
0.56471 0.69412 0.83137
0.56471 0.69412 0.83137
0.56863 0.69804 0.83529
0.56471 0.69412 0.83137
0.56471 0.69412 0.83137
0.56863 0.69804 0.83529
0.56863 0.69804 0.83529
0.57255 0.6902 0.83137
0.57647 0.69412 0.83529
0.58431 0.70196 0.84314
0.58431 0.70196 0.83922
0.58431 0.70196 0.83137
0.58431 0.70588 0.82745
0.58431 0.70588 0.82745
0.58431 0.70588 0.83137
0.58039 0.69804 0.83137
0.57647 0.69412 0.82745
0.58039 0.69804 0.83137
0.58824 0.70588 0.83922
0.58824 0.7098 0.83922
0.58824 0.7098 0.83137
0.58824 0.70588 0.83529
0.58824 0.70588 0.83529
0.59216 0.71373 0.83529
0.59216 0.70588 0.82353
0.58824 0.70196 0.81961
0.56471 0.69412 0.83137
0.56863 0.69804 0.83529
0.56471 0.69412 0.83137
0.56471 0.69412 0.83137
0.56863 0.69804 0.83529
0.56471 0.69412 0.83137
0.56863 0.69804 0.83529
0.56863 0.69804 0.83529
0.57255 0.70588 0.84314
0.56471 0.69412 0.83137
0.57255 0.6902 0.83137
0.58039 0.69804 0.83922
0.58039 0.69804 0.83922
0.58431 0.70196 0.83529
0.58039 0.69804 0.83137
0.58039 0.69804 0.83137
0.58431 0.70196 0.83529
0.58431 0.70196 0.83529
0.58431 0.70196 0.83529
0.57647 0.69412 0.82745
0.58039 0.69804 0.83137
0.58039 0.69804 0.83137
0.58431 0.70588 0.83529
0.58824 0.7098 0.83137
0.58824 0.7098 0.83529
0.58824 0.70588 0.83529
0.59216 0.71373 0.83137
0.57255 0.69412 0.83529
0.57255 0.69804 0.83529
0.57255 0.69804 0.83529
0.56863 0.69412 0.83137
0.56863 0.6902 0.83137
0.57255 0.69804 0.83529
0.56863 0.69412 0.83529
0.56863 0.69412 0.83137
0.57647 0.69412 0.83529
0.58431 0.70196 0.83922
0.57647 0.69412 0.83137
0.58039 0.69804 0.83137
0.58431 0.70196 0.83529
0.58039 0.69804 0.83529
0.57647 0.69412 0.82745
0.58039 0.69804 0.82745
0.58824 0.70588 0.83922
0.58431 0.70196 0.83529
0.58039 0.69804 0.83529
0.58431 0.70588 0.83529
0.58824 0.70588 0.83137
0.58824 0.7098 0.83137
0.58824 0.70588 0.83137
0.58431 0.70588 0.83137
0.58824 0.7098 0.82745
0.58431 0.70588 0.82353
0.58431 0.70588 0.82353
0.57255 0.6902 0.83137
0.57647 0.69412 0.83529
0.57255 0.68627 0.83137
0.56863 0.68627 0.82745
0.56863 0.68627 0.82745
0.57255 0.6902 0.83137
0.57647 0.69412 0.83529
0.57255 0.6902 0.83137
0.57647 0.69412 0.83529
0.58039 0.69804 0.83529
0.58431 0.70196 0.83137
0.58431 0.70196 0.83529
0.57647 0.69412 0.83137
0.57647 0.69412 0.83529
0.58039 0.69804 0.83137
0.58824 0.7098 0.83529
0.58824 0.70588 0.83529
0.58039 0.69804 0.83137
0.58039 0.69804 0.83137
0.58431 0.70588 0.83137
0.59216 0.71373 0.83529
0.59216 0.71373 0.83529
0.58824 0.7098 0.83137
0.58431 0.70588 0.82745
0.58824 0.7098 0.83137
0.59216 0.7098 0.83529
0.59216 0.70588 0.83137
0.59608 0.7098 0.83137
0.57647 0.69412 0.83922
0.57647 0.6902 0.83529
0.57255 0.6902 0.83137
0.58039 0.69804 0.83922
0.57647 0.69412 0.83529
0.58039 0.69804 0.83922
0.58039 0.69804 0.83922
0.57255 0.6902 0.83137
0.57647 0.69412 0.82745
0.58824 0.70588 0.83922
0.57647 0.69412 0.82745
0.58039 0.69804 0.83922
0.59216 0.7098 0.84314
0.58824 0.7098 0.83137
0.58431 0.70196 0.83137
0.58039 0.69804 0.83137
0.58431 0.70196 0.83529
0.58431 0.70588 0.82745
0.58824 0.7098 0.83137
0.59216 0.71373 0.83529
0.59608 0.71373 0.83529
0.59216 0.70588 0.83137
0.59216 0.7098 0.83137
0.59608 0.71373 0.83922
0.59608 0.7098 0.83529
0.57647 0.69804 0.84314
0.57255 0.6902 0.83529
0.57255 0.6902 0.83137
0.57647 0.69412 0.83529
0.57647 0.69412 0.83529
0.58039 0.69804 0.83922
0.58039 0.69804 0.83922
0.58431 0.70196 0.83922
0.58039 0.69804 0.83137
0.58039 0.69804 0.83137
0.57647 0.69412 0.83137
0.58431 0.70196 0.83922
0.58824 0.70588 0.83922
0.58824 0.70588 0.83137
0.58431 0.70196 0.83529
0.58039 0.69804 0.83529
0.58431 0.70196 0.83922
0.58431 0.70196 0.83137
0.58431 0.70588 0.82745
0.58824 0.7098 0.83137
0.59216 0.7098 0.83529
0.59608 0.7098 0.83529
0.59216 0.70588 0.83137
0.6 0.71373 0.83922
0.59608 0.7098 0.83529
0.58824 0.70196 0.82353
0.56471 0.69412 0.83529
0.56471 0.69412 0.83137
0.56863 0.69804 0.83529
0.57647 0.69412 0.83529
0.57647 0.69412 0.83529
0.58039 0.69804 0.83922
0.58039 0.69804 0.83922
0.58039 0.69804 0.83922
0.58431 0.70196 0.83529
0.58431 0.70196 0.83529
0.58431 0.70196 0.83529
0.58039 0.69804 0.82745
0.57647 0.69412 0.82745
0.58431 0.70196 0.83529
0.58431 0.70196 0.84314
0.58431 0.70196 0.84314
0.58431 0.70196 0.84314
0.58039 0.69804 0.83137
0.58039 0.69804 0.82745
0.58824 0.7098 0.83137
0.58824 0.70588 0.83137
0.59216 0.70588 0.83137
0.59608 0.7098 0.83529
0.59216 0.70588 0.83137
0.59216 0.70588 0.83137
0.58824 0.70588 0.82353
0.56471 0.69412 0.83529
0.56863 0.69804 0.83529
0.56863 0.69804 0.83529
0.57647 0.69412 0.83529
0.57647 0.69412 0.83529
0.58431 0.70196 0.84314
0.58039 0.69804 0.83922
0.57647 0.69412 0.83137
0.58431 0.70196 0.83137
0.58431 0.70196 0.83529
0.58039 0.69804 0.83137
0.57647 0.69412 0.82745
0.58039 0.69804 0.83137
0.58431 0.70196 0.83529
0.58431 0.70196 0.83922
0.58431 0.70196 0.84314
0.58431 0.70196 0.84706
0.58431 0.70196 0.83922
0.58824 0.70588 0.83922
0.58824 0.7098 0.83137
0.58431 0.70196 0.82353
0.58824 0.70196 0.82745
0.59608 0.7098 0.83529
0.59608 0.70588 0.83137
0.6 0.70588 0.82745
0.6 0.70588 0.83137
0.60392 0.7098 0.83529
0.56471 0.69412 0.83529
0.56863 0.69804 0.83529
0.57647 0.70196 0.84314
0.58039 0.69804 0.83922
0.57255 0.6902 0.83137
0.58039 0.69804 0.83922
0.58039 0.69804 0.83922
0.57647 0.69412 0.83137
0.58039 0.69804 0.83137
0.58431 0.70196 0.83529
0.58039 0.69804 0.83137
0.57647 0.69412 0.82745
0.58039 0.69804 0.83137
0.58431 0.70196 0.83922
0.58039 0.69804 0.83922
0.58431 0.70196 0.83922
0.58039 0.69804 0.83922
0.58431 0.70196 0.83529
0.58824 0.7098 0.83922
0.59216 0.71373 0.83529
0.59216 0.70588 0.83137
0.59216 0.70588 0.83137
0.59608 0.7098 0.83529
0.6 0.7098 0.83137
0.60392 0.70588 0.83137
0.60392 0.70588 0.83529
0.56471 0.69412 0.83529
0.56863 0.69804 0.83529
0.56471 0.69412 0.83137
0.56863 0.6902 0.82745
0.57647 0.69412 0.83529
0.57647 0.69412 0.83529
0.57647 0.69412 0.83529
0.57647 0.69412 0.83529
0.57647 0.69412 0.83529
0.57647 0.69412 0.83137
0.58431 0.70196 0.83529
0.58039 0.69804 0.83137
0.58039 0.69804 0.83137
0.58431 0.70196 0.83529
0.58431 0.69804 0.83137
0.58824 0.70196 0.83529
0.58824 0.70196 0.83529
0.58824 0.70196 0.83922
0.58824 0.70588 0.83922
0.58431 0.70196 0.82745
0.58824 0.7098 0.83137
0.58824 0.7098 0.83137
0.59608 0.71373 0.83922
0.59608 0.7098 0.83922
0.59608 0.7098 0.83137
0.56863 0.69412 0.83137
0.56863 0.69412 0.83137
0.57255 0.6902 0.83137
0.57647 0.69412 0.83529
0.57647 0.69412 0.83529
0.57647 0.69412 0.83529
0.58039 0.69804 0.83922
0.58431 0.70196 0.84314
0.57647 0.69412 0.83529
0.58039 0.69804 0.83137
0.58431 0.70196 0.83529
0.57647 0.69412 0.82745
0.58039 0.69804 0.83137
0.58824 0.70196 0.83529
0.59216 0.70588 0.83922
0.59216 0.70588 0.83922
0.59216 0.70588 0.83922
0.58824 0.70196 0.83529
0.58431 0.70196 0.82745
0.59216 0.7098 0.83529
0.58824 0.70588 0.83137
0.59608 0.71373 0.83922
0.59608 0.7098 0.83922
0.59216 0.70588 0.82745
0.59216 0.70588 0.82353
0.57647 0.69412 0.83529
0.57647 0.69412 0.83529
0.57255 0.6902 0.83137
0.57647 0.69412 0.83529
0.57647 0.69412 0.83529
0.57255 0.6902 0.83137
0.57647 0.69412 0.83529
0.58039 0.69804 0.83922
0.57255 0.6902 0.82745
0.58039 0.69804 0.83137
0.58824 0.70588 0.83922
0.58039 0.69804 0.83137
0.58039 0.69804 0.83137
0.59216 0.70588 0.83922
0.58824 0.70196 0.83529
0.58824 0.70196 0.83529
0.59216 0.70588 0.83922
0.58824 0.70588 0.83922
0.59216 0.70588 0.83137
0.59216 0.70588 0.82745
0.58824 0.70196 0.82745
0.59216 0.70588 0.83529
0.59608 0.7098 0.83922
0.59216 0.70588 0.83137
0.56863 0.69412 0.83137
0.57255 0.69412 0.83529
0.57647 0.69412 0.83529
0.58039 0.69412 0.83922
0.57255 0.69412 0.83529
0.57255 0.69804 0.83922
0.57647 0.69412 0.83529
0.58039 0.69804 0.83529
0.58824 0.70196 0.83529
0.58824 0.70196 0.83529
0.58824 0.70588 0.83529
0.58431 0.70588 0.83137
0.58824 0.70588 0.83137
0.58431 0.70588 0.83137
0.58039 0.70588 0.83529
0.58431 0.69804 0.83137
0.59216 0.70588 0.83922
0.59216 0.70588 0.83529
0.59608 0.7098 0.83529
0.59216 0.70588 0.82745
0.59216 0.70588 0.83529
0.59608 0.7098 0.83922
0.59608 0.7098 0.83529
0.57255 0.69412 0.83137
0.58039 0.69804 0.83922
0.57647 0.69412 0.83529
0.57255 0.6902 0.83137
0.56863 0.69412 0.83137
0.56863 0.69804 0.83529
0.57647 0.69804 0.83922
0.58431 0.69804 0.83922
0.58824 0.70196 0.83529
0.58824 0.70588 0.83922
0.58824 0.70588 0.83529
0.58431 0.70588 0.83137
0.58431 0.70588 0.83137
0.58824 0.7098 0.83529
0.58039 0.70588 0.83529
0.58431 0.70196 0.83529
0.59608 0.7098 0.84314
0.59216 0.70588 0.83529
0.59216 0.70588 0.83137
0.59608 0.7098 0.83529
0.59216 0.70588 0.83922
0.58824 0.70196 0.83137
0.59216 0.70588 0.83137
0.57647 0.69412 0.83529
0.58039 0.69804 0.83922
0.57255 0.69804 0.83922
0.57255 0.70196 0.83922
0.58039 0.69804 0.83922
0.58039 0.69804 0.83529
0.58431 0.70196 0.83529
0.58039 0.69804 0.83137
0.58431 0.70196 0.83529
0.58039 0.69804 0.83137
0.58431 0.70196 0.83529
0.58431 0.70588 0.83922
0.58431 0.7098 0.84314
0.58039 0.69804 0.83137
0.58824 0.70196 0.83529
0.58824 0.70196 0.83137
0.59216 0.70588 0.83137
0.59608 0.7098 0.83529
0.59608 0.7098 0.83922
0.59608 0.7098 0.84314
0.59608 0.70588 0.83137
0.58039 0.69804 0.83922
0.57647 0.69412 0.83137
0.57647 0.70196 0.83529
0.57255 0.70196 0.83137
0.57647 0.70196 0.83529
0.58039 0.69804 0.83137
0.58431 0.70196 0.83529
0.58431 0.70196 0.83529
0.58039 0.69804 0.83529
0.58431 0.69804 0.83922
0.58431 0.69804 0.83529
0.58824 0.70588 0.83922
0.58824 0.70588 0.83922
0.58431 0.70196 0.83529
0.58431 0.70588 0.83137
0.58824 0.70588 0.83137
0.58431 0.69804 0.83529
0.58824 0.7098 0.83922
0.56471 0.69804 0.82745
0.56863 0.69804 0.82745
0.58431 0.70196 0.83529
0.58431 0.70196 0.83137
0.58431 0.70196 0.83529
0.58431 0.70196 0.84314
0.58431 0.69804 0.83922
0.58824 0.69804 0.84314
0.59216 0.70196 0.83529
0.58824 0.70196 0.83529
0.59216 0.7098 0.84314
0.58431 0.69804 0.83529
0.57255 0.69412 0.82745
0.56863 0.69804 0.82745
0.57255 0.70196 0.83137
0.59216 0.7098 0.84314
0.58824 0.70588 0.83922
0.58431 0.70196 0.83529
0.58431 0.70196 0.84314
0.58824 0.70196 0.84706
0.59216 0.70196 0.84706
0.58824 0.70196 0.83529
0.59216 0.70588 0.83922
0.58824 0.70588 0.84314
0.58039 0.69804 0.83529
0.58039 0.70196 0.83137
0.57647 0.70588 0.83529
0.57255 0.70196 0.83137
0.58824 0.70588 0.83922
0.59216 0.7098 0.84314
0.58431 0.70196 0.83529
0.58431 0.70196 0.83922
0.58824 0.70196 0.83922
0.58824 0.69804 0.83922
0.58431 0.69804 0.83137
0.58431 0.69804 0.83137
0.58039 0.69412 0.83137
0.58039 0.70196 0.83529
0.58039 0.7098 0.83922
0.58039 0.70588 0.83529
0.58431 0.70196 0.83529
0.58431 0.70196 0.83529
0.58039 0.69804 0.83137
0.58431 0.69804 0.83137
0.58431 0.69804 0.83137
0.58824 0.70196 0.83922
0.58039 0.69804 0.83137
0.57255 0.70196 0.83137
0.58039 0.70588 0.83529
0.58039 0.69804 0.83137
0.58039 0.69804 0.83137
0.58039 0.69804 0.83137
0.58039 0.69412 0.82745
0.58039 0.69804 0.83137
0.56863 0.69412 0.82353
0.58431 0.69804 0.83137
0.58039 0.69804 0.83137
