0.58824 0.70196 0.83529
0.59216 0.70588 0.83922
0.58824 0.70588 0.84314
0.58824 0.70196 0.83922
0.58431 0.69804 0.83137
0.58431 0.69804 0.83137
0.58431 0.69804 0.83137
0.6 0.71373 0.84706
0.59216 0.70588 0.83922
0.58824 0.70196 0.83529
0.58039 0.69804 0.83137
0.58824 0.70588 0.83922
0.58824 0.70196 0.83922
0.58431 0.70196 0.83529
0.58431 0.70196 0.83529
0.58431 0.70196 0.83922
0.59216 0.7098 0.84314
0.58431 0.70196 0.83529
0.58431 0.70196 0.84314
0.59216 0.7098 0.84706
0.58431 0.69804 0.83529
0.58039 0.69804 0.83922
0.58431 0.70196 0.83922
0.58431 0.70196 0.84314
