0.25098 0.37647 0.52941
0.24314 0.36863 0.52157
0.23529 0.37255 0.52157
0.23922 0.36863 0.52157
0.24314 0.36471 0.51765
0.2549 0.38431 0.53333
0.23922 0.36471 0.51373
0.24706 0.37255 0.52157
0.24314 0.36863 0.52157
0.24314 0.36078 0.51373
0.25882 0.38431 0.53333
0.24706 0.36863 0.51765
0.24706 0.36863 0.51765
0.25098 0.36863 0.51765
0.25098 0.36863 0.52157
0.25882 0.37255 0.52549
0.24706 0.36471 0.51765
0.24706 0.36471 0.51765
0.26667 0.38039 0.54118
0.26275 0.37647 0.53333
0.25098 0.36863 0.52549
0.23922 0.36863 0.51765
0.23922 0.36471 0.51765
0.2549 0.38039 0.53333
0.24706 0.36863 0.52157
0.24314 0.36863 0.52157
0.23922 0.36471 0.51765
0.23529 0.36078 0.51373
0.25098 0.37647 0.52941
0.25098 0.37647 0.52549
0.24706 0.37255 0.52549
0.25098 0.37647 0.52549
0.25098 0.37647 0.52941
0.24706 0.37255 0.52549
0.25098 0.37647 0.52549
