0.8902 0.81176 0.71765
0.88235 0.80392 0.7098
0.89804 0.81569 0.72157
0.87843 0.8 0.70196
0.8902 0.80784 0.71765
0.8902 0.80392 0.71373
0.88627 0.8 0.70588
0.90196 0.81569 0.72157
0.88235 0.80392 0.71373
0.89412 0.81569 0.71765
0.89412 0.80784 0.71373
0.89412 0.80392 0.71373
0.88627 0.8 0.70588
0.8902 0.81176 0.72157
0.89804 0.81961 0.72157
0.8902 0.80392 0.7098
0.89412 0.80784 0.71373
0.87843 0.79216 0.69804
0.8902 0.81569 0.72157
0.89804 0.81569 0.72157
0.9098 0.82353 0.72549
0.89804 0.81569 0.72157
0.88627 0.80392 0.7098
0.89804 0.80784 0.7098
0.89412 0.81961 0.72157
0.87451 0.8 0.70196
