0.34902 0.42353 0.55686
0.36863 0.43137 0.56078
0.36863 0.43137 0.56078
0.38039 0.44314 0.57255
0.36471 0.43529 0.56863
0.36471 0.43922 0.56471
0.36471 0.43922 0.56863
0.36863 0.43529 0.56471
0.37647 0.43922 0.56863
0.34902 0.41569 0.54902
0.36471 0.43922 0.56471
0.36078 0.43922 0.56471
0.36471 0.43137 0.56078
0.36863 0.43922 0.56863
0.34902 0.41961 0.55686
0.36078 0.43529 0.56078
0.36078 0.43529 0.56471
0.36863 0.44314 0.57255
0.36471 0.43529 0.57255
0.35294 0.43137 0.57255
0.35686 0.43137 0.56078
0.36078 0.43529 0.56471
0.35686 0.43137 0.56863
0.33333 0.41569 0.55686
0.35294 0.43137 0.56078
0.3451 0.42745 0.56078
0.33333 0.42353 0.56078
0.34902 0.44314 0.58039
