0.73333 0.67059 0.60392
0.72549 0.66667 0.59216
0.72549 0.66667 0.59608
0.72941 0.67059 0.59608
0.72941 0.67059 0.59608
0.72941 0.67059 0.59608
0.73333 0.67451 0.6
0.72157 0.66275 0.58824
0.72549 0.66667 0.59216
0.72941 0.67059 0.59608
0.73333 0.67451 0.6
0.71765 0.65882 0.58431
0.71765 0.6549 0.58431
0.72549 0.66275 0.59216
0.73333 0.67059 0.59608
0.73725 0.67059 0.6
0.73725 0.67059 0.6
0.73725 0.67451 0.60392
0.72157 0.6549 0.58431
0.72549 0.65882 0.58824
0.73333 0.66667 0.59608
0.73725 0.67059 0.59608
0.74118 0.67451 0.6
0.72157 0.6549 0.58431
0.72549 0.65882 0.58824
0.72941 0.66275 0.59216
0.73333 0.66667 0.59608
0.73333 0.66667 0.59216
0.72157 0.6549 0.57647
0.72549 0.65882 0.58431
0.72941 0.66275 0.58824
0.73725 0.67059 0.59608
0.76471 0.69804 0.61961
0.76471 0.69804 0.61961
0.77255 0.70588 0.62745
