0.0039216 0.43529 0.56863
0.0078431 0.43529 0.57255
0.0039216 0.43529 0.57255
0.0039216 0.43137 0.56863
0.011765 0.43137 0.55686
0.0039216 0.43922 0.58039
0.0039216 0.43529 0.56863
0.0078431 0.43922 0.57647
0.0078431 0.43922 0.57647
0.0039216 0.43529 0.56863
0.011765 0.42745 0.57647
0.0078431 0.42745 0.58039
0.0078431 0.43922 0.57647
0.0039216 0.43529 0.57255
0.0078431 0.43922 0.57647
0.0078431 0.43922 0.57647
0.0039216 0.43922 0.56863
0.0078431 0.43529 0.56471
0.011765 0.42745 0.58039
0.0039216 0.43529 0.57255
0.0039216 0.43529 0.57255
0 0.43137 0.56863
0.0039216 0.43922 0.56863
0.0039216 0.43922 0.56078
0.0078431 0.43922 0.56078
0.0039216 0.43529 0.57255
0.0039216 0.43529 0.57255
0.0039216 0.43137 0.56863
0.0078431 0.43922 0.57647
0.0078431 0.43529 0.56471
0.015686 0.43529 0.54118
0.011765 0.43922 0.57647
0.0039216 0.43529 0.57255
0.0039216 0.43529 0.57255
0.0039216 0.43922 0.57647
0.0039216 0.42353 0.55686
0 0.44706 0.57255
0.0039216 0.44314 0.56863
0.023529 0.40784 0.54118
0.031373 0.40392 0.52941
