0.87059 0.8 0.69804
0.88235 0.8 0.70196
0.8902 0.81569 0.71765
0.87451 0.8 0.70196
0.8902 0.81176 0.71765
0.8902 0.81176 0.71373
0.88235 0.80392 0.7098
0.87451 0.79608 0.70196
0.88627 0.80784 0.71373
0.8902 0.81569 0.71765
0.87843 0.8 0.70196
0.8902 0.80784 0.71373
0.88627 0.80784 0.71373
0.8902 0.81176 0.71765
0.8902 0.81176 0.71765
0.8902 0.82353 0.72157
0.87451 0.80392 0.70196
0.87451 0.8 0.70588
0.8902 0.81961 0.72157
0.9098 0.84314 0.74118
0.89804 0.82353 0.72157
0.87451 0.80392 0.71373
0.88627 0.81961 0.71765
0.92157 0.85098 0.75294
0.89804 0.81961 0.71765
0.87843 0.80784 0.71373
0.88235 0.81569 0.71373
0.90588 0.83529 0.73333
0.87843 0.8 0.69804
0.88235 0.81176 0.71765
0.90196 0.83529 0.73725
0.87451 0.8 0.70196
