0.23922 0.33333 0.47451
0.23529 0.32941 0.47059
0.23529 0.32941 0.46275
0.22745 0.32157 0.4549
0.23922 0.33333 0.46667
0.24314 0.33725 0.46275
0.24314 0.33333 0.47059
0.24314 0.33725 0.47843
0.23922 0.33333 0.47059
0.22745 0.32157 0.45882
0.21961 0.31373 0.45098
0.23529 0.33333 0.45882
0.23529 0.33333 0.4549
0.24706 0.33725 0.47451
0.25098 0.3451 0.48627
0.23529 0.32941 0.47059
0.22745 0.32157 0.46275
0.22353 0.31765 0.45882
0.23529 0.32941 0.46275
0.22745 0.31373 0.43922
0.2549 0.34118 0.47843
0.25098 0.34902 0.48627
0.22353 0.32941 0.47059
0.22353 0.32549 0.4549
0.21961 0.31765 0.44706
0.23137 0.31373 0.45882
0.24706 0.33725 0.47451
0.23922 0.34118 0.47843
0.23529 0.33725 0.47843
0.22353 0.32549 0.45882
0.22745 0.32157 0.4549
0.22745 0.3098 0.44314
0.23922 0.33725 0.47059
0.22353 0.32549 0.46275
0.23529 0.33333 0.47059
0.21961 0.3098 0.45882
0.22353 0.31373 0.4549
0.24706 0.3451 0.47843
0.21569 0.32157 0.4549
0.22745 0.32941 0.46275
0.22353 0.31373 0.4549
0.23922 0.32157 0.4549
0.2549 0.3451 0.47843
