0.14902 0.22745 0.36471
0.17255 0.24314 0.38431
0.15686 0.22745 0.36863
0.16863 0.23922 0.38039
0.16471 0.23922 0.38039
0.15686 0.23137 0.36863
0.15686 0.23922 0.37647
0.14902 0.22745 0.36471
0.16078 0.23529 0.37255
0.16863 0.23922 0.37647
0.16078 0.23529 0.37647
0.15686 0.22745 0.36863
0.16863 0.23922 0.38039
0.16471 0.23529 0.37647
0.15686 0.23137 0.37255
0.15294 0.22745 0.36471
0.16863 0.23922 0.38039
0.16471 0.23922 0.36863
0.16863 0.24314 0.37255
0.16863 0.23529 0.36863
0.16471 0.23529 0.36471
0.16078 0.21961 0.35686
0.16471 0.22745 0.36471
0.15686 0.22745 0.36471
0.15294 0.22353 0.36863
