0.26667 0.38039 0.53725
0.28235 0.38824 0.55294
0.27059 0.37647 0.53725
0.28235 0.38431 0.54118
0.28235 0.38039 0.53725
0.27843 0.38431 0.55294
0.27843 0.38431 0.55294
0.28235 0.38431 0.55294
0.28235 0.38039 0.54118
0.28627 0.38431 0.54118
0.28235 0.38039 0.53725
0.26667 0.37255 0.54118
0.27451 0.38039 0.54902
0.27451 0.38039 0.5451
0.28235 0.38039 0.54118
0.28627 0.38431 0.5451
0.28235 0.38039 0.54118
0.27843 0.37647 0.53333
0.28235 0.37647 0.53333
0.27843 0.36471 0.52549
0.27843 0.38431 0.5451
0.27843 0.38039 0.5451
0.28235 0.38431 0.5451
0.28235 0.38431 0.5451
0.27843 0.38039 0.53725
0.2902 0.38824 0.54902
0.28235 0.37647 0.53725
0.27843 0.36863 0.52941
0.28235 0.38431 0.5451
0.28235 0.38431 0.5451
0.27451 0.38431 0.54118
0.27451 0.38431 0.54118
0.27059 0.38039 0.53333
0.27843 0.38039 0.54118
0.28235 0.38039 0.54118
0.27843 0.37647 0.53333
0.28235 0.38431 0.5451
0.27843 0.37647 0.53725
0.27059 0.38039 0.53725
0.26667 0.37647 0.53333
0.27059 0.38039 0.53725
0.26667 0.37647 0.53333
0.28235 0.38431 0.54118
0.28627 0.37647 0.53725
