0.062745 0.21569 0.39216
0.054902 0.20784 0.38039
0.05098 0.20784 0.38039
0.047059 0.20392 0.37647
0.058824 0.21176 0.38431
0.054902 0.20784 0.38039
0.043137 0.20784 0.38039
0.047059 0.20784 0.38039
0.043137 0.20392 0.37647
0.05098 0.20784 0.38431
0.043137 0.2 0.37647
0.039216 0.20784 0.37647
0.039216 0.20784 0.37647
0.043137 0.21176 0.38039
0.05098 0.21961 0.39608
0.05098 0.21961 0.39608
0.05098 0.21176 0.38824
0.047059 0.21569 0.38431
0.039216 0.20784 0.37647
0.039216 0.20784 0.37647
0.047059 0.21569 0.39216
0.047059 0.21569 0.39216
0.039216 0.20784 0.38431
0.035294 0.20784 0.38039
