0.66275 0.73333 0.81176
0.67059 0.74118 0.81961
0.65882 0.72941 0.81961
0.66667 0.73725 0.81569
0.65882 0.74118 0.82353
0.66275 0.73725 0.82353
0.66275 0.73333 0.81961
0.66275 0.73333 0.81961
0.66275 0.73333 0.81569
0.65882 0.74118 0.82353
0.66275 0.73725 0.81961
0.65882 0.72941 0.81569
0.65882 0.72941 0.81569
0.65882 0.72941 0.81176
0.65098 0.73333 0.81569
0.66275 0.73725 0.82353
0.66275 0.73333 0.81961
0.66275 0.72941 0.81961
0.66275 0.73333 0.81569
0.66275 0.73333 0.81961
0.6549 0.73333 0.81961
0.65882 0.73725 0.81569
0.65882 0.72941 0.81569
0.65098 0.72941 0.81569
0.6549 0.73725 0.81569
0.66275 0.73333 0.81569
