0.15294 0.14118 0.11765
0.21569 0.20392 0.16471
0.15686 0.14118 0.098039
0.21961 0.18824 0.14118
0.10588 0.098039 0.078431
0.16471 0.15686 0.11373
0.20392 0.19608 0.1451
0.18039 0.15294 0.11765
0.28627 0.23529 0.18039
0.12941 0.12941 0.094118
0.098039 0.090196 0.062745
0.12549 0.11765 0.082353
0.16863 0.16078 0.11373
0.14902 0.12941 0.094118
0.16863 0.12941 0.094118
0.18039 0.18824 0.13725
0.086275 0.086275 0.054902
0.11765 0.1098 0.070588
0.13725 0.12549 0.082353
0.14902 0.13333 0.086275
0.14902 0.11373 0.078431
0.13333 0.14118 0.082353
0.11765 0.1098 0.07451
0.15294 0.1451 0.094118
0.17647 0.16471 0.11765
0.16471 0.14902 0.10588
0.15294 0.12941 0.086275
0.13725 0.12549 0.078431
0.2 0.19216 0.12941
0.17255 0.16471 0.1098
0.16863 0.15294 0.1098
0.16863 0.15686 0.1098
0.1451 0.14118 0.082353
0.16078 0.15686 0.090196
0.18039 0.17255 0.11765
0.16078 0.15294 0.10196
0.16078 0.15294 0.10196
0.19608 0.18824 0.12941
