0.6549 0.61569 0.58039
0.65882 0.61961 0.58039
0.65098 0.61176 0.57647
0.64314 0.60392 0.56863
0.6549 0.61569 0.57647
0.65098 0.61176 0.57255
0.63922 0.6 0.56471
0.64314 0.60392 0.56863
0.64314 0.60392 0.56863
0.65098 0.61176 0.58039
0.64706 0.60784 0.57647
0.63529 0.6 0.56863
0.64314 0.6 0.56863
0.63922 0.60392 0.56471
0.63922 0.60392 0.56471
0.63922 0.60392 0.56863
0.64706 0.60784 0.57255
0.65098 0.60784 0.57255
0.64706 0.60784 0.57255
0.64314 0.60392 0.56863
0.64314 0.60392 0.56863
0.63529 0.6 0.56078
0.63137 0.6 0.55686
0.63529 0.6 0.56471
0.65098 0.61176 0.56863
0.64314 0.60392 0.56078
0.64314 0.60392 0.56471
0.63922 0.6 0.56471
0.63922 0.6 0.56471
0.63529 0.59608 0.56078
0.62745 0.59608 0.55686
0.65098 0.61176 0.57255
0.6549 0.61176 0.57647
0.65098 0.60784 0.57255
0.64314 0.60392 0.56863
0.63922 0.60392 0.56471
0.63529 0.60392 0.56471
0.65098 0.61176 0.57255
0.6549 0.61176 0.57255
0.6549 0.60784 0.56863
0.64706 0.60784 0.57255
0.63922 0.60392 0.56863
0.6549 0.60392 0.56863
0.6549 0.60392 0.56863
0.65098 0.60392 0.56863
0.64314 0.60392 0.56863
0.65882 0.60784 0.57255
0.65882 0.60784 0.57255
0.6549 0.60392 0.56863
0.63922 0.6 0.56471
