0.28235 0.27843 0.27059
0.26667 0.25882 0.25882
0.24706 0.23529 0.24314
0.24706 0.23137 0.24706
0.24314 0.23529 0.2549
0.24314 0.23529 0.25882
0.24706 0.23137 0.2549
0.29804 0.27451 0.28235
0.19216 0.17647 0.18824
0.12157 0.11765 0.12941
0.082353 0.082353 0.098039
0.066667 0.062745 0.082353
0.058824 0.054902 0.078431
0.070588 0.070588 0.090196
0.070588 0.070588 0.098039
0.070588 0.070588 0.10588
0.066667 0.062745 0.10588
0.066667 0.066667 0.10196
0.25882 0.23529 0.21961
0.11373 0.098039 0.098039
0.10196 0.090196 0.10196
0.11765 0.1098 0.12549
0.11373 0.10588 0.12941
0.10588 0.10196 0.12549
0.086275 0.082353 0.1098
0.078431 0.07451 0.098039
0.090196 0.082353 0.1098
0.090196 0.090196 0.11765
0.086275 0.082353 0.11765
0.086275 0.078431 0.12157
0.086275 0.082353 0.12549
0.18039 0.14118 0.1451
0.12549 0.11373 0.12941
0.12157 0.12157 0.13333
0.1098 0.11765 0.12549
0.11765 0.1098 0.13333
0.11373 0.10588 0.13333
0.10588 0.10196 0.12941
0.090196 0.086275 0.12157
0.078431 0.078431 0.1098
0.094118 0.090196 0.12157
0.086275 0.086275 0.11765
0.082353 0.082353 0.11765
0.098039 0.090196 0.13333
0.090196 0.082353 0.12549
0.16863 0.13333 0.14118
0.12941 0.11765 0.13725
0.12549 0.11765 0.14118
0.10588 0.10588 0.12549
0.1098 0.1098 0.13333
0.12549 0.11765 0.13725
0.13333 0.11765 0.13725
0.12549 0.1098 0.12549
0.11765 0.10196 0.11373
0.10588 0.098039 0.10588
0.1098 0.10588 0.10588
0.11373 0.10196 0.10588
0.10588 0.094118 0.11765
0.098039 0.094118 0.13333
0.094118 0.090196 0.13725
0.16863 0.1451 0.1451
0.12941 0.11765 0.13725
0.12157 0.12549 0.14902
0.11373 0.11765 0.13333
0.11765 0.11765 0.12157
0.13333 0.12549 0.13725
0.13725 0.12157 0.12157
0.14118 0.12549 0.11373
0.15686 0.12941 0.11373
0.14118 0.1098 0.094118
0.13725 0.11373 0.094118
0.13725 0.12157 0.094118
0.13725 0.11373 0.094118
0.12549 0.10588 0.1098
0.098039 0.094118 0.11765
0.10588 0.11373 0.14118
0.23137 0.20392 0.2
0.11765 0.11373 0.12941
0.12157 0.12157 0.14902
0.12157 0.11373 0.15294
0.12549 0.11765 0.13333
0.14902 0.13725 0.12157
0.1451 0.12941 0.1098
0.13725 0.11765 0.098039
0.13725 0.11373 0.090196
0.14118 0.11373 0.082353
0.13725 0.10588 0.07451
0.13725 0.10588 0.078431
0.12941 0.1098 0.082353
0.13725 0.11373 0.090196
0.12157 0.10588 0.10588
0.090196 0.090196 0.10588
0.10196 0.1098 0.12941
0.14902 0.12157 0.14118
0.13333 0.13333 0.16078
0.11765 0.11765 0.14902
0.12549 0.10588 0.14118
0.15294 0.12549 0.12941
0.16078 0.13333 0.11373
0.15294 0.12157 0.094118
0.13333 0.1098 0.086275
0.13333 0.10588 0.082353
0.12549 0.10196 0.07451
0.12941 0.1098 0.07451
0.12549 0.10588 0.07451
0.11765 0.10196 0.078431
0.13333 0.11373 0.094118
0.11765 0.10196 0.10588
0.086275 0.090196 0.12157
0.090196 0.10588 0.12549
0.22745 0.2 0.18824
0.14118 0.12941 0.15686
0.11765 0.11765 0.1451
0.11765 0.11373 0.13333
0.1451 0.12157 0.12941
0.16863 0.13725 0.12549
0.16078 0.12941 0.1098
0.1451 0.11765 0.094118
0.13725 0.10588 0.082353
0.13333 0.1098 0.086275
0.12157 0.10196 0.078431
0.12549 0.1098 0.07451
0.12549 0.1098 0.078431
0.12549 0.10588 0.082353
0.12941 0.11373 0.090196
0.12549 0.10588 0.10196
0.07451 0.090196 0.12549
0.094118 0.1098 0.12941
0.15294 0.13333 0.12941
0.12941 0.12549 0.15294
0.11373 0.11373 0.1451
0.12941 0.12157 0.13333
0.15686 0.13333 0.11373
0.16078 0.12549 0.11373
0.14902 0.12157 0.10196
0.1451 0.11765 0.090196
0.14118 0.11373 0.090196
0.12941 0.10196 0.078431
0.12549 0.10588 0.082353
0.12549 0.1098 0.07451
0.12549 0.10588 0.07451
0.12157 0.10196 0.078431
0.12941 0.1098 0.090196
0.11765 0.098039 0.094118
0.07451 0.090196 0.12157
0.098039 0.11373 0.13333
0.35294 0.31765 0.28235
0.13333 0.12157 0.12941
0.11765 0.12157 0.15294
0.11765 0.12549 0.15294
0.1451 0.13333 0.13333
0.15686 0.12941 0.10196
0.15686 0.12549 0.1098
0.14118 0.1098 0.090196
0.1451 0.11765 0.094118
0.14118 0.11373 0.090196
0.12941 0.10588 0.082353
0.12941 0.10588 0.082353
0.12941 0.11373 0.078431
0.12549 0.1098 0.078431
0.12941 0.1098 0.086275
0.13333 0.1098 0.090196
0.12157 0.10588 0.10196
0.07451 0.086275 0.12157
0.10196 0.11765 0.13725
0.27451 0.23137 0.20784
0.11373 0.11373 0.12549
0.11373 0.12157 0.15294
0.12157 0.12549 0.15686
0.1451 0.12941 0.11373
0.16078 0.12941 0.10588
0.15294 0.12549 0.10196
0.13725 0.1098 0.086275
0.12941 0.10196 0.078431
0.12941 0.10196 0.078431
0.13725 0.1098 0.086275
0.13725 0.1098 0.086275
0.12941 0.1098 0.078431
0.12941 0.11373 0.082353
0.12549 0.10588 0.082353
0.13333 0.10196 0.086275
0.11765 0.10588 0.10588
0.078431 0.082353 0.12941
0.1098 0.12157 0.1451
0.25098 0.20392 0.18431
0.13725 0.13725 0.15686
0.11373 0.11373 0.15294
0.11373 0.11373 0.1451
0.15294 0.13333 0.11765
0.16471 0.12941 0.10588
0.14902 0.12157 0.094118
0.13725 0.1098 0.082353
0.13725 0.1098 0.082353
0.12941 0.10196 0.078431
0.13333 0.10588 0.082353
0.12549 0.098039 0.07451
0.12549 0.10588 0.07451
0.12941 0.11373 0.082353
0.13333 0.11373 0.090196
0.13333 0.1098 0.090196
0.11373 0.10588 0.10196
0.07451 0.082353 0.12549
0.10196 0.12157 0.14118
0.12157 0.1451 0.11765
0.24314 0.19608 0.18039
0.13725 0.13333 0.16078
0.12157 0.12157 0.16078
0.11765 0.11373 0.1451
0.14902 0.12157 0.1098
0.15294 0.11765 0.094118
0.1451 0.11765 0.090196
0.13725 0.1098 0.07451
0.12549 0.098039 0.066667
0.12549 0.098039 0.070588
0.12941 0.10196 0.07451
0.12549 0.098039 0.07451
0.12549 0.1098 0.07451
0.12549 0.10588 0.07451
0.12549 0.10588 0.082353
0.13333 0.1098 0.094118
0.10196 0.10196 0.10196
0.07451 0.090196 0.13333
0.11373 0.13725 0.15686
0.24314 0.2 0.17647
0.13333 0.13333 0.15294
0.11765 0.12157 0.1451
0.11373 0.11765 0.13725
0.14118 0.12157 0.12157
0.14902 0.11765 0.090196
0.14118 0.11373 0.082353
0.12941 0.10196 0.070588
0.12941 0.10196 0.066667
0.13333 0.10588 0.07451
0.12941 0.10196 0.070588
0.13725 0.1098 0.078431
0.12941 0.10588 0.07451
0.13333 0.10588 0.07451
0.12549 0.1098 0.07451
0.13725 0.11373 0.086275
0.098039 0.098039 0.10588
0.078431 0.094118 0.13725
0.11373 0.12549 0.15686
0.11373 0.13725 0.10588
0.2549 0.21176 0.18824
0.12941 0.12941 0.14902
0.11373 0.12157 0.1451
0.11373 0.11765 0.13725
0.14118 0.12941 0.13333
0.15294 0.12941 0.10196
0.14902 0.12157 0.082353
0.13725 0.1098 0.078431
0.14118 0.1098 0.086275
0.13333 0.10588 0.07451
0.12941 0.10196 0.070588
0.13725 0.1098 0.078431
0.13333 0.1098 0.07451
0.13725 0.10588 0.07451
0.12941 0.11373 0.078431
0.13725 0.11765 0.086275
0.098039 0.094118 0.10588
0.070588 0.086275 0.12941
0.1098 0.12157 0.15686
0.10196 0.12157 0.094118
0.30196 0.25882 0.23529
0.12157 0.12157 0.14118
0.11373 0.11765 0.1451
0.11373 0.12157 0.14118
0.13725 0.13333 0.1451
0.16078 0.14902 0.13333
0.15686 0.12941 0.098039
0.1451 0.11765 0.086275
0.14118 0.11373 0.082353
0.13725 0.11373 0.082353
0.13333 0.10588 0.07451
0.13725 0.1098 0.078431
0.13725 0.11373 0.082353
0.13725 0.1098 0.078431
0.12941 0.11373 0.078431
0.13725 0.11765 0.086275
0.10196 0.10196 0.1098
0.070588 0.086275 0.13333
0.098039 0.1098 0.1451
0.10196 0.12157 0.098039
0.13333 0.12549 0.14118
0.12941 0.12549 0.15686
0.10588 0.11765 0.14118
0.1098 0.11373 0.1451
0.14902 0.1451 0.16471
0.18431 0.16078 0.13725
0.15686 0.12549 0.090196
0.13725 0.12157 0.098039
0.12941 0.11373 0.082353
0.13333 0.11373 0.086275
0.1451 0.11373 0.098039
0.14118 0.1098 0.078431
0.13725 0.1098 0.070588
0.13725 0.12157 0.078431
0.12941 0.11765 0.086275
0.10196 0.10588 0.11765
0.082353 0.090196 0.13725
0.1098 0.12157 0.1451
0.12157 0.12549 0.10588
0.16863 0.1451 0.13725
0.13725 0.12941 0.15294
0.11373 0.11373 0.14902
0.098039 0.10588 0.1451
0.098039 0.1098 0.1451
0.13333 0.14118 0.14118
0.15686 0.13725 0.11373
0.1451 0.12549 0.098039
0.15294 0.13725 0.094118
0.15294 0.12549 0.090196
0.15294 0.11765 0.086275
0.14902 0.11765 0.086275
0.1451 0.12157 0.086275
0.13725 0.12157 0.082353
0.12157 0.11373 0.086275
0.094118 0.098039 0.11373
0.082353 0.094118 0.12941
0.1098 0.12549 0.14118
0.11373 0.11765 0.1098
0.30588 0.25882 0.24314
0.12941 0.11765 0.1451
0.12157 0.11765 0.16078
0.094118 0.10196 0.14902
0.078431 0.098039 0.14118
0.090196 0.10588 0.1451
0.13725 0.13725 0.15294
0.1451 0.13333 0.12549
0.14902 0.13725 0.12549
0.14118 0.12549 0.1098
0.1451 0.12157 0.10196
0.14118 0.11765 0.10588
0.13725 0.11765 0.10588
0.12941 0.11765 0.10196
0.12549 0.1098 0.10588
0.094118 0.098039 0.12549
0.086275 0.094118 0.13725
0.1098 0.12549 0.14902
0.1098 0.11765 0.12157
0.17255 0.14902 0.16471
0.12157 0.11373 0.15294
0.11373 0.1098 0.15686
0.10196 0.098039 0.15294
0.090196 0.098039 0.14902
0.098039 0.10588 0.15294
0.098039 0.10196 0.14118
0.10588 0.10588 0.1451
0.094118 0.10588 0.13725
0.10196 0.1098 0.14118
0.1098 0.11373 0.1451
0.10196 0.10588 0.13725
0.098039 0.10196 0.13333
0.098039 0.10588 0.13725
0.094118 0.10588 0.1451
0.086275 0.10196 0.1451
0.10588 0.11765 0.15686
0.098039 0.10588 0.13725
0.3451 0.30588 0.29804
0.15686 0.12941 0.14902
0.13333 0.11373 0.15686
0.11373 0.10588 0.15686
0.10196 0.10196 0.1451
0.094118 0.098039 0.1451
0.090196 0.094118 0.1451
0.078431 0.082353 0.13333
0.070588 0.090196 0.14118
0.078431 0.090196 0.14118
0.07451 0.090196 0.13333
0.070588 0.086275 0.12941
0.07451 0.090196 0.13333
0.078431 0.094118 0.13725
0.07451 0.090196 0.13333
0.07451 0.090196 0.13333
0.070588 0.082353 0.12941
0.082353 0.086275 0.13725
0.33725 0.29804 0.28235
0.18039 0.14902 0.15294
0.13725 0.11765 0.13333
0.10588 0.10196 0.12157
0.1098 0.1098 0.1451
0.094118 0.10196 0.15294
0.078431 0.094118 0.14118
0.070588 0.094118 0.13725
0.086275 0.094118 0.14118
0.086275 0.098039 0.13725
0.082353 0.094118 0.12941
0.082353 0.094118 0.13333
0.082353 0.094118 0.13725
0.078431 0.086275 0.13333
0.082353 0.090196 0.13725
0.07451 0.086275 0.13333
0.078431 0.086275 0.13333
0.33725 0.29412 0.26667
0.20784 0.18431 0.16863
0.12157 0.1098 0.12549
0.098039 0.098039 0.13725
0.086275 0.090196 0.12941
0.090196 0.098039 0.13333
0.082353 0.082353 0.12157
0.098039 0.098039 0.12941
0.10196 0.10196 0.13333
0.10196 0.10196 0.13333
0.090196 0.090196 0.12941
0.078431 0.086275 0.12941
0.078431 0.082353 0.12941
0.082353 0.086275 0.12941
0.082353 0.086275 0.12941
0.086275 0.086275 0.13333
0.37255 0.32941 0.31765
0.32157 0.28235 0.26667
0.30588 0.27451 0.25098
0.29804 0.27843 0.2549
0.32941 0.30196 0.27451
0.32157 0.29412 0.26667
0.30196 0.27451 0.24706
0.33725 0.30588 0.28627
0.35294 0.31765 0.30588
0.34902 0.31373 0.30196
0.33333 0.29804 0.28627
0.32157 0.29804 0.27451
0.30588 0.28235 0.26275
0.29804 0.27451 0.25098
