0.0039216 0.45098 0.60784
0.015686 0.43529 0.57255
0.0078431 0.43529 0.57255
0.0039216 0.45882 0.6
0.011765 0.43922 0.58039
0.011765 0.43922 0.57647
0 0.45098 0.58039
0.0039216 0.44314 0.56471
0 0.46275 0.58824
0.0039216 0.44706 0.57647
0.011765 0.43922 0.58039
0 0.44706 0.58824
0.0039216 0.43529 0.56863
0.047059 0.42353 0.53725
0.0039216 0.45098 0.57255
0.0039216 0.44314 0.57647
0.015686 0.43922 0.58431
0 0.44706 0.59608
0.0039216 0.44314 0.57647
0.0078431 0.44706 0.58431
0 0.44314 0.58824
0.0078431 0.44706 0.59216
0.0039216 0.44314 0.58039
0.0039216 0.44314 0.58824
