0.94902 0.89412 0.78824
0.95294 0.89804 0.79216
0.94902 0.89412 0.79216
0.95294 0.89804 0.79216
0.94902 0.89412 0.79216
0.9451 0.8902 0.78824
0.9451 0.8902 0.78824
0.95294 0.89804 0.79608
0.95686 0.90196 0.8
0.95294 0.89804 0.79608
0.95294 0.89804 0.79608
0.94902 0.89412 0.79216
0.94902 0.89412 0.79216
0.95686 0.90196 0.8
0.95686 0.90196 0.8
0.95294 0.89804 0.79608
0.95686 0.90196 0.8
0.94902 0.89412 0.8
0.95294 0.89412 0.8
0.95686 0.89804 0.80392
0.95686 0.90196 0.8
0.95686 0.90196 0.8
0.95686 0.89804 0.80784
0.95686 0.89804 0.80784
0.95686 0.90196 0.8
0.96078 0.90196 0.8
0.95294 0.89804 0.79608
0.95686 0.90196 0.8
0.95686 0.90196 0.8
0.95686 0.90196 0.8
0.96471 0.90196 0.80392
0.96471 0.90196 0.80784
0.95686 0.90196 0.8
0.96078 0.90588 0.80392
0.96078 0.90588 0.80392
0.96078 0.90588 0.80392
0.96471 0.90588 0.81569
0.96471 0.90588 0.81569
