0.26275 0.26275 0.28235
0.26275 0.26667 0.2902
0.30196 0.30588 0.32549
0.18039 0.18824 0.22353
0.25098 0.26275 0.28627
0.31765 0.31765 0.32549
0.21176 0.20784 0.23529
0.24706 0.25098 0.27059
0.3451 0.33333 0.3451
0.22353 0.21176 0.23529
0.25882 0.25882 0.27059
0.37255 0.35686 0.36078
0.23137 0.22353 0.24314
0.26667 0.26275 0.27059
0.38431 0.36078 0.36471
0.24706 0.23529 0.25098
0.26667 0.26667 0.27059
0.41176 0.39216 0.38431
0.4549 0.43922 0.42353
0.4902 0.46667 0.44314
0.52941 0.49804 0.47451
0.59216 0.55294 0.51373
