0.96078 0.90588 0.80392
0.96078 0.90588 0.80392
0.96078 0.90588 0.80392
0.96078 0.90588 0.80392
0.95686 0.90588 0.80784
0.96471 0.91373 0.81569
0.95686 0.9098 0.80784
0.95686 0.9098 0.80784
0.95686 0.90588 0.80392
0.95686 0.9098 0.80784
0.96471 0.91373 0.81176
0.95686 0.9098 0.80784
0.95686 0.9098 0.80784
0.96078 0.91373 0.81176
0.96471 0.91765 0.81569
0.97647 0.92157 0.81961
0.95686 0.9098 0.80784
0.95686 0.9098 0.80784
0.96078 0.91373 0.81176
0.96863 0.92157 0.81961
0.97647 0.92157 0.81961
0.96078 0.91373 0.81176
0.96471 0.91765 0.81569
0.96471 0.91765 0.81569
0.96471 0.91765 0.81569
0.96863 0.91765 0.81569
0.96078 0.91373 0.81176
0.96471 0.91765 0.81569
0.96471 0.91765 0.81569
0.96863 0.92157 0.81961
0.96863 0.92157 0.81961
0.96863 0.92157 0.81961
0.97255 0.92549 0.81961
