0.22353 0.31373 0.48627
0.22353 0.31765 0.48627
0.20784 0.30588 0.48235
0.19216 0.29804 0.47059
0.2 0.30588 0.47451
0.2 0.3098 0.46667
0.19608 0.30196 0.46275
0.23529 0.32549 0.49804
0.23922 0.32941 0.50196
0.21961 0.31373 0.48627
0.19608 0.29412 0.47059
0.20784 0.30588 0.48235
0.20784 0.30588 0.47451
0.2 0.30196 0.46275
0.20392 0.30196 0.46275
0.2 0.29412 0.4549
0.23922 0.32941 0.49804
0.23922 0.32941 0.50588
0.21569 0.3098 0.48627
0.20784 0.30196 0.47843
0.21176 0.3098 0.48627
0.21176 0.3098 0.47843
0.20784 0.30588 0.46667
0.21569 0.3098 0.47059
0.20392 0.29804 0.46275
0.21961 0.29804 0.45882
0.23922 0.33725 0.50196
0.23137 0.32549 0.49804
0.21961 0.31373 0.49412
0.21176 0.3098 0.4902
0.20392 0.30588 0.48235
0.20392 0.30588 0.47451
0.20392 0.30588 0.46667
0.21176 0.30588 0.46667
0.19608 0.28627 0.4549
0.22745 0.30196 0.46667
0.23137 0.32549 0.4902
0.23529 0.32941 0.50196
0.22353 0.31765 0.49412
0.20784 0.30196 0.48627
0.21176 0.30588 0.48235
0.20392 0.29804 0.46667
0.19608 0.29412 0.4549
0.21176 0.3098 0.47059
0.18431 0.28235 0.45098
0.22745 0.30588 0.46667
0.23137 0.32549 0.4902
0.22745 0.32549 0.49412
0.21961 0.31373 0.4902
0.21176 0.30196 0.48627
0.21176 0.30196 0.47843
0.20784 0.29804 0.47059
0.21176 0.30196 0.46667
0.20784 0.30588 0.46667
0.18431 0.2902 0.4549
0.18039 0.2902 0.4549
0.23137 0.31373 0.47451
0.22745 0.32157 0.49412
0.22353 0.31765 0.4902
0.21569 0.3098 0.4902
0.21961 0.3098 0.49412
0.22353 0.3098 0.49412
0.22353 0.30588 0.4902
0.21176 0.29804 0.47451
0.20392 0.29804 0.46667
0.18824 0.28627 0.45098
0.18039 0.2902 0.44706
0.22745 0.3098 0.47059
0.22745 0.32157 0.49412
0.23529 0.32941 0.50196
0.22745 0.31765 0.49804
0.20392 0.30196 0.48235
0.19608 0.29412 0.47451
0.21569 0.30588 0.48627
0.20784 0.29412 0.47451
0.20392 0.29412 0.46667
0.19608 0.29412 0.45882
0.18431 0.29412 0.45098
0.18824 0.29804 0.44706
0.23529 0.31765 0.47843
0.23137 0.32549 0.49804
0.23137 0.32549 0.50196
0.21569 0.3098 0.4902
0.19608 0.30196 0.47843
0.19216 0.30588 0.47843
0.20784 0.3098 0.4902
0.20784 0.30196 0.48235
0.2 0.2902 0.46275
0.2 0.29804 0.45882
0.18824 0.29804 0.45098
0.18824 0.29412 0.45098
0.24314 0.33333 0.48235
0.23137 0.32549 0.4902
0.23137 0.33333 0.49804
0.20392 0.31373 0.48235
0.19608 0.3098 0.48235
0.2 0.30588 0.48235
0.20784 0.31373 0.4902
0.20392 0.3098 0.48235
0.2 0.29804 0.47059
0.18431 0.28627 0.4549
0.18431 0.2902 0.45098
0.23137 0.32941 0.4902
0.22745 0.32941 0.4902
0.19608 0.3098 0.47451
0.2 0.31373 0.47843
0.20392 0.3098 0.48235
0.20784 0.3098 0.48235
0.2 0.30588 0.47451
0.19608 0.30196 0.47059
0.18039 0.28627 0.4549
0.18431 0.2902 0.4549
0.22745 0.33725 0.49412
0.22353 0.33333 0.4902
0.20392 0.31373 0.47843
0.20392 0.30196 0.47059
0.21176 0.30588 0.47451
0.21176 0.3098 0.47451
0.20784 0.30196 0.47059
0.20392 0.29804 0.47059
0.19608 0.2902 0.46275
0.19216 0.2902 0.45882
0.22353 0.32941 0.48627
0.21569 0.32941 0.48235
0.20784 0.31373 0.48235
0.2 0.30588 0.47451
0.21176 0.31765 0.47843
0.21569 0.31373 0.47843
0.20784 0.30196 0.47059
0.20392 0.29804 0.47059
0.19608 0.2902 0.46275
0.21961 0.32941 0.48627
0.21569 0.32157 0.4902
0.20392 0.31373 0.48235
0.20784 0.31765 0.48627
0.20784 0.30588 0.47843
0.20392 0.29804 0.47059
0.20392 0.29804 0.47059
0.21176 0.31765 0.49412
0.19608 0.30588 0.47451
0.2 0.3098 0.47843
0.21176 0.3098 0.48235
0.20784 0.30196 0.47451
