0.50588 0.61961 0.75294
0.50588 0.61961 0.75294
0.50196 0.61569 0.74902
0.50588 0.61961 0.75294
0.50588 0.61961 0.75294
0.50196 0.61569 0.74902
0.50196 0.61569 0.74902
0.50588 0.61961 0.74902
0.50196 0.61569 0.74902
0.50588 0.61961 0.75294
0.50196 0.61569 0.74902
0.50588 0.61961 0.75294
0.50588 0.61961 0.74902
0.50588 0.61961 0.7451
0.5098 0.62353 0.74902
0.5098 0.62353 0.74902
0.50588 0.61961 0.75294
0.50588 0.61961 0.7451
0.5098 0.62353 0.74902
0.5098 0.62745 0.75294
0.5098 0.62353 0.75686
0.5098 0.62353 0.74902
0.5098 0.62353 0.74902
0.5098 0.61961 0.7451
