0.64706 0.60784 0.56863
0.64314 0.60392 0.56471
0.64314 0.60392 0.56078
0.64314 0.6 0.56471
0.64706 0.60784 0.56863
0.65098 0.61176 0.57255
0.64706 0.60784 0.56863
0.64314 0.60392 0.56471
0.64314 0.60392 0.56863
0.64314 0.59608 0.56078
0.64706 0.59608 0.55686
0.64706 0.59216 0.54902
0.65882 0.61961 0.58039
0.65882 0.61961 0.58039
0.6549 0.61569 0.57647
0.64706 0.60784 0.56863
0.64706 0.60784 0.56863
0.64706 0.60784 0.57255
0.64706 0.60784 0.56863
0.64706 0.6 0.56078
0.65098 0.6 0.55294
0.61176 0.54902 0.49804
0.67059 0.62745 0.58824
0.66275 0.61961 0.58039
0.6549 0.61569 0.57647
0.64706 0.61176 0.57255
0.65098 0.61176 0.57647
0.64706 0.60784 0.57255
0.64314 0.60784 0.56863
0.64706 0.61176 0.56863
0.64314 0.60392 0.56471
0.64706 0.60392 0.56471
0.64314 0.59216 0.54902
0.59608 0.5451 0.50588
0.58431 0.53333 0.49412
0.67451 0.62745 0.58824
0.67059 0.62353 0.58824
0.66667 0.61569 0.58039
0.6549 0.61961 0.57647
0.65098 0.61961 0.57647
0.6549 0.61176 0.58039
0.65098 0.61176 0.57647
0.64706 0.60784 0.57255
0.65098 0.61176 0.57255
0.6549 0.61569 0.57647
0.64706 0.60784 0.56863
0.64314 0.60784 0.56863
0.62353 0.58039 0.5451
0.58824 0.53725 0.50588
0.68235 0.63137 0.58824
0.67451 0.62745 0.58824
0.67059 0.62353 0.58824
0.67059 0.61961 0.58431
0.65882 0.61961 0.58039
0.65098 0.61961 0.57647
0.65098 0.61176 0.57647
0.6549 0.61569 0.58039
0.64706 0.60784 0.57255
0.65098 0.61176 0.57255
0.65098 0.61176 0.57255
0.64314 0.60392 0.56471
0.64314 0.60392 0.56471
0.64706 0.60392 0.56863
0.61569 0.56471 0.52941
0.49804 0.45098 0.41569
0.71373 0.6549 0.6
0.69804 0.64314 0.58824
0.6902 0.63922 0.58824
0.68235 0.63137 0.59216
0.67451 0.62745 0.58824
0.67059 0.61961 0.58824
0.66275 0.61961 0.58431
0.65882 0.61961 0.58431
0.65882 0.61569 0.58039
0.6549 0.61176 0.58039
0.65098 0.60784 0.58039
0.65098 0.61176 0.57255
0.65098 0.61176 0.57255
0.64706 0.60784 0.56863
0.64706 0.60784 0.57255
0.64706 0.60784 0.56863
0.65098 0.6 0.56471
0.62745 0.57647 0.54118
0.68627 0.63922 0.57647
0.72157 0.67059 0.61176
0.7098 0.6549 0.60392
0.69804 0.64314 0.59216
0.6902 0.63529 0.58824
0.68235 0.62353 0.58039
0.67451 0.61961 0.58039
0.67059 0.61961 0.58431
0.67059 0.61961 0.58824
0.66667 0.61569 0.59216
0.66275 0.61176 0.58039
0.65882 0.60784 0.58431
0.65882 0.60784 0.58431
0.65098 0.60784 0.57255
0.6549 0.61569 0.57647
0.65098 0.61176 0.57255
0.64706 0.60784 0.56863
0.65098 0.60784 0.57255
0.6549 0.60392 0.56863
0.65098 0.60784 0.56863
0.62353 0.58431 0.5451
0.44706 0.40784 0.36863
0.65098 0.61176 0.57255
0.65882 0.60784 0.57255
0.68235 0.62745 0.57647
0.72157 0.67059 0.61569
0.71373 0.66275 0.60392
0.69804 0.64706 0.59216
0.69412 0.63922 0.59216
0.68627 0.63137 0.59216
0.68235 0.63137 0.59216
0.67059 0.61961 0.58039
0.66667 0.61569 0.58039
0.66275 0.61176 0.58039
0.66667 0.61569 0.58431
0.66667 0.61569 0.58431
0.66275 0.61176 0.58039
0.65882 0.61176 0.57255
0.66275 0.61569 0.58039
0.65882 0.61176 0.57647
0.65882 0.61176 0.56863
0.65882 0.61176 0.57255
0.65098 0.60784 0.57647
0.64706 0.60784 0.57255
0.65098 0.61176 0.57255
0.66667 0.62353 0.58824
0.63137 0.59608 0.55686
0.52549 0.4902 0.44706
0.66667 0.61569 0.56863
0.72549 0.66667 0.61569
0.72157 0.66667 0.60392
0.70588 0.65098 0.59608
0.69412 0.63922 0.59608
0.6902 0.63137 0.6
0.68627 0.63529 0.59608
0.67451 0.62353 0.58039
0.67059 0.61961 0.58431
0.66667 0.61569 0.58431
0.67059 0.61961 0.58431
0.67059 0.61961 0.58039
0.66667 0.61569 0.57255
0.67059 0.61961 0.58431
0.67059 0.61961 0.58431
0.66667 0.61569 0.58039
0.66275 0.61569 0.57255
0.6549 0.60784 0.56863
0.65098 0.60784 0.58039
0.64706 0.60784 0.57647
0.65098 0.61176 0.57255
0.64706 0.60784 0.56863
0.64706 0.61176 0.57255
0.65098 0.61569 0.57647
0.66667 0.61961 0.58824
0.64314 0.59216 0.56078
0.58824 0.53725 0.51373
0.71373 0.65882 0.60392
0.72941 0.66667 0.60784
0.7098 0.64706 0.59608
0.69804 0.63529 0.59216
0.68627 0.63137 0.59608
0.68235 0.63137 0.6
0.67843 0.62745 0.59216
0.67059 0.61961 0.58431
0.67059 0.61961 0.58431
0.67059 0.61961 0.58431
0.66667 0.61569 0.58039
0.66667 0.61569 0.58039
0.66667 0.61569 0.58039
0.67059 0.61961 0.58431
0.66667 0.61961 0.58039
0.65882 0.61961 0.58039
0.6549 0.61569 0.57647
0.65098 0.61176 0.57255
0.65098 0.61176 0.57255
0.65098 0.61176 0.57647
0.65098 0.61176 0.57647
0.64706 0.60784 0.57255
0.65098 0.61176 0.57647
0.6549 0.60784 0.58039
0.6549 0.60392 0.58039
0.6549 0.60392 0.58039
0.6549 0.60392 0.58039
0.73333 0.67059 0.61176
0.71373 0.65098 0.59608
0.69804 0.63529 0.59216
0.6902 0.63529 0.59608
0.68627 0.63529 0.60392
0.68235 0.63137 0.59608
0.67451 0.62353 0.58824
0.67451 0.62353 0.58824
0.67059 0.61961 0.58431
0.67059 0.61961 0.58431
0.66667 0.61569 0.58039
0.66275 0.61176 0.57647
0.66667 0.61569 0.58039
0.66667 0.61569 0.58039
0.6549 0.61176 0.57255
0.65882 0.61961 0.58039
0.6549 0.61569 0.57647
0.6549 0.61569 0.57255
0.65882 0.61961 0.58039
0.6549 0.61569 0.58039
0.64706 0.60784 0.57255
0.6549 0.61569 0.58039
0.65882 0.60784 0.58431
0.6549 0.60392 0.58039
0.6549 0.6 0.58039
0.6549 0.60392 0.58039
0.65098 0.6 0.57647
0.72157 0.65882 0.60392
0.70196 0.63922 0.59608
0.6902 0.63529 0.59608
0.68627 0.63529 0.6
0.67843 0.62745 0.59216
0.67451 0.62353 0.58824
0.67451 0.62353 0.58824
0.67059 0.61961 0.58431
0.67059 0.61961 0.58431
0.66667 0.61569 0.58039
0.67059 0.61569 0.58039
0.66667 0.61569 0.58039
0.66667 0.61961 0.58431
0.66275 0.61961 0.58039
0.66275 0.62353 0.58431
0.65098 0.61176 0.57255
0.65098 0.61176 0.57255
0.6549 0.61569 0.57647
0.6549 0.61569 0.58039
0.6549 0.61569 0.58039
0.65098 0.61176 0.57647
0.6549 0.60784 0.58039
0.65882 0.60784 0.58431
0.65882 0.60784 0.58431
0.65098 0.60392 0.58039
0.6549 0.60784 0.58039
0.7098 0.64706 0.58824
0.6902 0.63529 0.58431
0.68627 0.63529 0.58431
0.68235 0.63529 0.58431
0.67451 0.62353 0.58431
0.67451 0.62353 0.58824
0.67451 0.61961 0.58431
0.67843 0.62353 0.58824
0.67059 0.61569 0.58039
0.67451 0.61961 0.58431
0.67059 0.61569 0.58039
0.65882 0.61569 0.57647
0.66275 0.62745 0.58824
0.66275 0.62353 0.58824
0.65882 0.61961 0.58039
0.6549 0.61569 0.57647
0.65882 0.61176 0.57647
0.66667 0.61176 0.57647
0.66275 0.60784 0.57255
0.65882 0.60784 0.57255
0.6549 0.61176 0.57647
0.65098 0.61176 0.57647
0.65098 0.61176 0.57647
0.65098 0.61176 0.57647
0.64706 0.61176 0.57647
0.7098 0.64706 0.58824
0.69804 0.64314 0.58824
0.69804 0.64706 0.59216
0.68627 0.63922 0.58824
0.67451 0.62353 0.58431
0.67451 0.62353 0.58824
0.67843 0.62353 0.58824
0.67451 0.61961 0.58431
0.67451 0.61961 0.58431
0.67451 0.61961 0.58431
0.67059 0.61569 0.58039
0.65882 0.61569 0.57647
0.65882 0.61961 0.58431
0.65882 0.61961 0.58039
0.6549 0.61569 0.57647
0.66275 0.62353 0.58431
0.66667 0.61961 0.58039
0.67059 0.61569 0.58039
0.67059 0.61569 0.58039
0.66275 0.61176 0.57647
0.65098 0.61176 0.57255
0.64706 0.60784 0.57255
0.64706 0.60784 0.57255
0.64706 0.61176 0.57255
0.64706 0.61176 0.57647
0.71765 0.6549 0.59608
0.69804 0.64314 0.58824
0.69412 0.64314 0.58824
0.68627 0.63922 0.58824
0.67451 0.62745 0.58431
0.67059 0.61961 0.58431
0.67451 0.61961 0.58431
0.67451 0.61961 0.58431
0.67451 0.61961 0.58431
0.67059 0.61569 0.58039
0.67059 0.61569 0.58039
0.66275 0.61961 0.58039
0.65882 0.61961 0.58431
0.65882 0.61961 0.58431
0.6549 0.61569 0.57647
0.65882 0.61961 0.58039
0.66667 0.61569 0.58039
0.67059 0.61569 0.58039
0.66667 0.61176 0.57647
0.66275 0.61176 0.57647
0.6549 0.61569 0.58039
0.65098 0.61176 0.57647
0.65098 0.61176 0.57647
0.65098 0.61176 0.57647
0.64314 0.60784 0.57255
0.69804 0.63922 0.58824
0.69412 0.63922 0.59608
0.68627 0.63529 0.58824
0.68235 0.63137 0.59216
0.67451 0.62353 0.58824
0.67451 0.62353 0.58824
0.67843 0.62353 0.58824
0.67451 0.62353 0.58824
0.67451 0.61961 0.58431
0.66667 0.61569 0.58039
0.66667 0.61961 0.58431
0.66275 0.61569 0.58039
0.66275 0.61569 0.58039
0.65882 0.61176 0.57255
0.66275 0.61176 0.57647
0.66275 0.61176 0.57647
0.66667 0.61569 0.58039
0.66667 0.61569 0.58039
0.66275 0.61176 0.57647
0.66667 0.61569 0.58039
0.66275 0.61569 0.58039
0.65098 0.61569 0.57647
0.64314 0.61176 0.57255
0.64314 0.61176 0.57255
0.70588 0.64314 0.59216
0.69804 0.64314 0.59608
0.69412 0.63922 0.59608
0.68627 0.63137 0.59608
0.68235 0.63137 0.59608
0.68235 0.63137 0.59608
0.67843 0.62745 0.59216
0.66667 0.61569 0.58039
0.67059 0.61961 0.58431
0.66667 0.61569 0.58039
0.66667 0.61569 0.58039
0.67059 0.61961 0.58431
0.66667 0.61569 0.58039
0.66275 0.61176 0.57647
0.66667 0.61569 0.58039
0.66667 0.61569 0.58039
0.66667 0.61569 0.58039
0.66275 0.61176 0.57647
0.66667 0.61569 0.58039
0.66275 0.61176 0.57647
0.66275 0.61569 0.58039
0.65882 0.61569 0.57647
0.6549 0.61569 0.58039
0.64706 0.61176 0.57647
0.70588 0.64706 0.59216
0.69412 0.64314 0.59608
0.69412 0.63922 0.59608
0.68235 0.63137 0.59608
0.68627 0.63529 0.6
0.68235 0.63137 0.59608
0.68235 0.63137 0.59608
0.67451 0.62353 0.58824
0.67843 0.62745 0.59216
0.67059 0.61961 0.58431
0.67451 0.62353 0.58824
0.67451 0.62353 0.58824
0.67059 0.61961 0.58431
0.67059 0.61961 0.58431
0.67059 0.61961 0.58431
0.67059 0.61961 0.58431
0.66667 0.61569 0.58039
0.66275 0.61176 0.57647
0.66275 0.61176 0.57647
0.66667 0.61569 0.58039
0.66275 0.61176 0.57647
0.66667 0.61176 0.57647
0.65882 0.61569 0.58039
0.72941 0.66667 0.6
0.70196 0.64706 0.58824
0.69412 0.63922 0.58824
0.69804 0.64314 0.6
0.6902 0.63529 0.6
0.67843 0.62745 0.59216
0.67451 0.62353 0.58824
0.67843 0.62745 0.59216
0.67451 0.62353 0.58824
0.67059 0.61961 0.58431
0.67059 0.61961 0.58431
0.67059 0.61961 0.58431
0.67451 0.62353 0.58824
0.67059 0.61961 0.58431
0.66667 0.61569 0.58039
0.67059 0.61961 0.58431
0.66667 0.61569 0.58039
0.67059 0.61961 0.58431
0.67059 0.61961 0.58431
0.67059 0.61961 0.58431
0.67059 0.61961 0.58431
0.67059 0.61961 0.58431
0.66667 0.61569 0.58039
0.66275 0.61176 0.57647
0.72941 0.67059 0.6
0.70588 0.6549 0.59216
0.6902 0.63922 0.58824
0.69412 0.63922 0.59608
0.69412 0.63922 0.60392
0.68235 0.62745 0.59216
0.67843 0.62745 0.59216
0.67843 0.62745 0.59216
0.67451 0.62353 0.58824
0.67843 0.62745 0.59216
0.67451 0.62353 0.58824
0.67059 0.61961 0.58431
0.67059 0.61961 0.58431
0.67059 0.61961 0.58431
0.67059 0.61961 0.58431
0.67059 0.61961 0.58431
0.67059 0.61961 0.58431
0.67059 0.61961 0.58431
0.67059 0.61961 0.58431
0.67451 0.62353 0.58824
0.67451 0.62353 0.58824
0.67451 0.62353 0.58824
0.66667 0.61569 0.58039
0.72549 0.67059 0.59608
0.7098 0.65882 0.59608
0.6902 0.63922 0.58824
0.6902 0.63529 0.59216
0.69412 0.63922 0.60392
0.68235 0.63137 0.59216
0.67843 0.63137 0.58431
0.67843 0.62745 0.58431
0.67451 0.62745 0.58431
0.67843 0.62745 0.59216
0.67451 0.62353 0.58824
0.67451 0.62353 0.58824
0.67059 0.61961 0.58431
0.67059 0.61961 0.58431
0.67059 0.61961 0.58431
0.67451 0.62745 0.58824
0.67059 0.61961 0.58431
0.67059 0.61961 0.58431
0.67059 0.61961 0.58431
0.67451 0.62353 0.58824
0.67059 0.61961 0.58431
0.67059 0.61961 0.58431
0.67059 0.61961 0.58431
0.72941 0.67059 0.59608
0.73333 0.67451 0.60392
0.71765 0.66275 0.6
0.70196 0.64706 0.59216
0.69412 0.63529 0.59216
0.6902 0.63529 0.59608
0.68627 0.63529 0.59216
0.68627 0.63922 0.59216
0.67843 0.63137 0.58431
0.68235 0.63529 0.58824
0.68235 0.63137 0.59216
0.67843 0.63137 0.59216
0.67451 0.62353 0.58824
0.67451 0.62353 0.58431
0.67451 0.62353 0.58824
0.67451 0.62353 0.59216
0.67451 0.61961 0.59216
0.67451 0.61961 0.58824
0.67059 0.61961 0.58431
0.66667 0.62353 0.58431
0.67059 0.62353 0.58824
0.66275 0.61569 0.58039
0.66275 0.61569 0.58039
0.72157 0.66667 0.59608
0.7451 0.68235 0.61569
0.72941 0.66667 0.60392
0.71373 0.65098 0.59608
0.70196 0.63922 0.59216
0.6902 0.63529 0.58824
0.68235 0.63529 0.58824
0.68235 0.63529 0.58824
0.68235 0.63529 0.58824
0.68235 0.63529 0.58824
0.68235 0.63529 0.58824
0.67843 0.62745 0.58431
0.67451 0.62353 0.58824
0.67843 0.62745 0.58824
0.67451 0.62353 0.59216
0.67843 0.62745 0.59608
0.67843 0.61961 0.59608
0.67843 0.61961 0.59216
0.67059 0.62353 0.58431
0.66667 0.62745 0.58431
0.67059 0.63137 0.59216
0.65882 0.62353 0.58431
0.67059 0.61569 0.56078
0.71765 0.65882 0.58824
0.74118 0.67843 0.61569
0.72549 0.66275 0.6
0.71765 0.65098 0.59608
0.70196 0.63922 0.59216
0.6902 0.63529 0.59216
0.68627 0.63922 0.59216
0.68235 0.63529 0.58824
0.68627 0.63922 0.59216
0.68627 0.63922 0.59216
0.67843 0.63529 0.58431
0.67843 0.62745 0.58824
0.67843 0.62745 0.59216
0.68235 0.63137 0.6
0.67843 0.62745 0.59608
0.67451 0.62745 0.59216
0.67843 0.62353 0.58824
0.67843 0.62353 0.58824
0.67059 0.61961 0.58824
0.66667 0.62745 0.58824
0.66667 0.62745 0.58824
0.66667 0.62745 0.58824
0.66667 0.61569 0.57255
0.66667 0.61569 0.56078
0.70588 0.64706 0.58039
0.7451 0.68235 0.61961
0.72941 0.66667 0.60392
0.71373 0.6549 0.59608
0.70196 0.63922 0.58824
0.69804 0.64314 0.59608
0.69412 0.64706 0.59608
0.6902 0.64314 0.59608
0.6902 0.64314 0.59608
0.68235 0.63529 0.58824
0.67843 0.63137 0.58824
0.68235 0.63137 0.59216
0.67451 0.62353 0.58824
0.67843 0.62745 0.59608
0.67451 0.62353 0.59216
0.67843 0.62745 0.58824
0.67843 0.62745 0.58824
0.67843 0.62353 0.58824
0.67451 0.62745 0.59608
0.67059 0.63137 0.59608
0.66275 0.62353 0.58431
0.65882 0.61569 0.57255
0.65882 0.61961 0.58039
0.66275 0.61569 0.57255
0.66667 0.61569 0.56863
0.69804 0.63529 0.57647
0.7451 0.68235 0.62353
0.73333 0.67451 0.60784
0.71765 0.65882 0.59216
0.7098 0.64706 0.59216
0.70196 0.64314 0.59216
0.69412 0.64314 0.59216
0.6902 0.64314 0.59608
0.68627 0.63922 0.59216
0.68235 0.63137 0.58824
0.67843 0.62745 0.59216
0.68235 0.63137 0.59608
0.67843 0.62745 0.59216
0.67843 0.62745 0.59216
0.67843 0.62745 0.59216
0.67451 0.62353 0.58824
0.68235 0.63137 0.59608
0.67843 0.62745 0.59608
0.67451 0.62353 0.59216
0.67451 0.62745 0.59216
0.73725 0.67451 0.61569
0.73725 0.67843 0.61176
0.72549 0.66275 0.59608
0.71373 0.65098 0.59216
0.69804 0.64314 0.58824
0.69412 0.64314 0.59216
0.68627 0.63922 0.59216
0.68235 0.63529 0.58824
0.68627 0.63529 0.59216
0.68235 0.63529 0.59216
0.68235 0.63529 0.59216
0.67843 0.63137 0.58824
0.68235 0.63529 0.59216
0.68235 0.63137 0.59216
0.67451 0.62745 0.58431
0.67843 0.62745 0.59216
0.67059 0.61961 0.58431
0.67843 0.62745 0.59216
0.67451 0.62353 0.58824
0.69804 0.64314 0.58824
0.69412 0.64314 0.59216
0.6902 0.63922 0.59216
0.68627 0.63922 0.59216
0.68627 0.63922 0.59216
0.68627 0.63922 0.59216
0.68235 0.63529 0.58824
0.68235 0.63529 0.58824
0.67843 0.63137 0.58431
0.67843 0.63137 0.58431
0.67059 0.62745 0.57647
0.67451 0.62353 0.58431
0.67843 0.63137 0.59216
0.68235 0.63137 0.59608
0.67451 0.62353 0.58824
0.67843 0.63137 0.58431
0.67843 0.63137 0.58431
0.67843 0.63137 0.58431
0.67451 0.62745 0.58039
0.67843 0.63137 0.58431
0.67843 0.63137 0.58431
0.68235 0.63529 0.58824
0.68235 0.63529 0.58824
0.68235 0.63137 0.58824
0.67843 0.63137 0.58431
0.67843 0.63137 0.58431
0.67843 0.63137 0.58431
0.68235 0.63137 0.58431
