0.2902 0.41569 0.56863
0.28235 0.40784 0.56078
0.28627 0.40784 0.56471
0.29412 0.41961 0.57255
0.2902 0.41569 0.56863
0.29412 0.41961 0.57647
0.28627 0.41176 0.56471
0.28235 0.40784 0.56078
0.28627 0.40784 0.55686
0.30588 0.42353 0.57255
0.29804 0.41569 0.56471
0.2902 0.41176 0.56078
0.30196 0.42745 0.58039
0.29412 0.41961 0.57255
0.28235 0.40392 0.55686
0.29412 0.40784 0.56078
0.3098 0.42745 0.57647
0.29804 0.41569 0.56863
0.28627 0.41176 0.56078
0.29804 0.42353 0.57647
0.2902 0.41569 0.56863
0.28235 0.40392 0.55686
0.29412 0.40784 0.56471
0.30588 0.41961 0.57647
0.30196 0.41569 0.57255
0.28627 0.41176 0.56078
0.2902 0.41961 0.56863
0.2902 0.41569 0.57255
0.28235 0.40784 0.56863
0.28627 0.40784 0.56078
0.30196 0.41569 0.57255
0.30588 0.41961 0.57255
0.29804 0.42353 0.57647
0.28235 0.40784 0.56863
0.28235 0.40784 0.56078
0.2902 0.41569 0.56863
0.30196 0.41569 0.57255
0.2902 0.41569 0.56471
0.29804 0.42353 0.57647
0.27843 0.40784 0.56863
0.27451 0.41176 0.56078
0.2902 0.41961 0.57255
