0.87059 0.78824 0.68627
0.87451 0.78824 0.6902
0.86275 0.78431 0.6902
0.86667 0.78824 0.6902
0.87059 0.78431 0.68235
0.87059 0.78824 0.6902
0.85098 0.77647 0.68235
0.86667 0.78824 0.6902
0.87451 0.78824 0.68627
0.86667 0.78824 0.6902
0.85882 0.78039 0.68235
0.86275 0.78039 0.68627
0.87059 0.78431 0.68627
0.86275 0.77647 0.68235
0.85882 0.78039 0.68235
0.86275 0.78431 0.68627
0.86667 0.77647 0.68235
0.87451 0.78039 0.68627
0.87059 0.78431 0.6902
0.8549 0.77647 0.67843
0.85098 0.76471 0.67059
0.88235 0.78824 0.69412
