0.44611 0.54748 0.72834
0.47342 0.56444 0.72357
0.49687 0.57364 0.72398
0.60815 0.62849 0.72293
0.50634 0.56366 0.69031
0.48244 0.54418 0.66936
0.24919 0.29794 0.43587
0.21637 0.29081 0.45278
0.17646 0.26278 0.42632
0.16604 0.24553 0.39436
0.1664 0.23895 0.37968
0.15939 0.23302 0.36353
0.14123 0.21011 0.33652
0.12229 0.18374 0.29999
0.11338 0.17199 0.2777
0.13576 0.18091 0.2751
0.6491 0.62102 0.61286
0.84743 0.77152 0.68384
0.71413 0.66152 0.62278
0.15165 0.22356 0.35729
0.12588 0.19242 0.31608
0.1611 0.2369 0.38043
0.45808 0.55244 0.73252
0.13617 0.18559 0.29073
0.85492 0.77555 0.68569
0.54932 0.59192 0.71029
0.8098 0.75321 0.69404
0.49012 0.55062 0.6781
0.17386 0.26227 0.41497
0.24785 0.29702 0.43535
0.21604 0.31136 0.48122
0.50741 0.56828 0.69459
0.49108 0.57484 0.72517
0.44325 0.54851 0.73428
0.14038 0.19576 0.30781
0.13334 0.20766 0.33314
0.84637 0.7713 0.68097
0.65408 0.66663 0.74043
0.16476 0.25087 0.39056
0.18132 0.275 0.44005
0.14904 0.2277 0.36121
0.54982 0.59836 0.71006
0.49093 0.55528 0.67734
0.86462 0.80029 0.72227
0.2379 0.28943 0.42918
0.50585 0.56959 0.69615
0.46552 0.56277 0.73304
0.21678 0.30935 0.47935
0.14148 0.20394 0.31453
0.50817 0.58335 0.71945
0.48664 0.57704 0.72751
0.17886 0.27056 0.42536
0.87928 0.80014 0.69779
0.17936 0.27197 0.43389
0.48443 0.54751 0.67025
0.50273 0.56852 0.6939
0.16654 0.25735 0.40379
0.88841 0.82302 0.72784
0.26885 0.32546 0.4616
0.1237 0.19801 0.3183
0.20998 0.30813 0.47722
0.44052 0.54996 0.73719
0.50464 0.58413 0.71717
0.14343 0.22418 0.35153
0.14975 0.2088 0.30907
0.15166 0.23574 0.37146
0.17714 0.27347 0.43019
0.86607 0.7929 0.69957
0.48217 0.575 0.73252
0.22166 0.30489 0.45939
0.86931 0.79117 0.68757
0.48776 0.55753 0.67791
0.42498 0.41569 0.43052
0.90076 0.83359 0.73452
0.50713 0.58455 0.71097
0.79953 0.75014 0.67909
0.88887 0.81083 0.69869
0.12626 0.18844 0.29465
0.49374 0.56262 0.6828
0.45079 0.56068 0.7386
0.34034 0.34944 0.39147
0.21049 0.30475 0.46512
0.153 0.24232 0.38356
0.13714 0.21107 0.32925
0.48602 0.58092 0.73363
0.34001 0.40972 0.55308
0.12028 0.18742 0.29645
0.21955 0.36715 0.50559
0.17912 0.27632 0.42691
0.16966 0.26799 0.40296
0.90066 0.82332 0.70672
0.50097 0.59397 0.73171
0.2235 0.33028 0.48878
0.47745 0.57999 0.74059
0.65017 0.60966 0.57317
0.91852 0.84067 0.71531
0.51889 0.50561 0.51841
0.36563 0.36856 0.40356
0.57333 0.53804 0.51601
0.44546 0.56248 0.74429
0.50847 0.58104 0.69973
0.33631 0.41865 0.56121
0.089684 0.20492 0.35524
0.49344 0.56344 0.68129
0.93504 0.86283 0.74762
0.52252 0.59641 0.71401
0.13116 0.24343 0.39129
0.29386 0.29414 0.32985
0.51928 0.60456 0.72622
0.028798 0.1706 0.33588
0.66546 0.62296 0.58328
0.026658 0.18995 0.36008
0.34167 0.33113 0.33198
0.41942 0.41569 0.44755
0.21761 0.32185 0.47615
0.50235 0.57356 0.69233
0.94141 0.87796 0.77163
0.025623 0.16996 0.33706
0.17693 0.2854 0.43318
0.58659 0.55286 0.53861
0.67157 0.62271 0.5827
0.50016 0.60123 0.74036
0.51231 0.58588 0.6958
0.47104 0.58065 0.74355
0.36712 0.43948 0.57204
0.96084 0.90222 0.80923
0.52532 0.60963 0.72105
0.6651 0.6213 0.58271
0.059381 0.27744 0.46619
0.17218 0.31678 0.47878
0.0193 0.17639 0.34919
0.94909 0.8949 0.80679
0.66235 0.61612 0.57297
0.47631 0.58695 0.74663
0.45224 0.57282 0.75041
0.26501 0.35741 0.49932
0.18656 0.2987 0.44932
0.11291 0.39534 0.60456
0.61424 0.57296 0.54384
0.29492 0.54806 0.7148
0.028712 0.21175 0.38751
0.50657 0.57834 0.68431
0.63989 0.59651 0.55577
0.021791 0.18698 0.36507
0.51399 0.61764 0.74207
0.49006 0.60211 0.75016
0.96827 0.91661 0.83144
0.28834 0.38827 0.51527
0.69131 0.63859 0.58546
0.35819 0.42807 0.55195
0.17556 0.50995 0.72786
0.51622 0.59168 0.69416
0.06478 0.28758 0.47107
0.036876 0.22956 0.40732
0.25106 0.34813 0.48692
0.69393 0.63686 0.56936
0.53296 0.60466 0.70365
0.63209 0.59157 0.55566
0.687 0.62624 0.54604
0.53605 0.62624 0.73576
0.47746 0.59672 0.75441
0.13333 0.4392 0.65201
0.27794 0.36504 0.48482
0.62159 0.5812 0.54078
0.45353 0.57893 0.75502
0.73648 0.66278 0.57895
0.39621 0.43647 0.50747
0.13416 0.12322 0.12714
0.11012 0.11483 0.12047
0.13254 0.12506 0.14602
0.94784 0.87002 0.72744
0.23795 0.58725 0.80139
0.067635 0.29424 0.47928
0.50193 0.61469 0.75715
0.6085 0.57433 0.53623
0.70817 0.64768 0.56509
0.53525 0.61072 0.71044
0.52491 0.62852 0.75081
0.51597 0.58771 0.68807
0.20695 0.32635 0.47205
0.94292 0.87887 0.76556
0.55025 0.62944 0.73043
0.21198 0.49568 0.68139
0.60174 0.56333 0.52237
0.272 0.38356 0.52776
0.33973 0.6551 0.84352
0.21414 0.5101 0.71131
0.10043 0.35745 0.55169
0.66015 0.60843 0.54958
0.29643 0.65639 0.86034
0.61103 0.56967 0.52898
0.64707 0.59933 0.54692
0.71803 0.66054 0.58777
0.47552 0.60131 0.76023
0.45673 0.58654 0.76087
0.18672 0.30889 0.45194
0.71091 0.65283 0.58131
0.94788 0.88955 0.78672
0.53547 0.60898 0.70468
0.49939 0.61779 0.76315
0.63369 0.59759 0.5537
0.52493 0.63397 0.75886
0.36092 0.45792 0.58989
0.29154 0.62078 0.82091
0.96654 0.92165 0.83233
0.19639 0.31531 0.4572
0.21865 0.53341 0.73413
0.54752 0.64646 0.75344
0.32108 0.67391 0.87166
0.53537 0.61002 0.70512
0.56334 0.63696 0.73033
0.17543 0.29273 0.42888
0.22192 0.3445 0.49036
0.46771 0.59843 0.76672
0.85333 0.82112 0.76227
0.87691 0.84025 0.77457
0.91882 0.87893 0.80417
0.84412 0.81367 0.76156
0.21419 0.55509 0.7643
0.18942 0.30559 0.43786
0.23806 0.61077 0.82719
0.51164 0.63267 0.76828
0.49153 0.61987 0.77085
0.77875 0.74562 0.69256
0.25362 0.37779 0.5259
0.1736 0.2897 0.42021
0.97954 0.9387 0.84745
0.53824 0.61425 0.7089
0.57725 0.53971 0.47212
0.52935 0.48109 0.42129
0.19528 0.31035 0.44585
0.90469 0.86331 0.78849
0.16381 0.27927 0.40709
0.94811 0.85419 0.7307
0.38073 0.48133 0.61196
0.31258 0.61967 0.7969
0.57975 0.65583 0.74574
0.83299 0.79025 0.72379
0.88029 0.83307 0.75678
0.52975 0.64455 0.77103
0.15855 0.27006 0.39442
0.84292 0.81095 0.75506
0.76135 0.73649 0.69567
0.55312 0.65604 0.76373
0.47396 0.60792 0.77035
0.55356 0.62901 0.72237
0.16948 0.2776 0.40173
0.97259 0.92898 0.84221
0.15898 0.26197 0.38196
0.85518 0.75294 0.64791
0.50197 0.62951 0.77699
0.17828 0.28547 0.41186
0.32243 0.37028 0.42955
0.15602 0.24622 0.35321
0.16828 0.24566 0.34599
0.90622 0.83028 0.72126
0.5739 0.64991 0.73489
0.2702 0.39744 0.54641
0.15674 0.25631 0.3741
0.53078 0.61869 0.71412
0.22495 0.34471 0.48506
0.385 0.51106 0.64972
0.59338 0.67068 0.7579
0.98149 0.9213 0.81752
0.1978 0.27399 0.36439
0.52342 0.6456 0.78055
0.48036 0.61282 0.77594
0.55725 0.66539 0.77436
0.96839 0.90301 0.79943
0.87118 0.76384 0.65572
0.28732 0.41401 0.56394
0.15732 0.25462 0.36824
0.50216 0.63208 0.78053
0.55783 0.63707 0.72702
0.17352 0.27925 0.39896
0.74248 0.71095 0.66582
0.49079 0.62229 0.7809
0.198 0.3109 0.44211
0.16123 0.24315 0.34569
0.25152 0.37645 0.51928
0.54699 0.66542 0.78389
0.60155 0.67599 0.75721
0.52534 0.64997 0.78848
0.89802 0.78219 0.66737
0.56911 0.64631 0.73283
0.31266 0.43846 0.58491
0.98057 0.91968 0.82001
0.86812 0.76401 0.65805
0.57545 0.67838 0.7819
0.15574 0.24776 0.35857
0.50237 0.63598 0.78813
0.24686 0.36635 0.50806
0.18507 0.28974 0.40867
0.16382 0.24036 0.34049
0.73464 0.70301 0.66008
0.54497 0.6675 0.79205
0.39822 0.50575 0.63278
0.20686 0.31948 0.44889
0.90957 0.79348 0.67196
0.96757 0.92044 0.84794
0.62209 0.69381 0.77364
0.59475 0.66782 0.74609
0.57295 0.68336 0.7909
0.16579 0.23358 0.3048
0.5285 0.66063 0.79691
0.30659 0.43386 0.58295
0.1639 0.24918 0.3451
0.50812 0.64197 0.79265
0.17091 0.26924 0.38687
0.88259 0.77426 0.66403
0.25819 0.37567 0.52076
0.21996 0.27 0.31156
0.62321 0.6938 0.77213
0.36626 0.4946 0.63703
0.58573 0.69276 0.79393
0.58789 0.66129 0.74382
0.55091 0.67612 0.79951
0.92716 0.80922 0.67605
0.21905 0.33154 0.46343
0.19533 0.29948 0.42179
0.17128 0.26491 0.38024
0.27755 0.38688 0.52949
0.93085 0.81418 0.67938
0.51525 0.64731 0.80054
0.90431 0.7942 0.67886
0.16394 0.24931 0.35092
0.25966 0.37506 0.51999
0.21785 0.21192 0.22936
0.60676 0.70046 0.79046
0.53612 0.66668 0.80856
0.29465 0.41254 0.56699
0.56711 0.68764 0.80527
0.28515 0.26454 0.26416
0.2516 0.34155 0.47238
0.59789 0.70229 0.80037
0.65011 0.71632 0.78721
0.94852 0.83038 0.68251
0.52091 0.65462 0.80892
0.93147 0.81769 0.68618
0.18221 0.27952 0.39854
0.24214 0.35466 0.49316
0.55343 0.67855 0.81478
0.61828 0.68957 0.7679
0.28121 0.40065 0.55246
0.20779 0.31343 0.43847
0.17884 0.26504 0.37576
0.46383 0.53353 0.62747
0.25607 0.33968 0.47093
0.19147 0.2878 0.40673
0.58237 0.69719 0.81248
0.63945 0.71 0.78373
0.6117 0.71081 0.80812
0.53475 0.666 0.81829
0.2036 0.28604 0.38969
0.95464 0.83499 0.68561
0.94955 0.83267 0.68808
0.26866 0.38294 0.52799
0.56638 0.68805 0.82104
0.92377 0.81351 0.68627
0.22256 0.33019 0.46104
0.28986 0.41154 0.56528
0.82529 0.77074 0.6904
0.65556 0.72365 0.79598
0.62652 0.69401 0.7716
0.23287 0.31584 0.4489
0.27301 0.35551 0.4823
0.94788 0.83361 0.70154
0.20146 0.29767 0.4183
0.20886 0.28965 0.39978
0.54816 0.67577 0.82538
0.58744 0.70304 0.82169
0.95459 0.83591 0.68408
0.29785 0.3731 0.49503
0.25294 0.36163 0.50124
0.63476 0.70836 0.78478
0.62731 0.71938 0.81299
0.24678 0.32504 0.45321
0.30388 0.42165 0.57391
0.82987 0.79674 0.75646
0.56201 0.68749 0.82945
0.80805 0.76413 0.70416
0.60755 0.71591 0.82443
0.95641 0.83685 0.69289
0.22536 0.32384 0.45572
0.64542 0.72431 0.80388
0.28007 0.39434 0.54746
0.21245 0.29797 0.40768
0.27182 0.35108 0.48399
0.27875 0.39454 0.55053
0.58163 0.70082 0.83243
0.46594 0.43937 0.37309
0.69068 0.65613 0.62262
0.96477 0.84713 0.70815
0.55627 0.68192 0.83305
0.93038 0.81715 0.68848
0.95566 0.83554 0.68575
0.47238 0.54766 0.65013
0.24782 0.32145 0.44958
0.6217 0.72395 0.8282
0.28 0.38824 0.53945
0.66137 0.63 0.57561
0.39523 0.41688 0.41922
0.26483 0.36865 0.51152
0.95758 0.84036 0.70415
0.17781 0.17431 0.11413
0.19453 0.20416 0.13585
0.65676 0.72947 0.81197
0.96033 0.83932 0.6936
0.22994 0.31592 0.4265
0.56671 0.69024 0.83813
0.19531 0.25268 0.3626
0.24868 0.34391 0.47967
0.65148 0.73166 0.82002
0.27644 0.37972 0.53321
0.596 0.71059 0.83675
0.17491 0.19118 0.1052
0.35191 0.36037 0.27305
0.13722 0.13928 0.088057
0.28562 0.35391 0.47942
0.28075 0.32448 0.32863
0.96143 0.84387 0.70337
0.65852 0.72971 0.80973
0.26093 0.35853 0.49926
