0.18431 0.27843 0.4
0.18824 0.28627 0.39608
0.16471 0.22745 0.31373
0.16078 0.19216 0.23529
0.18824 0.27843 0.4
0.16863 0.26275 0.38431
0.18039 0.27451 0.39216
0.19216 0.28627 0.39608
0.18824 0.27843 0.39608
0.20392 0.27059 0.36078
0.18431 0.27843 0.39608
0.17647 0.27059 0.39216
0.16471 0.26667 0.38039
0.17647 0.27843 0.38431
0.19608 0.28627 0.39608
0.19216 0.27451 0.38431
0.19608 0.28235 0.38431
0.19608 0.24706 0.32941
0.18039 0.27059 0.39216
0.18039 0.27059 0.39216
0.19216 0.28235 0.40392
0.17647 0.27451 0.39216
0.18431 0.28235 0.39608
0.18039 0.27843 0.38824
0.19216 0.27843 0.39216
0.19608 0.27843 0.39216
0.18431 0.26275 0.37647
0.16863 0.25882 0.37255
0.17647 0.24314 0.32941
0.18824 0.27843 0.4
0.17255 0.26275 0.38431
0.18824 0.27843 0.39608
0.17647 0.27059 0.38039
0.19608 0.28627 0.40392
0.17647 0.26275 0.38824
0.19216 0.27059 0.38824
0.19608 0.27843 0.39608
0.18431 0.27451 0.39608
0.17255 0.2549 0.37647
0.16863 0.24706 0.36863
0.18824 0.24314 0.34902
0.19216 0.28235 0.39608
0.19608 0.2902 0.40392
0.19216 0.28235 0.39608
0.17255 0.25882 0.36863
0.18824 0.27059 0.38824
0.18431 0.26667 0.38431
0.19216 0.27451 0.38824
0.19216 0.27451 0.39216
0.18431 0.26667 0.38431
0.16078 0.24314 0.35686
0.16471 0.25098 0.36863
0.16863 0.2549 0.37255
0.17255 0.24314 0.3451
0.16471 0.19608 0.25098
0.19216 0.28627 0.39216
0.19608 0.2902 0.4
0.19608 0.2902 0.4
0.18824 0.27059 0.38431
0.19216 0.27843 0.39216
0.18824 0.27451 0.38824
0.19608 0.28235 0.39608
0.19608 0.28235 0.39608
0.18431 0.27059 0.38039
0.16471 0.24706 0.36078
0.15294 0.23529 0.34902
0.16471 0.25098 0.36471
0.18431 0.26667 0.37647
0.17255 0.21176 0.27843
0.18824 0.28235 0.39216
0.19216 0.28627 0.39608
0.18039 0.27451 0.38431
0.17647 0.27059 0.38039
0.18039 0.27451 0.38431
0.17647 0.27059 0.38039
0.18431 0.27843 0.38824
0.19608 0.2902 0.4
0.16863 0.26275 0.36863
0.16471 0.25098 0.36078
0.17647 0.25882 0.37255
0.17255 0.2549 0.36863
0.18039 0.26275 0.37647
0.1451 0.2 0.28235
0.18431 0.27843 0.39216
0.19608 0.28627 0.40392
0.18824 0.28235 0.4
0.18039 0.27059 0.38824
0.16863 0.26275 0.37647
0.18039 0.27059 0.38824
0.18431 0.27843 0.39216
0.18824 0.27843 0.39608
0.18431 0.27451 0.39216
0.16471 0.25882 0.37255
0.16471 0.2549 0.36471
0.17255 0.25882 0.37255
0.17255 0.26275 0.37647
0.17255 0.25098 0.36471
0.24314 0.27059 0.32941
0.2 0.2902 0.41176
0.18039 0.27059 0.39216
0.17647 0.26667 0.38824
0.17647 0.26667 0.38824
0.17647 0.26667 0.38824
0.18431 0.27451 0.39608
0.19216 0.28235 0.40392
0.17255 0.26275 0.38431
0.15686 0.25098 0.36471
0.16471 0.25882 0.36863
0.17255 0.26667 0.37647
0.16471 0.2549 0.36471
0.16863 0.25882 0.37647
0.2 0.26275 0.36471
0.21961 0.2549 0.30196
0.19608 0.28627 0.40784
0.16863 0.25882 0.38039
0.17255 0.26275 0.38431
0.18039 0.27059 0.39216
0.17647 0.26667 0.38824
0.17647 0.26275 0.38431
0.19216 0.27451 0.39608
0.18824 0.27059 0.39216
0.18039 0.26275 0.38039
0.17647 0.25882 0.37255
0.18824 0.27059 0.38431
0.17255 0.26275 0.37255
0.17255 0.26275 0.38039
0.17255 0.2549 0.37255
0.16471 0.23529 0.34118
0.17255 0.23922 0.3451
0.16863 0.21176 0.30588
0.17647 0.26667 0.38824
0.16078 0.2549 0.37647
0.17255 0.26667 0.38431
0.17255 0.26275 0.38039
0.17647 0.26275 0.38431
0.18824 0.27451 0.39216
0.18824 0.27059 0.38824
0.18039 0.26275 0.38039
0.18039 0.26667 0.37647
0.16863 0.2549 0.36471
0.16863 0.25882 0.36471
0.18431 0.27451 0.38039
0.18039 0.27059 0.38039
0.18039 0.26275 0.37255
0.16471 0.24314 0.35294
0.17255 0.24706 0.35686
0.18431 0.26667 0.36863
0.18824 0.2549 0.33725
0.17255 0.26667 0.38824
0.17255 0.27059 0.38824
0.16863 0.26275 0.38039
0.18431 0.27059 0.38431
0.19608 0.27843 0.39216
0.18431 0.27059 0.38039
0.18824 0.27059 0.38431
0.19216 0.28235 0.38824
0.17255 0.26667 0.36863
0.16471 0.25882 0.36078
0.17647 0.26667 0.36863
0.19216 0.27059 0.37647
0.18039 0.26275 0.36863
0.16471 0.24706 0.35686
0.16863 0.25098 0.36471
0.18039 0.26667 0.36471
0.18039 0.26275 0.35294
0.17255 0.24314 0.34902
0.17255 0.24706 0.35294
0.17255 0.27059 0.38824
0.17255 0.27451 0.39216
0.17647 0.27451 0.38824
0.18824 0.28235 0.39216
0.18824 0.27059 0.38431
0.18039 0.26275 0.37647
0.19608 0.27843 0.39216
0.2 0.2902 0.4
0.16863 0.26275 0.36863
0.16863 0.26275 0.37255
0.17647 0.26275 0.36863
0.18039 0.26275 0.36863
0.18039 0.26275 0.36863
0.16471 0.24706 0.35294
0.17647 0.25882 0.36471
0.17255 0.25882 0.35686
0.17647 0.26275 0.35294
0.18039 0.25882 0.35686
0.16078 0.24314 0.33725
0.18039 0.28627 0.4
0.18039 0.28235 0.39216
0.19608 0.2902 0.4
0.19608 0.28235 0.39608
0.18431 0.26667 0.38039
0.19216 0.27451 0.38824
0.18824 0.27843 0.39216
0.15686 0.25098 0.36078
0.16078 0.2549 0.36471
0.17255 0.26275 0.36863
0.18431 0.26667 0.37255
0.17647 0.25882 0.36863
0.16863 0.25098 0.35686
0.17255 0.2549 0.35294
0.18431 0.26667 0.37255
0.16471 0.25098 0.35294
0.16078 0.25098 0.34118
0.16471 0.24314 0.34118
0.16078 0.24706 0.34118
0.17647 0.27451 0.39216
0.17647 0.27451 0.38431
0.19216 0.28627 0.39608
0.17647 0.26667 0.38824
0.18431 0.27451 0.39608
0.18824 0.27843 0.4
0.18039 0.27059 0.39216
0.15686 0.24706 0.36471
0.16863 0.25882 0.37647
0.16078 0.24706 0.36471
0.17255 0.2549 0.36863
0.18431 0.26667 0.38039
0.18824 0.27059 0.38431
0.17255 0.2549 0.36863
0.16863 0.25098 0.35686
0.17647 0.25882 0.36471
0.17255 0.26275 0.35294
0.16078 0.24706 0.34118
0.17647 0.27059 0.38824
0.18431 0.27843 0.38824
0.18824 0.27843 0.39608
0.18431 0.27451 0.39608
0.19216 0.28235 0.40392
0.18824 0.27843 0.4
0.16863 0.25882 0.38039
0.17647 0.27059 0.39216
0.17647 0.26275 0.38039
0.16471 0.24706 0.36078
0.17255 0.2549 0.36863
0.18431 0.26667 0.38039
0.18824 0.27059 0.38431
0.16471 0.24706 0.35686
0.16863 0.2549 0.35686
0.17255 0.25882 0.36078
0.1451 0.22745 0.33333
0.18431 0.27843 0.38824
0.18039 0.27451 0.39216
0.17647 0.26667 0.38824
0.18039 0.27451 0.39216
0.18039 0.27059 0.38431
0.18039 0.27451 0.37647
0.18039 0.27451 0.37647
0.18431 0.27059 0.38039
0.17255 0.2549 0.36863
0.17647 0.25882 0.37255
0.17255 0.2549 0.36863
0.17255 0.2549 0.36863
0.17647 0.25882 0.36863
0.16863 0.25098 0.35686
0.16078 0.24706 0.35294
0.16078 0.24314 0.35294
0.17255 0.26667 0.37647
0.18039 0.27451 0.38431
0.18039 0.27451 0.38431
0.16863 0.26275 0.37255
0.17255 0.26667 0.37647
0.17647 0.27059 0.38039
0.17647 0.26667 0.37647
0.17647 0.2549 0.37255
0.17647 0.27059 0.38431
0.18431 0.27843 0.38824
0.18039 0.27451 0.38431
0.17647 0.27059 0.38039
0.17255 0.26667 0.37647
0.17255 0.26667 0.37647
