0.61961 0.70196 0.77647
0.61569 0.69804 0.77255
0.61569 0.6902 0.76863
0.62353 0.69412 0.77255
0.62353 0.6902 0.76863
0.62353 0.6902 0.76863
0.62745 0.69412 0.77255
0.62353 0.6902 0.76863
0.61569 0.6902 0.76471
0.62353 0.6902 0.76863
0.62745 0.68627 0.76863
0.61961 0.68235 0.75686
0.61569 0.68235 0.75294
0.61569 0.68235 0.76078
0.61961 0.6902 0.77255
0.61961 0.70196 0.77647
0.61569 0.69804 0.77255
0.61569 0.69412 0.76863
0.62353 0.6902 0.76863
0.61961 0.68627 0.76471
0.62745 0.69412 0.77255
0.62353 0.6902 0.76863
0.61961 0.68627 0.76471
0.61961 0.68627 0.76471
0.61961 0.68627 0.76471
0.61961 0.68235 0.76471
0.61569 0.68235 0.75686
0.61569 0.68235 0.76078
0.61961 0.68235 0.76863
0.56863 0.64706 0.73333
0.62353 0.70588 0.78039
0.61961 0.70196 0.77647
0.62353 0.70196 0.77647
0.62353 0.69412 0.77255
0.62353 0.6902 0.76863
0.62745 0.69412 0.77255
0.61961 0.68627 0.76471
0.62353 0.6902 0.76863
0.61961 0.68627 0.76471
0.61961 0.68627 0.76471
0.61961 0.68627 0.76471
0.61569 0.67843 0.76078
0.61961 0.68235 0.76863
0.58824 0.65098 0.7451
0.38824 0.47059 0.56863
0.61569 0.69804 0.77255
0.61961 0.70196 0.77647
0.61961 0.70196 0.77647
0.61961 0.70196 0.77647
0.62353 0.69412 0.77255
0.61961 0.6902 0.76863
0.61961 0.6902 0.76863
0.62353 0.6902 0.76863
0.62353 0.6902 0.76863
0.62353 0.6902 0.76863
0.62353 0.6902 0.76863
0.61961 0.68627 0.76471
0.61176 0.67843 0.76471
0.61176 0.67843 0.77647
0.40392 0.47451 0.57647
0.61961 0.70196 0.77647
0.61569 0.69804 0.77255
0.61569 0.69804 0.77255
0.61569 0.69804 0.77255
0.62353 0.69804 0.77255
0.61961 0.6902 0.76863
0.61961 0.6902 0.76863
0.62353 0.69412 0.77255
0.62353 0.6902 0.76863
0.62353 0.6902 0.76471
0.62745 0.69412 0.76863
0.62353 0.6902 0.76471
0.61961 0.68627 0.77255
0.59216 0.65882 0.75686
0.61961 0.70196 0.77647
0.61961 0.70196 0.77647
0.61569 0.69804 0.77255
0.61961 0.70196 0.77647
0.62353 0.69804 0.77647
0.62353 0.69412 0.77255
0.62353 0.69412 0.77255
0.62353 0.6902 0.76863
0.62745 0.69412 0.77255
0.62353 0.6902 0.76078
0.62353 0.6902 0.76078
0.62353 0.6902 0.76078
0.62353 0.68627 0.77255
0.58039 0.64706 0.7451
0.61569 0.69804 0.77647
0.61569 0.69804 0.77255
0.61961 0.70196 0.77647
0.61961 0.70196 0.77647
0.61961 0.70196 0.77647
0.61569 0.69804 0.77255
0.61961 0.70196 0.77647
0.61569 0.69412 0.76863
0.62745 0.69412 0.77255
0.62745 0.69412 0.77255
0.62353 0.6902 0.76863
0.61961 0.68627 0.76078
0.61961 0.68627 0.75686
0.61961 0.68627 0.76471
0.60392 0.66667 0.75686
0.61961 0.70196 0.77647
0.61961 0.70196 0.77647
0.61961 0.70196 0.77647
0.62353 0.70588 0.78039
0.61961 0.70196 0.77647
0.61569 0.69804 0.77255
0.61569 0.69412 0.76863
0.61961 0.68627 0.76863
0.62353 0.6902 0.76863
0.61961 0.68627 0.76863
0.61961 0.68627 0.76078
0.61961 0.68627 0.75686
0.61961 0.68627 0.76078
0.60392 0.67059 0.76078
0.61961 0.70196 0.77647
0.61961 0.70196 0.77647
0.61569 0.69804 0.77255
0.61961 0.70196 0.77647
0.61961 0.70196 0.77647
0.61569 0.69804 0.77255
0.61569 0.69412 0.77255
0.62353 0.69412 0.77255
0.62745 0.69412 0.77255
0.62353 0.6902 0.76863
0.61569 0.68235 0.76078
0.61961 0.68627 0.75294
0.61961 0.68627 0.76078
0.61961 0.68235 0.77255
0.61569 0.70588 0.77647
0.61961 0.70196 0.77647
0.61961 0.69804 0.77647
0.62353 0.69804 0.78039
0.61961 0.69412 0.77647
0.62353 0.69804 0.78039
0.61961 0.69804 0.77647
0.63137 0.69412 0.77647
0.63137 0.68627 0.76863
0.62745 0.6902 0.76863
0.62353 0.6902 0.76863
0.62353 0.6902 0.76078
0.61569 0.68235 0.75686
0.62353 0.6902 0.77255
0.52941 0.60392 0.69412
0.61961 0.70588 0.78039
0.61961 0.70196 0.77255
0.62353 0.69804 0.77647
0.62745 0.69804 0.78431
0.62745 0.69412 0.78431
0.62745 0.69804 0.78431
0.62353 0.69412 0.77255
0.62745 0.69412 0.77255
0.63137 0.6902 0.77255
0.63137 0.69412 0.77255
0.62745 0.69412 0.76863
0.61961 0.68627 0.75686
0.61961 0.68627 0.75686
0.61961 0.68627 0.76471
0.58431 0.65882 0.74902
0.61961 0.70196 0.77647
0.63137 0.70196 0.78039
0.62745 0.69804 0.78039
0.62353 0.69412 0.78431
0.62745 0.69804 0.78431
0.62353 0.69412 0.77647
0.62353 0.6902 0.76863
0.62745 0.69412 0.77255
0.62353 0.6902 0.76863
0.62745 0.69412 0.77255
0.62353 0.6902 0.76863
0.62353 0.6902 0.76078
0.62353 0.6902 0.76078
0.61961 0.68627 0.76471
0.61176 0.68627 0.77255
0.61961 0.70196 0.78039
0.62353 0.69804 0.78039
0.62745 0.69804 0.78039
0.62353 0.69412 0.77647
0.62353 0.69412 0.77647
0.62353 0.69412 0.77647
0.62745 0.69412 0.77255
0.62745 0.69412 0.77255
0.63137 0.69804 0.77647
0.62353 0.6902 0.76863
0.61961 0.68627 0.76471
0.62353 0.6902 0.76863
0.61961 0.6902 0.76078
0.61569 0.68627 0.76471
0.61569 0.6902 0.77647
0.62353 0.69804 0.78431
0.62353 0.69412 0.77647
0.62745 0.69804 0.77647
0.62353 0.69412 0.77255
0.62353 0.69412 0.77255
0.63137 0.70196 0.78039
0.62353 0.69412 0.77255
0.62745 0.69412 0.77255
0.62353 0.6902 0.76863
0.62353 0.6902 0.76863
0.62353 0.6902 0.76863
0.61961 0.69412 0.76471
0.61569 0.68627 0.76471
0.61569 0.68627 0.77647
0.62353 0.69412 0.77255
0.62745 0.69804 0.77647
0.62745 0.69804 0.77647
0.62745 0.69412 0.77647
0.62745 0.69412 0.77255
0.62745 0.69412 0.76471
0.62745 0.69412 0.76471
0.62353 0.6902 0.76078
0.61961 0.6902 0.76078
0.61569 0.68627 0.76471
0.61961 0.6902 0.78039
0.62745 0.69804 0.77647
0.62745 0.70196 0.77647
0.63137 0.70196 0.77647
0.62353 0.69412 0.76471
0.62353 0.69412 0.76078
0.62745 0.69412 0.76471
0.61569 0.68627 0.75686
0.61569 0.6902 0.76078
0.61569 0.68627 0.76863
