0.89412 0.77647 0.66667
0.91373 0.8 0.68235
0.89412 0.78039 0.66275
0.90588 0.79216 0.67451
0.89804 0.78039 0.66667
0.90196 0.78039 0.66667
0.90588 0.77647 0.66667
0.90196 0.78039 0.66667
0.90196 0.78039 0.66667
0.89412 0.78431 0.67451
0.86667 0.75686 0.64314
0.90196 0.78824 0.67451
0.89412 0.77647 0.66667
0.89804 0.78039 0.67059
0.8902 0.77255 0.66275
0.8902 0.77647 0.65882
0.90588 0.79216 0.67451
0.91373 0.8 0.68235
0.9098 0.79216 0.67451
0.90588 0.78039 0.66667
0.90196 0.76863 0.65882
0.90196 0.78039 0.66667
0.9098 0.78824 0.67451
0.87843 0.76863 0.66275
0.88235 0.76471 0.66275
0.87451 0.76863 0.66275
0.86667 0.76078 0.65098
0.87059 0.76471 0.65098
0.88627 0.77255 0.66275
0.90196 0.78431 0.67451
0.8902 0.77255 0.66275
0.9098 0.79216 0.68235
0.90196 0.78431 0.67451
0.90588 0.78824 0.68235
0.89804 0.78039 0.67059
0.89412 0.78039 0.66275
0.89804 0.78431 0.66667
0.89804 0.78431 0.66667
0.9098 0.79216 0.67843
0.91373 0.78824 0.67451
0.91373 0.78039 0.67059
0.90196 0.78039 0.66667
0.91373 0.79216 0.67843
0.88627 0.78431 0.67843
0.88235 0.78039 0.67451
0.87843 0.77647 0.67059
0.87451 0.77255 0.66667
0.88627 0.78039 0.67451
0.88235 0.76471 0.66275
0.88235 0.77647 0.67059
0.87451 0.76863 0.65882
0.8902 0.78431 0.67059
0.88235 0.76863 0.65098
0.91765 0.8 0.68627
0.90588 0.78824 0.67843
0.89804 0.78039 0.67059
0.8902 0.77255 0.66275
0.86275 0.7451 0.63137
0.87451 0.76078 0.64706
0.90196 0.78824 0.67059
0.89412 0.78039 0.66275
0.89412 0.78039 0.66275
0.90588 0.78431 0.67059
0.9098 0.78824 0.67451
0.91373 0.78824 0.67451
0.90196 0.77647 0.66275
0.90196 0.78039 0.66667
0.87451 0.76863 0.66275
0.87451 0.76863 0.66275
0.87451 0.76863 0.66275
0.87843 0.77255 0.66667
0.87843 0.77647 0.67059
0.87451 0.77255 0.66667
0.88235 0.77647 0.67059
0.89412 0.78431 0.67843
0.88627 0.76863 0.66667
0.8902 0.78431 0.67843
0.88627 0.78039 0.67059
0.87843 0.77255 0.6549
0.88235 0.77255 0.64706
0.87059 0.75686 0.63922
0.90588 0.78824 0.67843
0.90588 0.78824 0.67843
0.90196 0.78431 0.67059
0.88627 0.77255 0.65882
0.8902 0.77647 0.6549
0.89412 0.78039 0.66275
0.89412 0.78039 0.66275
0.90196 0.78824 0.67059
0.90196 0.78039 0.66667
0.9098 0.78824 0.67451
0.90196 0.78039 0.66667
0.88235 0.76078 0.64706
0.90588 0.78431 0.67059
0.87059 0.76471 0.65882
0.87843 0.77255 0.66667
0.88235 0.77647 0.67059
0.87451 0.77255 0.66275
0.87451 0.77255 0.66667
0.88235 0.78039 0.67451
0.88627 0.78039 0.67451
0.8902 0.77255 0.67059
0.88235 0.77647 0.67059
0.86667 0.76078 0.65098
0.87451 0.76863 0.6549
0.89804 0.78824 0.66275
0.87843 0.76471 0.64706
0.8902 0.77255 0.66275
0.90588 0.78824 0.67843
0.90196 0.78431 0.67059
0.89804 0.78431 0.66667
0.89412 0.78039 0.65882
0.89804 0.78431 0.65882
0.90196 0.78824 0.66275
0.90588 0.78824 0.66667
0.89804 0.77647 0.66275
0.90196 0.78039 0.66667
0.90588 0.78431 0.67059
0.89804 0.77647 0.66275
0.9098 0.78824 0.67451
0.87451 0.76863 0.66275
0.87843 0.77255 0.66667
0.88235 0.77255 0.66667
0.88627 0.77647 0.67451
0.88627 0.78039 0.67451
0.87843 0.77647 0.66667
0.88627 0.77647 0.66667
0.88235 0.77255 0.66275
0.89412 0.78431 0.67843
0.87451 0.76863 0.6549
0.87843 0.77255 0.6549
0.90588 0.79216 0.67843
0.90588 0.79216 0.67843
0.89804 0.78039 0.67059
0.90196 0.78431 0.67451
0.8902 0.77255 0.66275
0.89412 0.78039 0.66275
0.90588 0.79216 0.67059
0.91373 0.8 0.67451
0.91373 0.79608 0.67059
0.91765 0.79608 0.67451
0.9098 0.78824 0.67451
0.89412 0.77255 0.65882
0.90196 0.78039 0.66667
0.90588 0.78431 0.67059
0.9098 0.78824 0.67451
0.87843 0.76863 0.66667
0.88627 0.76863 0.66667
0.88627 0.76863 0.66667
0.89412 0.78039 0.67451
0.8902 0.78431 0.67059
0.88627 0.78039 0.66667
0.87843 0.77255 0.65882
0.88235 0.77647 0.66275
0.90196 0.79608 0.68235
0.89412 0.78824 0.67451
0.90196 0.78824 0.67843
0.89412 0.77255 0.66667
0.89412 0.77647 0.66667
0.89804 0.77647 0.67059
0.90588 0.78824 0.67843
0.90196 0.78824 0.67059
0.91373 0.8 0.67843
0.9098 0.79608 0.67059
0.9098 0.79216 0.67059
0.90196 0.78039 0.65882
0.90588 0.78431 0.67059
0.8902 0.76863 0.6549
0.8902 0.76863 0.6549
0.89412 0.77255 0.65882
0.89804 0.77647 0.66275
0.88235 0.77647 0.67059
0.89412 0.77647 0.67451
0.88627 0.76863 0.66667
0.89804 0.78039 0.67451
0.90196 0.78431 0.67451
0.89804 0.78431 0.67451
0.89412 0.78039 0.66667
0.88235 0.76863 0.65882
0.84314 0.72941 0.61961
0.90588 0.79216 0.68235
0.9098 0.79216 0.68235
0.9098 0.79216 0.68235
0.90196 0.78431 0.67451
0.90196 0.78431 0.67451
0.91373 0.79608 0.68627
0.90588 0.79216 0.67451
0.90196 0.78824 0.67059
0.90588 0.79608 0.67451
0.90588 0.78431 0.67059
0.89804 0.77647 0.66275
0.9098 0.78824 0.67451
0.90588 0.78431 0.67059
0.89412 0.77255 0.65882
0.90588 0.78431 0.67059
0.91373 0.79216 0.67843
0.8902 0.78039 0.67451
0.8902 0.77647 0.67059
0.87843 0.76471 0.6549
0.88235 0.76471 0.65882
0.89804 0.78431 0.67059
0.89412 0.77647 0.66667
0.90588 0.78824 0.68235
0.89804 0.78039 0.67059
0.88627 0.76863 0.65882
0.88627 0.76863 0.65882
0.90196 0.78431 0.67451
0.90196 0.78431 0.67451
0.90588 0.78431 0.67451
0.89804 0.78039 0.67059
0.89412 0.77647 0.66667
0.90196 0.78431 0.67059
0.9098 0.79216 0.67451
0.9098 0.79608 0.67843
0.91373 0.79608 0.68235
0.90196 0.78039 0.66667
0.90196 0.78039 0.66667
0.89412 0.77255 0.6549
0.89804 0.77647 0.66275
0.90196 0.78039 0.66275
0.90196 0.78039 0.66275
0.88235 0.77647 0.66275
0.8902 0.78431 0.67059
0.8902 0.78431 0.66275
0.89804 0.78431 0.66667
0.90196 0.78824 0.67451
0.90588 0.78824 0.68235
0.92157 0.80392 0.69412
0.89804 0.78039 0.67059
0.88235 0.76471 0.6549
0.90196 0.78039 0.67059
0.89804 0.77647 0.66667
0.89804 0.77647 0.66667
0.90196 0.78039 0.67059
0.90588 0.78431 0.67451
0.9098 0.78431 0.67059
0.91373 0.79216 0.67843
0.91373 0.79216 0.67843
0.91373 0.79216 0.67843
0.9098 0.78824 0.67059
0.87451 0.75294 0.63137
0.88235 0.76078 0.63922
0.88627 0.76471 0.63922
0.90196 0.78039 0.65882
0.9098 0.78824 0.66667
0.88627 0.78039 0.66667
0.8902 0.78431 0.66275
0.90196 0.79608 0.67059
0.89804 0.78824 0.67059
0.8902 0.78039 0.66667
0.89412 0.77647 0.66667
0.90196 0.78431 0.67451
0.89804 0.78039 0.67059
0.90196 0.78039 0.67059
0.89412 0.77255 0.66275
0.89804 0.77647 0.66667
0.9098 0.78431 0.67451
0.90588 0.78431 0.67451
0.91373 0.79216 0.67843
0.91373 0.79216 0.67843
0.9098 0.78824 0.67451
0.90196 0.78039 0.66667
0.9098 0.78824 0.67451
0.89412 0.77255 0.65098
0.91373 0.79216 0.67059
0.89412 0.77255 0.65098
0.87843 0.75686 0.63529
0.91765 0.79608 0.67451
0.88627 0.78039 0.66275
0.8902 0.78824 0.66667
0.89804 0.79608 0.66667
0.89412 0.78824 0.66275
0.90588 0.79608 0.67843
0.91373 0.79608 0.68627
0.90196 0.78431 0.67451
0.8902 0.77255 0.66275
0.89412 0.77255 0.66275
0.90588 0.78431 0.67451
0.9098 0.78824 0.67843
0.9098 0.78824 0.67843
0.91373 0.79608 0.68235
0.91373 0.79216 0.67843
0.91373 0.79216 0.67843
0.91373 0.79216 0.67451
0.9098 0.78824 0.67059
0.89804 0.77647 0.65882
0.92157 0.8 0.67843
0.91373 0.79216 0.67059
0.89412 0.77255 0.65098
0.87059 0.74902 0.62745
0.88627 0.76078 0.63922
0.90196 0.79216 0.67451
0.9098 0.79608 0.67843
0.90196 0.78824 0.67059
0.90196 0.78824 0.67059
0.90588 0.78824 0.67059
0.8902 0.77647 0.65882
0.8902 0.78039 0.66275
0.8902 0.78431 0.67059
0.89804 0.78824 0.67451
0.90196 0.78431 0.67451
0.90588 0.78824 0.67451
0.9098 0.79608 0.67843
0.90588 0.78431 0.67059
0.91373 0.79216 0.67451
0.91373 0.79216 0.66667
0.89804 0.77647 0.6549
0.88235 0.76078 0.63922
0.8902 0.76863 0.64706
0.90588 0.78431 0.66275
0.92157 0.79608 0.67451
0.91373 0.78431 0.66275
0.9098 0.78039 0.65882
0.89412 0.78824 0.67059
0.89412 0.78039 0.66275
0.8902 0.77647 0.65882
0.89804 0.78039 0.66275
0.89804 0.77647 0.66275
0.89804 0.78039 0.66275
0.88627 0.78039 0.65882
0.8902 0.78431 0.67059
0.89412 0.78431 0.67059
0.90196 0.78431 0.67059
0.90588 0.78824 0.67451
0.90588 0.79216 0.67451
0.9098 0.78824 0.67451
0.91765 0.79608 0.68235
0.91765 0.79608 0.67451
0.90196 0.77647 0.6549
0.90196 0.78039 0.65882
0.8902 0.76863 0.64706
0.9098 0.78824 0.66667
0.92941 0.80784 0.68627
0.91765 0.79216 0.67059
0.9098 0.78431 0.66275
0.89412 0.78039 0.66275
0.9098 0.79608 0.67843
0.90196 0.78824 0.67059
0.90196 0.78039 0.66667
0.89412 0.78039 0.66275
0.8902 0.78039 0.66275
0.88235 0.78039 0.65882
0.89804 0.79216 0.67451
0.9098 0.79608 0.67843
0.9098 0.79608 0.67843
0.9098 0.79608 0.67843
0.91373 0.79216 0.67843
0.89804 0.77647 0.65882
0.89804 0.77647 0.6549
0.89804 0.77647 0.6549
0.90588 0.78431 0.66275
0.90196 0.78039 0.65882
0.90196 0.78039 0.65882
0.89804 0.77647 0.6549
0.91373 0.79216 0.67059
0.90588 0.78431 0.66275
0.89804 0.78039 0.67059
0.89804 0.78039 0.67059
0.89804 0.77647 0.66667
0.90588 0.78824 0.67843
0.89804 0.78824 0.67451
0.89412 0.78824 0.67059
0.89804 0.79216 0.67451
0.90588 0.8 0.68235
0.9098 0.8 0.68235
0.90588 0.79216 0.67451
0.90196 0.78824 0.67059
0.89804 0.78039 0.66667
0.89804 0.78431 0.66275
0.90196 0.78824 0.66275
0.89412 0.78431 0.65098
0.90196 0.79216 0.65882
0.91373 0.79216 0.66275
0.90196 0.77255 0.64314
0.91765 0.79608 0.67451
0.9098 0.78824 0.67059
0.8902 0.77255 0.66275
0.89412 0.77647 0.66667
0.89804 0.77647 0.66667
0.90588 0.78824 0.67843
0.90196 0.79216 0.67843
0.89412 0.78824 0.67059
0.8902 0.78431 0.66667
0.89804 0.79216 0.67451
0.90588 0.79608 0.67843
0.90588 0.79216 0.67451
0.9098 0.79608 0.67843
0.91765 0.80392 0.68627
0.90196 0.78824 0.67059
0.90196 0.78431 0.65882
0.9098 0.8 0.66667
0.91373 0.8 0.66667
0.93725 0.81961 0.6902
0.8902 0.76078 0.63529
0.9098 0.78824 0.66275
0.90196 0.78039 0.65882
0.89804 0.77647 0.67059
0.90196 0.78039 0.67059
0.89412 0.77647 0.66667
0.88627 0.77647 0.66667
0.89412 0.78824 0.67451
0.89804 0.79216 0.67451
0.89412 0.78824 0.67059
0.90588 0.79216 0.67451
0.91765 0.8 0.68235
0.91373 0.8 0.68235
0.90196 0.78824 0.67059
0.88235 0.76863 0.64706
0.89412 0.78039 0.6549
0.91373 0.79608 0.66667
0.89804 0.77647 0.6549
0.9098 0.78824 0.66667
0.87059 0.7451 0.62353
0.87451 0.75294 0.63137
0.90588 0.78824 0.65882
0.90196 0.78431 0.67059
0.89412 0.78431 0.66667
0.88627 0.78431 0.66667
0.89804 0.79608 0.67843
0.89804 0.79216 0.67451
0.90196 0.79608 0.67843
0.9098 0.8 0.68235
0.9098 0.79608 0.67843
0.90196 0.78824 0.67059
0.90588 0.79216 0.67451
0.89412 0.77255 0.65098
0.9098 0.78824 0.66667
0.90588 0.78824 0.66275
0.87059 0.74902 0.62745
0.88627 0.76471 0.64314
0.89412 0.77255 0.65098
0.9098 0.78824 0.66667
0.92157 0.80392 0.67843
