0.2 0.31765 0.46667
0.2 0.31765 0.46275
0.20392 0.32157 0.47059
0.21569 0.33333 0.48235
0.21569 0.32549 0.47451
0.19216 0.3098 0.46275
0.19608 0.3098 0.46275
0.20784 0.32157 0.47451
0.21569 0.32941 0.48235
0.2 0.31373 0.46667
0.21569 0.31765 0.47451
0.2 0.3098 0.46667
0.20392 0.31373 0.47059
0.21176 0.32157 0.47843
0.20784 0.31765 0.47451
0.20392 0.31373 0.47059
0.20392 0.31373 0.47059
0.19216 0.30196 0.4549
0.21569 0.33725 0.4902
0.21176 0.32549 0.48235
0.20392 0.31373 0.47059
0.2 0.3098 0.46667
0.20392 0.31373 0.47059
0.20392 0.31373 0.47059
0.21176 0.32157 0.47843
0.20784 0.31765 0.47451
0.19608 0.30588 0.45882
0.18824 0.29804 0.44706
0.2 0.31765 0.45882
0.21176 0.33725 0.4902
0.20392 0.33333 0.48627
0.20392 0.32157 0.47451
0.2 0.3098 0.46667
0.20392 0.31373 0.47059
0.21569 0.32549 0.48235
0.21176 0.32157 0.47843
0.21176 0.32157 0.47451
0.20392 0.31373 0.47059
0.18824 0.29804 0.45098
0.18824 0.30196 0.45098
0.19608 0.31373 0.4549
0.19216 0.3098 0.4549
0.22745 0.34902 0.50588
0.21176 0.34118 0.4902
0.20784 0.32941 0.48235
0.20392 0.31373 0.47059
0.2 0.3098 0.46275
0.20392 0.31373 0.46667
0.21569 0.32549 0.47843
0.21176 0.32157 0.47451
0.20784 0.31765 0.47059
0.20392 0.31373 0.46667
0.19216 0.30196 0.4549
0.18824 0.29804 0.44706
0.18824 0.29804 0.43922
0.18824 0.29804 0.44314
0.18039 0.2902 0.43529
0.23137 0.3451 0.5098
0.22745 0.3451 0.50588
0.21961 0.34118 0.49412
0.21961 0.33333 0.4902
0.21569 0.32549 0.48235
0.2 0.3098 0.46275
0.20392 0.31373 0.46667
0.21569 0.32549 0.47843
0.21176 0.32157 0.47451
0.2 0.3098 0.46275
0.19608 0.30588 0.45882
0.19608 0.30588 0.45882
0.19608 0.30588 0.4549
0.18824 0.29804 0.44314
0.2 0.3098 0.45882
0.18824 0.29804 0.44706
0.18039 0.2902 0.43922
0.22745 0.34118 0.50588
0.23529 0.34902 0.5098
0.23137 0.34118 0.49804
0.23529 0.34118 0.49804
0.22353 0.32941 0.48627
0.20784 0.31765 0.47059
0.20392 0.31373 0.46667
0.21961 0.32941 0.48235
0.20784 0.31765 0.47059
0.2 0.3098 0.46275
0.18824 0.29804 0.45098
0.19216 0.30196 0.4549
0.19216 0.30588 0.4549
0.19216 0.30196 0.44706
0.19216 0.30196 0.45098
0.18431 0.29412 0.44706
0.18431 0.29412 0.44706
0.23529 0.34902 0.5098
0.23137 0.3451 0.50196
0.23529 0.3451 0.50588
0.23529 0.3451 0.50196
0.23137 0.34118 0.49412
0.22353 0.33333 0.48627
0.21176 0.31765 0.47059
0.20784 0.31765 0.47059
0.21176 0.32157 0.47451
0.20392 0.3098 0.46275
0.20784 0.31765 0.47059
0.2 0.3098 0.46275
0.18431 0.30196 0.45098
0.18039 0.29804 0.44706
0.18431 0.30196 0.45098
0.17647 0.29412 0.44314
0.18039 0.29412 0.44706
0.18824 0.29412 0.44706
0.19608 0.29412 0.44706
0.24314 0.35686 0.51373
0.23137 0.3451 0.50196
0.23137 0.3451 0.50196
0.23137 0.3451 0.49804
0.21961 0.33725 0.48627
0.20784 0.32941 0.47843
0.2 0.31765 0.46667
0.20392 0.31373 0.46667
0.20784 0.31765 0.47059
0.20784 0.32157 0.47451
0.19608 0.3098 0.46275
0.19608 0.30588 0.45882
0.18039 0.29804 0.44706
0.18431 0.30196 0.45098
0.18431 0.30196 0.45098
0.18039 0.30588 0.4549
0.17255 0.29412 0.44314
0.18431 0.30196 0.45098
0.19608 0.29804 0.44314
0.24706 0.36078 0.51765
0.23529 0.34902 0.50588
0.23137 0.3451 0.50196
0.21961 0.34118 0.49412
0.21569 0.33725 0.48627
0.20392 0.32941 0.47843
0.19216 0.32157 0.47059
0.2 0.31765 0.47059
0.21569 0.32157 0.47451
0.20784 0.32157 0.47059
0.18824 0.30588 0.4549
0.19608 0.31373 0.46275
0.19216 0.3098 0.45882
0.18039 0.29804 0.44706
0.18039 0.29804 0.44706
0.18431 0.30588 0.4549
0.17255 0.28627 0.43922
0.17647 0.28627 0.43922
0.17255 0.28235 0.43529
0.1451 0.33333 0.50196
0.23137 0.35294 0.50588
0.22745 0.35294 0.50196
0.21961 0.34902 0.49804
0.21569 0.34118 0.4902
0.2 0.32549 0.47451
0.2 0.32157 0.47059
0.2 0.32157 0.47059
0.20392 0.32549 0.47451
0.20392 0.32157 0.47059
0.2 0.31765 0.46667
0.2 0.3098 0.46275
0.19216 0.30588 0.45882
0.18039 0.29804 0.44706
0.18039 0.29804 0.44706
0.18431 0.29804 0.45098
0.19216 0.30196 0.45882
0.17647 0.28627 0.43922
0.16471 0.28627 0.43922
0.17647 0.37255 0.56078
0.21961 0.3451 0.49804
0.22353 0.34902 0.49804
0.22353 0.34902 0.49804
0.20784 0.33333 0.48235
0.2 0.32549 0.47451
0.19608 0.31765 0.46667
0.2 0.32157 0.46667
0.21176 0.32941 0.47843
0.2 0.31765 0.46667
0.19608 0.3098 0.46275
0.2 0.3098 0.46275
0.18824 0.30588 0.4549
0.18039 0.29804 0.44706
0.18039 0.29804 0.44706
0.18824 0.29804 0.45098
0.18824 0.29804 0.45098
0.17255 0.28235 0.43922
0.17647 0.29412 0.45098
0.094118 0.27451 0.47059
0.22353 0.34902 0.49804
0.21569 0.34118 0.4902
0.21176 0.33725 0.48627
0.20392 0.33333 0.48235
0.20392 0.33333 0.48235
0.20392 0.32157 0.47451
0.20392 0.31373 0.46667
0.20392 0.32157 0.47059
0.2 0.31373 0.46667
0.20392 0.31373 0.46667
0.18824 0.30588 0.44706
0.18039 0.30196 0.44314
0.18039 0.29804 0.43922
0.19216 0.30588 0.44706
0.18824 0.29804 0.45098
0.18431 0.29412 0.4549
0.14118 0.25882 0.43137
0.082353 0.26667 0.47059
0.22353 0.3451 0.49412
0.21961 0.33725 0.48627
0.20784 0.33333 0.48235
0.20784 0.33725 0.48235
0.21176 0.32549 0.47843
0.20784 0.32157 0.47451
0.2 0.31373 0.46667
0.19608 0.31373 0.46275
0.20392 0.31765 0.46667
0.19608 0.3098 0.4549
0.18039 0.29412 0.43922
0.18039 0.29412 0.44314
0.18824 0.30588 0.45098
0.18824 0.30196 0.45098
0.16471 0.27843 0.44314
0.070588 0.19608 0.38039
0.1098 0.32157 0.53725
0.22745 0.3451 0.49412
0.21961 0.33725 0.48627
0.21176 0.32941 0.47843
0.20784 0.32549 0.47451
0.20392 0.32549 0.47059
0.20784 0.32549 0.47451
0.2 0.31373 0.47059
0.20392 0.32157 0.47059
0.2 0.31765 0.45882
0.19216 0.30196 0.44706
0.18039 0.2902 0.43922
0.18824 0.29804 0.45098
0.18824 0.29804 0.44706
0.16078 0.28235 0.43529
0.07451 0.20392 0.38431
0.039216 0.17647 0.36863
0.21961 0.33725 0.48627
0.20392 0.32157 0.47059
0.19608 0.31373 0.46275
0.19608 0.31373 0.46275
0.20392 0.32157 0.47059
0.20392 0.31373 0.47059
0.19608 0.31373 0.46275
0.2 0.31765 0.45882
0.19216 0.30196 0.44706
0.18824 0.29804 0.44706
0.19216 0.29804 0.4549
0.16471 0.27451 0.43137
0.058824 0.19216 0.36863
0.023529 0.16471 0.36471
0.027451 0.16863 0.37255
0.21176 0.32941 0.47843
0.2 0.31765 0.47059
0.18431 0.30588 0.4549
0.19608 0.31765 0.45882
0.18431 0.29804 0.43922
0.18431 0.29804 0.44314
0.21961 0.32157 0.47451
0.11765 0.23137 0.39216
0.011765 0.16471 0.35686
0.019608 0.16471 0.36863
0.031373 0.17647 0.38431
0.18824 0.3098 0.4549
0.19608 0.31765 0.4549
0.18824 0.30588 0.44706
0.18431 0.30196 0.43529
0.25098 0.3451 0.48627
0.15686 0.26667 0.41176
0.0078431 0.16863 0.36078
0.011765 0.16471 0.36078
0.035294 0.22353 0.42353
0.2 0.31765 0.45882
0.19216 0.31373 0.4549
0.18431 0.29412 0.44314
0.28627 0.37255 0.49804
0.23137 0.32941 0.45882
0.0039216 0.15686 0.3451
0 0.16078 0.35294
0.090196 0.31765 0.51373
0.18039 0.29804 0.44706
0.18824 0.29412 0.44706
0.3098 0.38824 0.50588
0.2549 0.3451 0.46275
0.015686 0.16471 0.3451
0.019608 0.18824 0.37255
0.19608 0.30588 0.4549
0.21961 0.31373 0.43529
0.36863 0.42745 0.51765
0.26275 0.34902 0.45098
0.023529 0.18824 0.36863
0.043137 0.21961 0.40392
0.1098 0.38431 0.59608
0.4902 0.49804 0.54118
0.36078 0.41961 0.50588
0.070588 0.25098 0.42745
0.035294 0.23922 0.41176
0.098039 0.36863 0.57647
0.43529 0.46667 0.54118
0.47059 0.47059 0.49804
0.59216 0.56471 0.57647
0.65882 0.68235 0.7451
0.098039 0.27843 0.44314
0.05098 0.2549 0.44314
0.10196 0.36078 0.57647
0.67451 0.6549 0.64706
0.55686 0.52941 0.52941
0.6549 0.62745 0.62353
0.70588 0.74118 0.78039
0.11765 0.2902 0.45882
0.066667 0.28235 0.47059
0.090196 0.37255 0.57255
0.76078 0.72549 0.6902
0.63529 0.60784 0.58431
0.68627 0.65882 0.63529
0.71373 0.75294 0.78431
0.12941 0.31765 0.49412
0.07451 0.30196 0.50196
0.76471 0.72549 0.67843
0.8 0.76078 0.72157
0.71373 0.67843 0.65882
0.73333 0.70196 0.67059
0.72157 0.78039 0.8
0.14902 0.37255 0.55686
0.07451 0.33725 0.54902
0.84314 0.80392 0.75686
0.81569 0.78039 0.73725
0.78039 0.7451 0.71373
0.79216 0.75294 0.72549
0.74118 0.79216 0.81961
0.90588 0.87451 0.83137
0.84706 0.81569 0.77255
0.80784 0.77255 0.73333
0.82745 0.78824 0.75294
0.76471 0.81176 0.83922
0.66275 0.63529 0.6
0.93333 0.89804 0.8549
0.88235 0.85098 0.81176
0.82353 0.79216 0.74902
0.84706 0.81176 0.76471
0.78824 0.83529 0.84706
0.66275 0.65882 0.6549
0.64706 0.65882 0.63529
0.79608 0.77647 0.72549
0.93333 0.90196 0.85098
0.89804 0.86667 0.82353
0.85882 0.82745 0.78039
0.87843 0.84314 0.78824
0.81961 0.86667 0.86667
0.33725 0.40784 0.50196
0.67451 0.67059 0.68627
0.95686 0.91373 0.87451
0.92157 0.8902 0.83922
0.8902 0.85882 0.80784
0.90196 0.86667 0.81176
0.83137 0.87059 0.86667
0.25098 0.34902 0.49412
0.23137 0.35294 0.50588
0.21176 0.33725 0.4902
0.20784 0.33333 0.48627
0.20392 0.32941 0.48235
0.20392 0.32549 0.47843
0.19608 0.31765 0.47059
0.20392 0.32549 0.48235
0.16863 0.2902 0.44314
0.51765 0.54902 0.61176
0.97647 0.93725 0.88235
0.93333 0.89804 0.83529
0.9098 0.87451 0.81569
0.91765 0.87843 0.81569
0.82353 0.85882 0.8549
0.27843 0.38431 0.5098
0.23137 0.35294 0.50196
0.23137 0.3451 0.49412
0.22745 0.34902 0.49804
0.22353 0.3451 0.49412
0.22745 0.33333 0.48235
0.21569 0.32549 0.47843
0.22353 0.33725 0.4902
0.21176 0.32157 0.47059
0.31373 0.36863 0.46667
0.88627 0.87451 0.85098
0.95686 0.92549 0.8549
0.92941 0.89804 0.83529
0.92549 0.8902 0.82745
0.83137 0.86667 0.86275
0.26275 0.37647 0.5098
0.23922 0.35686 0.50196
0.23529 0.35294 0.50196
0.22745 0.3451 0.49412
0.22745 0.3451 0.49412
0.22353 0.33333 0.48627
0.22353 0.33333 0.48627
0.22353 0.33725 0.4902
0.21961 0.32941 0.47451
0.19608 0.29412 0.43529
0.54902 0.58039 0.63529
0.99216 0.96078 0.92941
0.94902 0.9098 0.85882
0.94118 0.89804 0.83529
0.86667 0.88235 0.86667
0.26275 0.36863 0.50588
0.2549 0.36471 0.52157
0.24706 0.36078 0.50196
0.23137 0.34902 0.49804
0.22745 0.3451 0.49412
0.23137 0.3451 0.49804
0.22745 0.33725 0.4902
0.23137 0.34118 0.49412
0.22745 0.33725 0.4902
0.21961 0.32941 0.47451
0.20784 0.31765 0.47843
0.66667 0.67843 0.73725
0.98039 0.96863 0.93333
0.98039 0.93333 0.86667
0.90196 0.89804 0.87451
0.2902 0.38824 0.49804
0.26275 0.38039 0.53725
0.25882 0.37255 0.51765
0.24706 0.36078 0.50588
0.23922 0.35686 0.50588
0.23137 0.35294 0.49804
0.22745 0.34902 0.49804
0.22353 0.34118 0.4902
0.22745 0.33725 0.4902
0.22353 0.33725 0.48627
0.21961 0.33725 0.48627
0.21176 0.32549 0.46275
0.2 0.31765 0.46275
0.45882 0.52157 0.59608
0.83922 0.8549 0.84706
0.91765 0.93333 0.92549
0.23137 0.30588 0.44706
0.21961 0.29804 0.43137
0.24314 0.32157 0.45882
0.27059 0.36863 0.51373
0.27059 0.38039 0.53333
0.2549 0.36863 0.51765
0.25098 0.37255 0.51765
0.22745 0.35294 0.50196
0.22745 0.35294 0.50196
0.22745 0.35294 0.50196
0.21569 0.33725 0.4902
0.20784 0.33333 0.48627
0.21176 0.32941 0.47843
0.21176 0.32941 0.47843
0.20784 0.32549 0.47059
0.8549 0.86275 0.88235
0.24314 0.32157 0.45882
0.23529 0.31765 0.44706
0.23137 0.3098 0.45098
0.26667 0.36471 0.5098
0.26667 0.37647 0.52941
0.2549 0.36863 0.51765
0.25098 0.37255 0.52157
0.23529 0.36471 0.51373
0.22745 0.35294 0.50196
0.21961 0.3451 0.49412
0.21176 0.33725 0.4902
0.21961 0.33725 0.4902
0.68627 0.72941 0.76863
0.23529 0.31765 0.45098
0.23137 0.31373 0.45098
0.26275 0.36471 0.50588
0.26667 0.37647 0.52549
0.25882 0.37255 0.52549
0.25098 0.37255 0.52157
0.23922 0.36471 0.51373
0.22353 0.32157 0.4549
0.25882 0.36471 0.5098
0.27843 0.38431 0.53725
0.25882 0.37255 0.52157
0.24706 0.36471 0.51373
0.23922 0.36471 0.51373
0.22745 0.32549 0.45098
0.25882 0.36471 0.5098
0.27059 0.38431 0.53725
0.25098 0.37255 0.52157
0.24314 0.36863 0.51765
