0.64706 0.73333 0.82353
0.64706 0.73333 0.82353
0.64706 0.73333 0.82353
0.65098 0.73725 0.82745
0.64706 0.73333 0.82353
0.65098 0.73333 0.82353
0.64706 0.73333 0.82353
0.64314 0.72941 0.81961
0.64314 0.72941 0.81961
0.65098 0.73725 0.82745
0.64314 0.73333 0.81961
0.65098 0.73333 0.82745
0.64314 0.72941 0.81961
0.64314 0.72941 0.81961
0.63922 0.72549 0.81961
0.63922 0.72549 0.81569
0.64706 0.73333 0.82353
0.65882 0.74118 0.83137
0.65882 0.73725 0.82745
0.64706 0.73725 0.83137
0.64314 0.72941 0.82353
0.64706 0.73333 0.82745
0.63922 0.72549 0.81569
0.64706 0.73333 0.81961
0.64314 0.73333 0.82745
0.64706 0.72941 0.82353
0.64314 0.72941 0.82353
0.64314 0.72941 0.81961
0.64706 0.73333 0.81961
0.65098 0.73725 0.83137
0.64706 0.73333 0.82745
0.64314 0.72941 0.82353
0.64314 0.72941 0.81569
0.64314 0.72941 0.82353
0.64706 0.72941 0.81961
0.65098 0.73333 0.82745
