0.2549 0.23922 0.14902
0.40784 0.38039 0.34118
0.18824 0.18431 0.086275
0.4 0.39216 0.32157
0.2549 0.25098 0.18431
0.25098 0.23922 0.18824
0.33725 0.3098 0.26667
0.3451 0.26275 0.23529
0.31765 0.2 0.18431
0.2 0.2 0.10588
0.33725 0.32941 0.26667
0.18824 0.19216 0.11373
0.16863 0.16471 0.098039
0.17647 0.16471 0.11765
0.14118 0.12549 0.07451
0.23922 0.18431 0.1451
0.27059 0.17255 0.15294
0.34118 0.23137 0.18039
0.31373 0.3098 0.22353
0.38431 0.38431 0.30196
0.2 0.19608 0.13333
0.31765 0.30588 0.2549
0.24314 0.23137 0.17647
0.23137 0.23529 0.16863
0.18039 0.18824 0.11765
0.12549 0.12549 0.066667
0.11373 0.10588 0.058824
0.18039 0.16471 0.1098
0.19608 0.18039 0.12549
0.21961 0.18039 0.12549
0.25098 0.18039 0.11765
0.36078 0.35294 0.25882
0.3098 0.30196 0.21961
0.26275 0.26667 0.19608
0.1098 0.11765 0.082353
0.24706 0.25098 0.19216
0.20392 0.21176 0.13333
0.16078 0.16863 0.1098
0.18824 0.2 0.1451
0.10588 0.11765 0.066667
0.11373 0.11765 0.070588
0.14902 0.1451 0.090196
0.2 0.19216 0.12549
0.18431 0.17647 0.098039
0.23137 0.19608 0.12157
0.42353 0.41569 0.3098
0.27059 0.26275 0.18039
0.17647 0.18039 0.12549
0.14902 0.16078 0.11373
0.14902 0.15686 0.10196
0.14902 0.16471 0.090196
0.13333 0.1451 0.078431
0.20392 0.20784 0.16078
0.1098 0.1098 0.070588
0.10588 0.10588 0.062745
0.11373 0.11765 0.062745
0.16078 0.17255 0.10196
0.22353 0.23137 0.14902
0.3451 0.32941 0.26275
0.41961 0.36078 0.28627
0.35294 0.31373 0.28235
0.32157 0.26667 0.24314
0.28235 0.24314 0.18824
0.29412 0.26667 0.18431
0.2902 0.27843 0.18039
0.18824 0.20392 0.11765
0.16471 0.18824 0.11373
0.11765 0.11765 0.062745
0.11765 0.11373 0.07451
0.13333 0.13725 0.098039
0.15294 0.15686 0.1098
0.13725 0.13333 0.086275
0.13333 0.11765 0.082353
0.13725 0.13333 0.086275
0.16078 0.16863 0.10196
0.17647 0.18824 0.11765
0.19216 0.19608 0.12941
0.20392 0.18039 0.14902
0.27451 0.20784 0.2
0.24314 0.2 0.15686
0.20392 0.17647 0.13333
0.20392 0.18431 0.14902
0.2549 0.20392 0.18824
0.2902 0.22745 0.19216
0.23137 0.20784 0.13725
0.14118 0.16078 0.07451
0.16078 0.18431 0.10588
0.15686 0.18824 0.098039
0.1098 0.12549 0.054902
0.11765 0.11765 0.066667
0.12941 0.12941 0.090196
0.13725 0.13333 0.098039
0.19216 0.18824 0.13333
0.14902 0.1451 0.086275
0.22353 0.23529 0.15686
0.17647 0.19608 0.094118
0.1451 0.15686 0.078431
0.16863 0.16863 0.10588
0.17647 0.15686 0.12941
0.18039 0.12157 0.13333
0.3451 0.33333 0.23922
0.25882 0.26667 0.15686
0.20784 0.20392 0.12941
0.19216 0.15294 0.12157
0.3451 0.28627 0.25098
0.26667 0.23137 0.17647
0.15294 0.16863 0.086275
0.12549 0.13725 0.058824
0.15686 0.17647 0.086275
0.13725 0.15294 0.086275
0.094118 0.090196 0.05098
0.10196 0.094118 0.043137
0.1451 0.13333 0.090196
0.24314 0.24314 0.16471
0.18824 0.19608 0.10588
0.20392 0.21961 0.12157
0.16078 0.17647 0.07451
0.16471 0.17255 0.094118
0.16471 0.16078 0.10196
0.14902 0.14118 0.086275
0.15294 0.13725 0.10196
0.34902 0.3451 0.22353
0.25882 0.27843 0.15294
0.23922 0.24706 0.14902
0.22353 0.20392 0.13333
0.23137 0.20392 0.13725
0.18824 0.18039 0.1098
0.12157 0.12941 0.05098
0.22353 0.24314 0.1451
0.17255 0.17647 0.10196
0.1098 0.094118 0.054902
0.12157 0.10588 0.058824
0.12941 0.11765 0.07451
0.19216 0.19608 0.1098
0.24314 0.2549 0.1451
0.21961 0.23529 0.11765
0.21569 0.23529 0.12157
0.19608 0.20784 0.10588
0.16471 0.16471 0.094118
0.16471 0.15686 0.098039
0.16471 0.15686 0.1098
0.32157 0.26667 0.21176
0.34118 0.29804 0.23137
0.36863 0.35294 0.25882
0.26275 0.26667 0.16471
0.16471 0.16471 0.078431
0.17255 0.16471 0.082353
0.23137 0.21176 0.13333
0.19608 0.19608 0.12157
0.11373 0.12549 0.062745
0.14118 0.15686 0.070588
0.26667 0.25882 0.19216
0.17647 0.14902 0.11373
0.17647 0.15294 0.1098
0.1451 0.13333 0.090196
0.20784 0.21176 0.12549
0.24314 0.25882 0.13725
0.22353 0.24706 0.1098
0.15294 0.17255 0.058824
0.16078 0.16863 0.082353
0.18431 0.18824 0.11373
0.18039 0.17647 0.1098
0.15686 0.14902 0.10196
0.17647 0.14902 0.11765
0.32549 0.29804 0.21569
0.29412 0.27843 0.20784
0.22745 0.21569 0.15294
0.17255 0.16471 0.098039
0.16863 0.16471 0.082353
0.19216 0.19216 0.10588
0.16863 0.18039 0.10196
0.098039 0.10588 0.054902
0.11373 0.1098 0.062745
0.1451 0.12549 0.078431
0.23137 0.19608 0.14902
0.14118 0.12941 0.082353
0.16471 0.14902 0.10196
0.2 0.21569 0.12157
0.19216 0.21569 0.086275
0.26667 0.2902 0.15686
0.19608 0.20784 0.098039
0.17255 0.17255 0.090196
0.16078 0.16078 0.10588
0.11373 0.098039 0.082353
0.11765 0.10196 0.090196
0.12941 0.098039 0.090196
0.36471 0.35294 0.24314
0.25098 0.24706 0.14118
0.18431 0.18039 0.10588
0.18431 0.18431 0.11765
0.16863 0.16863 0.10196
0.14118 0.14902 0.07451
0.10588 0.11373 0.054902
0.10588 0.11373 0.070588
0.1098 0.10588 0.082353
0.11765 0.10588 0.07451
0.1451 0.12549 0.090196
0.11765 0.10588 0.070588
0.11765 0.10588 0.066667
0.18039 0.18824 0.11765
0.27059 0.2902 0.17647
0.25098 0.27843 0.15294
0.2 0.20784 0.094118
0.19216 0.18431 0.086275
0.21176 0.20784 0.1451
0.12157 0.098039 0.090196
0.1098 0.086275 0.082353
0.15294 0.11765 0.11373
0.48235 0.41569 0.35686
0.47059 0.4549 0.33725
0.27843 0.27843 0.16863
0.16471 0.16863 0.090196
0.13725 0.14118 0.07451
0.18039 0.18824 0.11765
0.16471 0.17647 0.10196
0.15686 0.17255 0.10588
0.1098 0.12157 0.070588
0.098039 0.10196 0.070588
0.094118 0.094118 0.066667
0.070588 0.086275 0.05098
0.086275 0.090196 0.047059
0.11373 0.13725 0.082353
0.12941 0.12941 0.090196
0.14118 0.15294 0.086275
0.18431 0.20392 0.1098
0.16863 0.17647 0.070588
0.24706 0.25882 0.1451
0.35686 0.36863 0.2902
0.14902 0.14118 0.11373
0.12157 0.090196 0.078431
0.16078 0.12941 0.12157
0.30196 0.24706 0.18431
0.21176 0.21176 0.12157
0.1451 0.14902 0.062745
0.14902 0.14902 0.07451
0.18431 0.18039 0.11765
0.15294 0.14902 0.086275
0.11765 0.12549 0.07451
0.11373 0.12157 0.078431
0.086275 0.094118 0.058824
0.086275 0.098039 0.062745
0.07451 0.094118 0.05098
0.090196 0.10196 0.054902
0.1451 0.16471 0.11373
0.13333 0.14118 0.098039
0.12549 0.13725 0.086275
0.10588 0.12157 0.05098
0.14902 0.15686 0.062745
0.22745 0.21961 0.11373
0.14902 0.13725 0.078431
0.18431 0.15686 0.13725
0.15294 0.12157 0.10588
0.17647 0.1451 0.12941
0.25882 0.21569 0.16863
0.12941 0.1451 0.062745
0.14118 0.15294 0.082353
0.1451 0.15294 0.090196
0.11765 0.11765 0.066667
0.10588 0.11373 0.07451
0.078431 0.082353 0.05098
0.086275 0.094118 0.062745
0.082353 0.094118 0.058824
0.090196 0.10196 0.062745
0.094118 0.10588 0.062745
0.10196 0.1098 0.066667
0.12941 0.13725 0.094118
0.11765 0.12549 0.082353
0.17647 0.20392 0.13725
0.2 0.23529 0.13333
0.2 0.20784 0.11765
0.11373 0.1098 0.066667
0.15294 0.14118 0.11765
0.21569 0.20392 0.16471
0.15686 0.14118 0.098039
0.21961 0.18824 0.14118
0.15294 0.18039 0.10588
0.12549 0.13725 0.078431
0.12157 0.11765 0.07451
0.1098 0.1098 0.07451
0.094118 0.10196 0.070588
0.10588 0.11373 0.078431
0.086275 0.098039 0.062745
0.086275 0.098039 0.054902
0.10196 0.11373 0.066667
0.10588 0.11373 0.070588
0.11765 0.12549 0.082353
0.10196 0.10196 0.070588
0.082353 0.098039 0.05098
0.16471 0.18824 0.11765
0.15686 0.16863 0.10588
0.098039 0.10196 0.066667
0.10588 0.098039 0.078431
0.16471 0.15686 0.11373
0.20392 0.19608 0.1451
0.10196 0.10588 0.054902
0.12941 0.11373 0.07451
0.12549 0.11373 0.078431
0.12549 0.12941 0.094118
0.086275 0.094118 0.062745
0.07451 0.082353 0.047059
0.078431 0.086275 0.047059
0.086275 0.098039 0.054902
0.11373 0.12157 0.078431
0.10588 0.1098 0.066667
0.10588 0.1098 0.078431
0.082353 0.078431 0.054902
0.10588 0.10196 0.058824
0.14118 0.15294 0.086275
0.12941 0.12941 0.094118
0.1098 0.1098 0.062745
0.10588 0.098039 0.05098
0.082353 0.082353 0.035294
0.090196 0.098039 0.05098
0.10196 0.1098 0.062745
0.086275 0.094118 0.05098
0.10196 0.1098 0.066667
0.12941 0.13333 0.090196
0.12549 0.12549 0.090196
0.086275 0.082353 0.047059
0.11373 0.11373 0.082353
0.13725 0.15294 0.094118
0.16471 0.18824 0.094118
0.23922 0.25882 0.16471
0.070588 0.082353 0.031373
0.13725 0.14118 0.094118
0.1451 0.14902 0.098039
0.098039 0.10588 0.05098
0.10196 0.11373 0.058824
0.11765 0.12157 0.070588
0.12941 0.12941 0.086275
0.14118 0.13333 0.098039
0.18824 0.23922 0.098039
0.16863 0.17647 0.12157
0.2 0.21176 0.14902
0.12157 0.13725 0.070588
0.13725 0.14902 0.082353
0.16078 0.18039 0.098039
