0.57255 0.53725 0.51373
0.57647 0.5451 0.52941
0.57255 0.5451 0.52157
0.56078 0.52941 0.52549
0.56863 0.53725 0.53725
0.56863 0.53725 0.52157
0.56078 0.53333 0.5098
0.50588 0.47843 0.50196
0.52549 0.50196 0.52549
0.52549 0.50588 0.52549
0.52941 0.5098 0.52549
0.54118 0.52549 0.52157
0.54118 0.52157 0.51373
0.52157 0.5098 0.50588
0.52157 0.50196 0.51373
0.52941 0.5098 0.51765
0.52549 0.5098 0.51373
0.53725 0.52157 0.52157
0.52157 0.51765 0.50588
0.54118 0.51765 0.52157
0.51373 0.49804 0.50196
0.51765 0.50196 0.50588
0.52549 0.5098 0.51765
0.51373 0.50588 0.51373
0.6 0.57255 0.56078
0.67843 0.65098 0.61569
0.75686 0.71373 0.65098
0.81961 0.75686 0.6902
0.84314 0.78039 0.69804
