0.56078 0.6902 0.81961
0.55294 0.68627 0.81569
0.55294 0.6902 0.81569
0.55686 0.68627 0.81569
0.55686 0.6902 0.81569
0.56078 0.69412 0.81961
0.55294 0.68235 0.81176
0.56078 0.68627 0.81569
0.55294 0.68235 0.81176
0.55294 0.68627 0.81569
0.56078 0.6902 0.81961
0.56078 0.6902 0.81961
0.55686 0.6902 0.81961
0.56078 0.6902 0.81961
0.55686 0.68627 0.81569
0.56078 0.6902 0.81961
0.55686 0.68627 0.81569
0.56078 0.6902 0.81961
0.55294 0.68235 0.81176
0.55686 0.68627 0.81569
0.55686 0.68627 0.81569
0.55294 0.68235 0.81569
0.55686 0.68627 0.81569
0.56078 0.6902 0.82353
0.55686 0.68627 0.81569
0.56078 0.6902 0.81961
