0.47843 0.60784 0.76863
0.47843 0.60784 0.76863
0.47059 0.60392 0.76471
0.47059 0.6 0.76078
0.48235 0.61176 0.77255
0.47843 0.60784 0.76863
0.48235 0.61176 0.77255
0.47059 0.60392 0.76863
0.47059 0.60784 0.77255
0.47059 0.60392 0.76471
0.47059 0.6 0.76078
0.47059 0.6 0.76078
0.47843 0.60784 0.76863
0.48235 0.61176 0.77255
0.48235 0.61176 0.77255
0.46667 0.6 0.76471
0.47059 0.60784 0.77255
0.47451 0.60392 0.76863
0.47451 0.60392 0.76471
0.47059 0.6 0.76078
0.47843 0.60784 0.76863
0.47843 0.60784 0.76863
0.48235 0.61176 0.77255
0.47843 0.60784 0.76471
0.45882 0.59608 0.76078
0.45882 0.6 0.76471
0.47451 0.6 0.76863
0.47059 0.60392 0.76863
0.46275 0.6 0.76471
0.46667 0.6 0.76078
0.47451 0.60784 0.76471
0.47451 0.60784 0.76863
0.47843 0.61176 0.76863
0.47843 0.60784 0.76863
0.48235 0.61176 0.77255
0.48235 0.61176 0.77255
0.45882 0.59608 0.76078
0.46275 0.6 0.76471
0.46667 0.59608 0.76471
0.46667 0.59608 0.76471
0.47059 0.60392 0.77255
0.46275 0.6 0.76471
0.46275 0.6 0.76078
0.47059 0.60784 0.76471
0.47059 0.61176 0.76863
0.47451 0.60784 0.76863
0.47451 0.60392 0.76471
0.47843 0.60784 0.76863
0.48235 0.61176 0.77255
0.48627 0.61569 0.77647
0.48235 0.61176 0.77647
0.45882 0.59608 0.76078
0.46275 0.6 0.76471
0.46275 0.6 0.76471
0.46275 0.6 0.76471
0.46667 0.60392 0.76863
0.46667 0.60392 0.76863
0.46275 0.60392 0.76863
0.45882 0.60392 0.76863
0.45882 0.60392 0.76863
0.46275 0.60784 0.76863
0.47059 0.61176 0.76471
0.47451 0.60784 0.76863
0.48235 0.61176 0.77255
0.48235 0.61176 0.77255
0.48627 0.61569 0.77647
0.48235 0.61176 0.77255
0.48627 0.61176 0.77647
0.45882 0.59216 0.76471
0.46275 0.59608 0.76863
0.45882 0.59608 0.76863
0.46275 0.6 0.76471
0.46667 0.60392 0.76863
0.46667 0.60392 0.76863
0.45882 0.6 0.76471
0.46275 0.60784 0.77255
0.46275 0.60784 0.77647
0.46275 0.60784 0.76863
0.47059 0.61569 0.76863
0.47843 0.61569 0.77255
0.48235 0.61176 0.77255
0.48627 0.61569 0.77647
0.48235 0.61176 0.77255
0.48235 0.61176 0.77255
0.46275 0.59608 0.77255
0.46667 0.6 0.77255
0.46275 0.59608 0.77255
0.46667 0.60392 0.76863
0.45882 0.59608 0.76078
0.46667 0.60392 0.76863
0.46275 0.60392 0.76863
0.46275 0.60784 0.77255
0.46667 0.61176 0.77647
0.46667 0.61569 0.77255
0.47451 0.61569 0.76863
0.48235 0.61569 0.77647
0.48627 0.61569 0.77647
0.48627 0.61569 0.77647
0.48627 0.61569 0.77647
0.45882 0.59608 0.76471
0.46667 0.60392 0.76863
0.45882 0.59608 0.76471
0.46275 0.6 0.76471
0.46275 0.6 0.76471
0.46667 0.60392 0.76863
0.47059 0.60784 0.77255
0.46667 0.60392 0.76863
0.46667 0.60392 0.76863
0.47451 0.61176 0.77255
0.47843 0.61176 0.76863
0.48627 0.61569 0.77647
0.48627 0.61569 0.77255
0.46275 0.6 0.76471
0.46275 0.6 0.76078
0.46667 0.60392 0.76863
0.46275 0.6 0.76471
0.46667 0.60392 0.76863
0.47059 0.60784 0.77255
0.46667 0.60392 0.76863
0.47059 0.60784 0.77255
0.47059 0.60784 0.77255
0.47451 0.60784 0.77255
0.48235 0.61176 0.77255
0.48235 0.61176 0.77255
0.48235 0.61176 0.76863
0.46667 0.60392 0.76863
0.46275 0.6 0.76471
0.47059 0.60784 0.77255
0.47451 0.61176 0.77647
0.47059 0.60784 0.77255
0.46667 0.60392 0.76863
0.47059 0.60784 0.77255
0.47451 0.61176 0.77647
0.47059 0.60784 0.77255
0.47451 0.60784 0.77255
0.47843 0.60784 0.76863
0.48235 0.61176 0.77255
0.48627 0.61569 0.77255
0.46275 0.59608 0.77255
0.46275 0.59608 0.76863
0.46275 0.59608 0.77255
0.47059 0.60784 0.77255
0.47451 0.61176 0.77255
0.46667 0.60392 0.76863
0.46667 0.60392 0.76471
0.47451 0.61176 0.77255
0.47059 0.60784 0.76863
0.47843 0.61569 0.77255
0.47843 0.61176 0.77255
0.48235 0.61176 0.77255
0.48627 0.61569 0.77255
0.46275 0.59608 0.77255
0.46667 0.6 0.77647
0.46667 0.6 0.77647
0.47059 0.60784 0.77255
0.47059 0.61176 0.77255
0.47059 0.60784 0.77255
0.46667 0.60392 0.76471
0.47451 0.61176 0.76471
0.47059 0.60784 0.76471
0.47059 0.61176 0.76863
0.47451 0.61176 0.76863
0.48235 0.61176 0.77255
0.48627 0.61569 0.77255
0.46667 0.6 0.77647
0.46275 0.59608 0.77255
0.46275 0.59608 0.77255
0.46667 0.60392 0.76863
0.46667 0.60392 0.76863
0.46667 0.60392 0.76863
0.47059 0.60784 0.76863
0.46667 0.60784 0.76471
0.47059 0.60784 0.76471
0.47059 0.60784 0.76471
0.47451 0.61176 0.76863
0.47843 0.61176 0.77255
0.48235 0.61176 0.77255
0.46275 0.59608 0.76863
0.45882 0.59608 0.76471
0.46667 0.6 0.76863
0.45882 0.6 0.76471
0.45882 0.60392 0.76863
0.46275 0.60392 0.76863
0.47451 0.60784 0.77255
0.47843 0.61176 0.77255
0.47451 0.60392 0.76471
0.47059 0.60392 0.76078
0.47843 0.61176 0.76863
0.48235 0.61569 0.77647
0.48627 0.61569 0.77255
0.46667 0.60392 0.76863
0.46667 0.60392 0.76863
0.46667 0.60392 0.76863
0.45882 0.60392 0.76863
0.45882 0.60392 0.76863
0.45882 0.60392 0.76863
0.47451 0.60784 0.77255
0.48627 0.61569 0.77647
0.48235 0.61176 0.77255
0.47451 0.60392 0.76471
0.47843 0.60784 0.76863
0.48627 0.61569 0.77647
0.48627 0.61569 0.77255
0.47059 0.6 0.76863
0.46667 0.6 0.76471
0.46667 0.6 0.76863
0.46667 0.60392 0.76863
0.46275 0.6 0.76471
0.46275 0.60392 0.76863
0.47059 0.60392 0.76863
0.47843 0.60784 0.76863
0.47843 0.60784 0.76863
0.47451 0.60392 0.76471
0.47843 0.60784 0.76863
0.48627 0.61569 0.77647
0.48627 0.61569 0.77255
0.4902 0.61569 0.76863
0.4902 0.61569 0.76863
0.46667 0.6 0.76863
0.47059 0.6 0.76863
0.47451 0.60392 0.77255
0.47059 0.60392 0.77255
0.47059 0.60392 0.77255
0.47059 0.60784 0.77255
0.47451 0.60392 0.76863
0.47843 0.61176 0.76863
0.47451 0.60784 0.76863
0.47843 0.61176 0.77255
0.47451 0.60784 0.76471
0.48235 0.61176 0.77255
0.48235 0.61176 0.77255
0.4902 0.61569 0.77255
0.46275 0.6 0.76471
0.47059 0.60392 0.76863
0.47843 0.60784 0.77647
0.48235 0.61176 0.78039
0.47843 0.60784 0.77647
0.47451 0.60392 0.77255
0.47451 0.60392 0.76863
0.47451 0.60784 0.76471
0.47059 0.61176 0.76863
0.47059 0.61569 0.76863
0.47059 0.60784 0.76471
0.47843 0.60784 0.76863
0.48627 0.61569 0.77647
0.49412 0.61961 0.78039
0.47059 0.60784 0.77255
0.47451 0.60784 0.77255
0.47451 0.60392 0.77255
0.47059 0.6 0.76863
0.47451 0.60392 0.77255
0.47451 0.60392 0.77255
0.47451 0.60392 0.76863
0.47451 0.60784 0.76471
0.47059 0.61176 0.76863
0.47059 0.61569 0.76863
0.47451 0.61176 0.76863
0.48627 0.61961 0.77647
0.48627 0.61569 0.77255
0.46667 0.60784 0.76863
0.47059 0.60392 0.77255
0.47451 0.60392 0.77255
0.47059 0.6 0.76863
0.47059 0.6 0.76863
0.47843 0.60784 0.77647
0.47843 0.61176 0.77647
0.48235 0.61569 0.77255
0.47451 0.61176 0.76863
0.47451 0.61176 0.76863
0.48235 0.61569 0.77255
0.48627 0.61961 0.78039
0.48627 0.61569 0.77255
0.46667 0.60392 0.76863
0.46667 0.60392 0.76863
0.47059 0.60784 0.77255
0.47451 0.60392 0.77255
0.48235 0.61176 0.78039
0.47451 0.60392 0.77647
0.47059 0.61176 0.77255
0.47843 0.61961 0.77647
0.48235 0.61569 0.77647
0.48627 0.61569 0.77647
0.48627 0.61569 0.77647
0.48627 0.61569 0.77647
0.48627 0.61569 0.77647
0.47059 0.60784 0.76863
0.46667 0.60392 0.76471
0.46667 0.60392 0.76471
0.47843 0.60784 0.77255
0.47843 0.60784 0.77255
0.47843 0.60392 0.76863
0.47059 0.60784 0.76863
0.47451 0.61569 0.76863
0.48235 0.61176 0.77255
0.48235 0.61176 0.77255
0.48235 0.61176 0.77255
0.47843 0.60784 0.76863
0.4902 0.61569 0.77647
0.47059 0.60784 0.76471
0.46667 0.60392 0.76078
0.47059 0.60784 0.76471
0.47843 0.60784 0.76863
0.47843 0.60784 0.76863
0.47843 0.60784 0.76863
0.47059 0.61176 0.76471
0.47451 0.61569 0.76863
0.48235 0.61176 0.76863
0.48627 0.61569 0.77647
0.48627 0.61569 0.77647
0.48627 0.61176 0.77647
0.47059 0.60784 0.77255
0.47059 0.60784 0.77255
0.47451 0.61176 0.77255
0.47059 0.60784 0.77255
0.47059 0.60784 0.77255
0.47059 0.60784 0.77255
0.47451 0.61569 0.77255
0.47059 0.60784 0.76471
0.47843 0.61176 0.77255
0.48627 0.61569 0.77255
0.48627 0.61176 0.76863
0.47451 0.61176 0.77647
0.47059 0.60784 0.77255
0.47451 0.61176 0.77647
0.47843 0.61569 0.78039
0.47059 0.60784 0.77255
0.47059 0.60784 0.77255
0.47451 0.61176 0.77255
0.47451 0.61176 0.76863
0.47843 0.60784 0.76863
0.48235 0.61176 0.77255
0.48235 0.60784 0.76471
0.4902 0.61569 0.77255
0.47059 0.60784 0.77255
0.47451 0.61176 0.77647
0.47451 0.61176 0.77647
0.46667 0.60392 0.76863
0.47059 0.60784 0.77255
0.47451 0.61176 0.77647
0.47843 0.61569 0.77647
0.47451 0.61176 0.76863
0.47843 0.60784 0.76863
0.4902 0.61569 0.77647
0.4902 0.61569 0.77647
0.48627 0.61176 0.77255
0.47451 0.60392 0.77255
0.47451 0.60784 0.77647
0.47843 0.60784 0.77647
0.46275 0.6 0.76471
0.47059 0.60784 0.77255
0.47451 0.61176 0.77647
0.47451 0.61176 0.76863
0.47843 0.61176 0.76863
0.47843 0.61176 0.76471
0.48627 0.62353 0.77255
0.4902 0.62353 0.77255
0.48627 0.61176 0.77255
0.47451 0.60392 0.77255
0.47451 0.60392 0.77255
0.46667 0.60392 0.77255
0.47451 0.60784 0.76863
0.48627 0.61961 0.77255
0.4902 0.62353 0.77255
0.48627 0.61176 0.77255
0.4902 0.61569 0.77647
0.4902 0.61569 0.77647
0.4902 0.61961 0.77255
0.4902 0.62353 0.77255
0.49412 0.62353 0.77647
