0.97647 0.92549 0.84314
0.97255 0.91765 0.83137
0.96863 0.91765 0.83137
0.97647 0.91765 0.83529
0.95686 0.90588 0.81961
0.96078 0.90588 0.82353
0.98039 0.92157 0.83922
0.97647 0.91765 0.83529
0.98039 0.92157 0.83529
0.97255 0.91765 0.83529
0.97647 0.92157 0.83922
0.98039 0.92157 0.83922
0.98824 0.92549 0.84314
0.95686 0.90196 0.81569
0.97647 0.92157 0.83922
0.97255 0.91765 0.83922
0.97647 0.92157 0.83922
0.95686 0.89804 0.80784
0.97255 0.92157 0.83137
0.97255 0.92941 0.84314
0.95686 0.9098 0.82353
0.96078 0.9098 0.82353
0.95686 0.9098 0.81961
0.97647 0.92941 0.83529
0.9451 0.89804 0.80784
