0.011765 0.17255 0.35686
0.0078431 0.16863 0.34118
0.035294 0.18824 0.37647
0.0078431 0.16863 0.34902
0.011765 0.16863 0.35294
0.011765 0.16471 0.3451
0.027451 0.16863 0.35294
0.0078431 0.16863 0.34902
0.011765 0.16863 0.34902
0.011765 0.16863 0.35294
0.011765 0.16078 0.33725
0.0039216 0.16471 0.3451
0.011765 0.16863 0.34902
0.015686 0.16863 0.34902
0.0039216 0.15294 0.32157
0.011765 0.16863 0.34902
0.0078431 0.16471 0.3451
0.011765 0.16863 0.3451
0.015686 0.17255 0.3451
0.0078431 0.16078 0.32549
0.0078431 0.16863 0.34118
0.011765 0.16863 0.3451
0.0078431 0.17255 0.34118
0.0078431 0.16078 0.33725
0.015686 0.17255 0.34902
0.0078431 0.17255 0.34118
0.0039216 0.16078 0.33725
