0.54118 0.64314 0.74902
0.53725 0.63922 0.7451
0.54118 0.64314 0.74902
0.5451 0.64706 0.75294
0.5451 0.64706 0.75294
0.5451 0.64706 0.75294
0.5451 0.64314 0.74902
0.54118 0.64314 0.74902
0.53333 0.63529 0.74118
0.53333 0.63529 0.74118
0.53725 0.63922 0.7451
0.5451 0.64314 0.74902
0.54902 0.64314 0.75294
0.54118 0.63529 0.7451
0.5451 0.63922 0.74902
0.5451 0.63922 0.74902
0.54118 0.64314 0.74902
0.53725 0.63922 0.7451
0.54118 0.64314 0.74902
0.53725 0.64314 0.74902
0.5451 0.64706 0.75294
0.5451 0.63922 0.74902
0.5451 0.63922 0.74902
0.54902 0.64314 0.75294
0.5451 0.63922 0.74902
0.54902 0.63922 0.7451
0.54118 0.64314 0.74902
0.5451 0.64706 0.75294
0.54118 0.64314 0.74902
0.53725 0.63922 0.7451
0.54118 0.64314 0.74902
0.5451 0.63922 0.74902
0.5451 0.63922 0.74902
0.54902 0.64314 0.75294
0.5451 0.63922 0.74902
0.55294 0.63922 0.7451
0.54118 0.64314 0.74902
0.54118 0.64314 0.74902
0.53725 0.64314 0.74902
0.53725 0.63922 0.7451
0.53333 0.63529 0.74118
0.53725 0.63529 0.7451
0.5451 0.64314 0.74902
0.5451 0.64314 0.74902
0.54902 0.64314 0.7451
0.54902 0.63922 0.7451
0.55686 0.64706 0.74902
0.54118 0.63922 0.75294
0.53725 0.63922 0.7451
0.53725 0.63922 0.7451
0.54118 0.64314 0.74902
0.54118 0.64314 0.74902
0.53725 0.63922 0.7451
0.53725 0.63922 0.7451
0.5451 0.64706 0.75294
0.5451 0.64706 0.74902
0.54902 0.64314 0.7451
0.55294 0.64706 0.74902
0.55294 0.64706 0.74902
0.56078 0.64706 0.74118
0.55686 0.64706 0.73725
0.55294 0.64314 0.73725
0.5451 0.64314 0.75686
0.54118 0.64314 0.74902
0.5451 0.64706 0.75294
0.5451 0.64706 0.75294
0.53725 0.63922 0.7451
0.54118 0.64314 0.7451
0.5451 0.64706 0.75294
0.5451 0.64706 0.75294
0.54118 0.64314 0.74902
0.54902 0.64314 0.7451
0.54902 0.64314 0.7451
0.55294 0.64314 0.7451
0.56078 0.64706 0.74118
0.56078 0.65098 0.7451
0.55294 0.64314 0.73725
0.5451 0.64314 0.75686
0.54118 0.64314 0.74902
0.5451 0.64706 0.75294
0.54118 0.64314 0.74902
0.54118 0.64314 0.75294
0.54118 0.63922 0.75294
0.54118 0.63922 0.75294
0.5451 0.64314 0.75294
0.5451 0.64314 0.74902
0.54902 0.64314 0.7451
0.55294 0.64706 0.74902
0.54902 0.64314 0.7451
0.56078 0.64706 0.7451
0.55686 0.64706 0.7451
0.55294 0.64314 0.73725
0.54118 0.64314 0.75686
0.5451 0.64706 0.75294
0.5451 0.64706 0.75294
0.53725 0.63922 0.7451
0.5451 0.64314 0.76078
0.54118 0.63922 0.75686
0.53725 0.63529 0.75294
0.5451 0.63922 0.75294
0.55294 0.64314 0.75294
0.54902 0.64314 0.7451
0.54902 0.64314 0.7451
0.54902 0.64314 0.7451
0.56078 0.64314 0.74902
0.56078 0.64706 0.74902
0.55686 0.64706 0.74118
0.55686 0.64314 0.73725
0.53725 0.64706 0.75686
0.53725 0.63922 0.75294
0.54118 0.64314 0.74902
0.5451 0.64706 0.75294
0.54118 0.64314 0.75294
0.5451 0.64706 0.75294
0.5451 0.64706 0.75294
0.54118 0.64314 0.74902
0.53725 0.63529 0.75294
0.54118 0.63922 0.75686
0.53725 0.63529 0.75294
0.5451 0.63922 0.74902
0.54902 0.64314 0.75294
0.5451 0.63922 0.74118
0.5451 0.63922 0.74118
0.54902 0.64314 0.7451
0.56078 0.64314 0.74902
0.55686 0.64314 0.7451
0.55686 0.64706 0.74118
0.56078 0.64314 0.74118
0.54118 0.64314 0.75686
0.54118 0.64706 0.76078
0.54118 0.64314 0.75686
0.54118 0.64314 0.74902
0.54118 0.64314 0.74902
0.5451 0.64706 0.75294
0.5451 0.64706 0.75294
0.5451 0.64706 0.75294
0.5451 0.64706 0.75294
0.54118 0.63922 0.75686
0.54118 0.63922 0.75686
0.5451 0.63922 0.75686
0.5451 0.63922 0.75294
0.54902 0.64314 0.75294
0.54902 0.64314 0.7451
0.5451 0.63922 0.74118
0.5451 0.63922 0.74118
0.55294 0.63922 0.7451
0.55686 0.64314 0.7451
0.55686 0.64706 0.73725
0.54118 0.63922 0.75294
0.53725 0.63922 0.7451
0.54118 0.64314 0.74902
0.54118 0.64314 0.74902
0.54118 0.64314 0.74902
0.5451 0.64706 0.75294
0.54902 0.65098 0.75686
0.54118 0.64314 0.74902
0.54118 0.64314 0.74902
0.54902 0.63922 0.74902
0.5451 0.63529 0.75294
0.54902 0.63922 0.75294
0.55294 0.64314 0.74902
0.55294 0.63922 0.7451
0.55294 0.64314 0.7451
0.55686 0.64706 0.74118
0.55686 0.64706 0.74118
0.56078 0.64706 0.74118
0.53725 0.64314 0.74902
0.53725 0.63922 0.7451
0.54118 0.64706 0.75294
0.5451 0.64706 0.75294
0.5451 0.64706 0.75294
0.5451 0.64706 0.75294
0.5451 0.64706 0.75294
0.54902 0.64706 0.75686
0.54902 0.64314 0.75294
0.55294 0.63529 0.75686
0.55686 0.63922 0.75686
0.56078 0.64314 0.75294
0.56078 0.64314 0.74902
0.56078 0.64314 0.74902
0.56078 0.64706 0.7451
0.56078 0.64706 0.74118
0.55686 0.64314 0.73725
0.56471 0.64706 0.7451
0.53333 0.63529 0.74902
0.53333 0.64314 0.74902
0.53725 0.64314 0.75294
0.54118 0.64706 0.75294
0.54902 0.65098 0.75686
0.54902 0.65098 0.75686
0.54118 0.64314 0.74902
0.54118 0.64706 0.74902
0.54902 0.64706 0.75686
0.54902 0.64314 0.74902
0.55294 0.64314 0.76078
0.55294 0.64314 0.75686
0.55294 0.64314 0.75294
0.54902 0.64314 0.7451
0.55294 0.64314 0.74902
0.55686 0.64706 0.7451
0.56471 0.6549 0.74902
0.56471 0.65098 0.7451
0.56078 0.63922 0.74902
0.56078 0.63922 0.74902
0.53725 0.64314 0.75686
0.53725 0.65098 0.76078
0.53725 0.64314 0.75686
0.5451 0.64314 0.75686
0.54902 0.65098 0.75686
0.5451 0.64706 0.75294
0.54118 0.64314 0.74902
0.5451 0.64706 0.75294
0.55294 0.6549 0.76078
0.54118 0.64314 0.74902
0.5451 0.63922 0.7451
0.54902 0.64314 0.7451
0.54902 0.64314 0.7451
0.54902 0.64314 0.74902
0.55294 0.64314 0.75294
0.56078 0.64706 0.74902
0.56863 0.65098 0.7451
0.56471 0.64314 0.7451
0.53725 0.64706 0.75294
0.53333 0.64706 0.76078
0.53333 0.63529 0.75294
0.54118 0.63922 0.75686
0.5451 0.64706 0.75294
0.5451 0.64706 0.75294
0.54118 0.64314 0.74902
0.5451 0.64706 0.75294
0.54902 0.65098 0.75686
0.54118 0.64314 0.74902
0.5451 0.64314 0.74902
0.55294 0.65098 0.75294
0.54902 0.64706 0.74902
0.55294 0.64706 0.75686
0.55294 0.64706 0.75294
0.56078 0.64314 0.7451
0.56471 0.65098 0.7451
0.5451 0.64314 0.75294
0.53725 0.64314 0.74902
0.53333 0.64314 0.75686
0.53725 0.63922 0.75294
0.5451 0.64314 0.75686
0.54902 0.65098 0.75686
0.5451 0.64706 0.74902
0.54118 0.64314 0.74902
0.54902 0.65098 0.75686
0.54902 0.65098 0.75686
0.54118 0.64314 0.74902
0.5451 0.64706 0.75294
0.55294 0.6549 0.76078
0.5451 0.64706 0.75294
0.5451 0.64314 0.74902
0.54902 0.64314 0.75294
0.56471 0.64706 0.74902
0.56471 0.65098 0.7451
0.54118 0.64314 0.76078
0.5451 0.64314 0.76078
0.54118 0.63922 0.75686
0.54118 0.63922 0.75294
0.5451 0.65098 0.75294
0.5451 0.64706 0.75686
0.5451 0.64706 0.75294
0.54902 0.65098 0.75686
0.54118 0.64314 0.74902
0.5451 0.64706 0.75294
0.54118 0.64706 0.75294
0.54902 0.65098 0.75686
0.54902 0.64706 0.75294
0.5451 0.64706 0.75294
0.5451 0.64706 0.75294
0.54118 0.64706 0.74902
0.54902 0.64706 0.75294
0.55294 0.64706 0.74902
0.56471 0.65098 0.7451
0.56471 0.65098 0.7451
0.5451 0.64314 0.76078
0.54118 0.64314 0.75686
0.54118 0.64314 0.76078
0.54118 0.64314 0.75686
0.5451 0.64706 0.75294
0.5451 0.64706 0.75686
0.5451 0.64706 0.75294
0.54902 0.65098 0.75686
0.5451 0.64706 0.75294
0.5451 0.64706 0.75294
0.54902 0.65098 0.75686
0.54902 0.64706 0.75686
0.55686 0.64314 0.75686
0.55294 0.64706 0.75686
0.54902 0.64706 0.75686
0.54902 0.65098 0.75686
0.55294 0.65098 0.75294
0.55294 0.65098 0.74902
0.56863 0.65882 0.75294
0.56471 0.65098 0.7451
0.54118 0.64314 0.76078
0.5451 0.64706 0.76078
0.53725 0.64314 0.75686
0.54118 0.64706 0.76078
0.54118 0.64314 0.76078
0.54118 0.63922 0.75686
0.54902 0.64706 0.76471
0.5451 0.64706 0.76078
0.5451 0.64706 0.75294
0.54118 0.64314 0.74902
0.5451 0.64706 0.75294
0.54902 0.64314 0.75294
0.54902 0.63922 0.75294
0.56471 0.64314 0.75686
0.55686 0.64706 0.75686
0.55294 0.64706 0.75686
0.54902 0.64314 0.75294
0.54902 0.64314 0.74902
0.55294 0.64706 0.74902
0.56471 0.65098 0.7451
0.56471 0.65098 0.7451
0.54118 0.64314 0.76078
0.53725 0.64314 0.75686
0.53333 0.64706 0.75686
0.53333 0.64706 0.76078
0.53725 0.64706 0.76078
0.54118 0.63922 0.75686
0.54118 0.64314 0.75294
0.5451 0.64706 0.75686
0.54902 0.65098 0.75686
0.54902 0.65098 0.75686
0.5451 0.64706 0.75294
0.5451 0.64706 0.75294
0.54902 0.64314 0.75294
0.55294 0.64314 0.75686
0.55294 0.64706 0.75686
0.54902 0.64314 0.75294
0.54902 0.64314 0.74902
0.55294 0.64314 0.74902
0.56078 0.64706 0.75294
0.56078 0.64706 0.7451
0.56078 0.64706 0.74118
0.56471 0.6549 0.74902
0.53725 0.64314 0.76078
0.54118 0.64706 0.76471
0.53725 0.64314 0.75686
0.53333 0.64314 0.75294
0.53725 0.64706 0.76078
0.53725 0.64314 0.75686
0.5451 0.64314 0.76078
0.5451 0.64706 0.75294
0.5451 0.64706 0.75294
0.55294 0.6549 0.76078
0.5451 0.64706 0.75294
0.5451 0.64706 0.75294
0.5451 0.64706 0.75294
0.5451 0.64706 0.75294
0.54902 0.64314 0.75294
0.55294 0.64706 0.75686
0.55294 0.64706 0.75686
0.55294 0.64706 0.74902
0.55686 0.64706 0.74902
0.56471 0.64706 0.75294
0.56471 0.65098 0.7451
0.56471 0.6549 0.74902
0.54118 0.64706 0.76471
0.53725 0.64314 0.76078
0.53333 0.63922 0.75294
0.53725 0.64314 0.75686
0.53333 0.63529 0.75294
0.53725 0.63922 0.75686
0.54902 0.64706 0.76471
0.5451 0.64706 0.75294
0.5451 0.64706 0.75294
0.55294 0.6549 0.76078
0.5451 0.64706 0.75686
0.5451 0.64706 0.75294
0.54118 0.64706 0.74902
0.5451 0.64314 0.74902
0.54902 0.64314 0.75294
0.5451 0.63922 0.74902
0.54902 0.64314 0.75294
0.55294 0.64706 0.7451
0.56078 0.6549 0.75686
0.56078 0.65098 0.75294
0.55294 0.64706 0.74118
0.56078 0.6549 0.74902
0.56471 0.6549 0.74902
0.53725 0.64314 0.76078
0.53725 0.64314 0.76078
0.53725 0.63922 0.75686
0.5451 0.64314 0.76078
0.5451 0.64314 0.76078
0.5451 0.64314 0.76078
0.5451 0.64314 0.76471
0.5451 0.64314 0.75294
0.5451 0.64706 0.75294
0.5451 0.64706 0.75294
0.54902 0.65098 0.75294
0.55294 0.6549 0.75686
0.54902 0.65098 0.75686
0.5451 0.64706 0.75294
0.54902 0.64314 0.75294
0.54902 0.64314 0.75294
0.55294 0.64706 0.75294
0.54902 0.64314 0.74902
0.54902 0.64314 0.74902
0.54902 0.64314 0.74902
0.54902 0.64314 0.74118
0.55294 0.64706 0.74118
0.56078 0.65098 0.7451
0.54118 0.64706 0.76471
0.54118 0.64706 0.76471
0.53333 0.63922 0.75686
0.53725 0.64314 0.76078
0.5451 0.64706 0.76471
0.54118 0.63922 0.76078
0.5451 0.64314 0.76078
0.5451 0.64706 0.75686
0.54902 0.65098 0.75686
0.54902 0.65098 0.75686
0.54902 0.65098 0.75294
0.54902 0.6549 0.74902
0.54118 0.64706 0.75294
0.5451 0.64706 0.75294
0.55294 0.64706 0.75686
0.55686 0.65098 0.76078
0.54902 0.64314 0.75294
0.5451 0.63922 0.75294
0.54902 0.64314 0.75294
0.5451 0.63922 0.74902
0.55294 0.64706 0.74902
0.55686 0.65098 0.7451
0.56471 0.6549 0.74902
0.53725 0.64314 0.76078
0.5451 0.65098 0.76863
0.5451 0.65098 0.76863
0.54118 0.64706 0.76471
0.53725 0.64314 0.76078
0.54118 0.64314 0.76078
0.5451 0.64314 0.76078
0.5451 0.64314 0.76078
0.54118 0.64314 0.75294
0.5451 0.64706 0.75294
0.55294 0.6549 0.76078
0.55294 0.6549 0.75686
0.5451 0.64706 0.7451
0.54902 0.6549 0.75294
0.54902 0.65098 0.74902
0.54902 0.64706 0.74902
0.55294 0.64706 0.74902
0.54902 0.64314 0.74902
0.54902 0.64314 0.74902
0.55294 0.64706 0.75686
0.55294 0.64706 0.75294
0.54902 0.64314 0.74118
0.55686 0.65098 0.7451
0.56078 0.65098 0.7451
0.53725 0.64314 0.76078
0.54118 0.65098 0.76471
0.54118 0.64706 0.76471
0.53333 0.64314 0.76078
0.53725 0.64706 0.76078
0.54118 0.64706 0.76471
0.54118 0.63922 0.76078
0.5451 0.64314 0.76471
0.54118 0.63922 0.75686
0.54118 0.64314 0.75294
0.5451 0.64314 0.75294
0.54902 0.65098 0.75686
0.55294 0.6549 0.75686
0.55294 0.6549 0.75294
0.54902 0.6549 0.75294
0.55294 0.6549 0.75294
0.54902 0.64706 0.7451
0.55294 0.64314 0.7451
0.55294 0.64706 0.74902
0.56078 0.6549 0.75686
0.55686 0.65098 0.75686
0.55294 0.64706 0.75686
0.55294 0.64314 0.7451
0.55686 0.65098 0.7451
0.56078 0.65098 0.7451
0.52941 0.64706 0.76078
0.52549 0.64314 0.75294
0.52941 0.64706 0.75686
0.52941 0.64706 0.75686
0.52941 0.64706 0.75686
0.53725 0.64706 0.76078
0.54118 0.64706 0.76078
0.5451 0.65098 0.76471
0.54118 0.64706 0.76078
0.53725 0.64314 0.75686
0.5451 0.64314 0.76078
0.5451 0.64314 0.76078
0.54902 0.65098 0.75686
0.54902 0.65098 0.75686
0.54902 0.65098 0.75686
0.54902 0.65098 0.74902
0.55294 0.6549 0.75294
0.54902 0.65098 0.74902
0.56078 0.64706 0.75294
0.56078 0.64314 0.74902
0.55686 0.65098 0.75294
0.55294 0.65098 0.74902
0.54902 0.64706 0.74902
0.56471 0.6549 0.74902
0.56863 0.6549 0.74902
0.52941 0.64314 0.75686
0.53333 0.65098 0.75686
0.52941 0.64706 0.74902
0.52941 0.64314 0.75686
0.52157 0.63529 0.75294
0.52157 0.63922 0.75294
0.53333 0.64314 0.75686
0.54118 0.64706 0.76078
0.53725 0.64314 0.75686
0.54118 0.64706 0.76078
0.53725 0.64314 0.75686
0.5451 0.64314 0.76078
0.54118 0.64314 0.75686
0.54902 0.65098 0.75686
0.5451 0.64706 0.75294
0.5451 0.64706 0.75294
0.5451 0.64706 0.75294
0.55686 0.65882 0.76078
0.55686 0.65882 0.76078
0.55686 0.64706 0.74902
0.55294 0.64314 0.74902
0.54902 0.65098 0.74902
0.55294 0.6549 0.75294
0.55294 0.65098 0.74902
0.56078 0.65098 0.7451
0.56078 0.64706 0.74118
0.56471 0.65098 0.7451
0.53333 0.64706 0.76471
0.53333 0.65098 0.76078
0.52941 0.64314 0.75686
0.52941 0.64314 0.76078
0.52941 0.63922 0.76078
0.53725 0.64706 0.76078
0.53725 0.64314 0.75686
0.54118 0.64314 0.76078
0.53725 0.64314 0.75686
0.53725 0.64314 0.75686
0.54902 0.64706 0.76471
0.5451 0.64314 0.75686
0.54118 0.64314 0.74902
0.5451 0.64706 0.75294
0.5451 0.64706 0.75294
0.54902 0.65098 0.75686
0.54902 0.65098 0.75686
0.54902 0.65098 0.75686
0.55294 0.65098 0.75294
0.55686 0.6549 0.75294
0.55294 0.6549 0.75294
0.54902 0.6549 0.75294
0.55686 0.65098 0.75294
0.56078 0.64706 0.7451
0.56078 0.64314 0.73725
0.56471 0.65098 0.7451
0.52941 0.64314 0.76078
0.53333 0.64706 0.76471
0.54118 0.64706 0.76471
0.53725 0.64314 0.76078
0.54118 0.64706 0.76471
0.5451 0.65098 0.76863
0.53725 0.64706 0.76078
0.53725 0.64706 0.75686
0.5451 0.64706 0.76078
0.54902 0.64706 0.76471
0.54118 0.64314 0.76078
0.55294 0.65098 0.76863
0.55294 0.65098 0.76863
0.5451 0.64706 0.75294
0.5451 0.64706 0.75294
0.54902 0.65098 0.75686
0.54902 0.65098 0.75686
0.54902 0.65098 0.75686
0.54902 0.65098 0.75686
0.55294 0.65098 0.75686
0.55294 0.6549 0.76078
0.56078 0.6549 0.76471
0.55294 0.64706 0.75294
0.55294 0.64706 0.74902
0.56078 0.64314 0.74902
0.56078 0.64706 0.74902
0.56863 0.6549 0.74902
0.53333 0.64314 0.76078
0.54118 0.64314 0.76471
0.53725 0.64314 0.76471
0.54118 0.64706 0.76471
0.5451 0.65098 0.76863
0.53725 0.65098 0.76471
0.53725 0.64706 0.76078
0.5451 0.64706 0.76078
0.55294 0.65098 0.76471
0.55294 0.65098 0.76078
0.55294 0.65098 0.76471
0.54902 0.65098 0.76471
0.55294 0.6549 0.76078
0.55294 0.6549 0.76078
0.55294 0.6549 0.76078
0.54902 0.65098 0.75686
0.54902 0.65098 0.75686
0.54902 0.65098 0.75686
0.54902 0.65098 0.75686
0.54902 0.64706 0.75686
0.55686 0.65098 0.76078
0.55294 0.64706 0.75294
0.55686 0.65098 0.75294
0.56471 0.64706 0.75294
0.56078 0.64314 0.7451
0.56471 0.65098 0.7451
0.54118 0.64314 0.76471
0.53725 0.64314 0.76078
0.54118 0.64706 0.76471
0.54118 0.65098 0.76471
0.54118 0.65098 0.76078
0.54118 0.64314 0.76078
0.5451 0.64314 0.75686
0.54902 0.65098 0.75686
0.54118 0.64314 0.74902
0.5451 0.64706 0.75294
0.55294 0.6549 0.76078
0.55686 0.65882 0.76471
0.55294 0.6549 0.76078
0.54902 0.65098 0.75686
0.55294 0.6549 0.76078
0.55294 0.6549 0.76078
0.54902 0.65098 0.75686
0.5451 0.64706 0.75294
0.55686 0.65098 0.76078
0.56078 0.6549 0.76078
0.56078 0.6549 0.75686
0.56471 0.65098 0.75686
0.56471 0.65098 0.75294
0.56471 0.65098 0.7451
0.54118 0.64706 0.76078
0.5451 0.65098 0.76471
0.54118 0.65098 0.76471
0.54118 0.64706 0.76078
0.54118 0.64706 0.75686
0.5451 0.64706 0.75294
0.5451 0.64706 0.75294
0.5451 0.64706 0.75294
0.54902 0.65098 0.75686
0.55294 0.6549 0.76078
0.55294 0.6549 0.76078
0.55294 0.6549 0.76078
0.5451 0.64706 0.75294
0.54902 0.65098 0.75686
0.54902 0.65098 0.75686
0.54902 0.65098 0.76078
0.54902 0.65098 0.75294
0.55686 0.65098 0.75294
0.56471 0.6549 0.74902
0.56863 0.6549 0.75294
0.56863 0.6549 0.75294
0.57255 0.6549 0.75294
0.54118 0.64706 0.76078
0.5451 0.65098 0.76471
0.54118 0.64706 0.76078
0.5451 0.65098 0.75686
0.5451 0.65098 0.75686
0.5451 0.64706 0.75294
0.5451 0.64706 0.75294
0.54902 0.65098 0.75686
0.55294 0.6549 0.75686
0.55294 0.6549 0.75686
0.54902 0.65098 0.75294
0.54902 0.65098 0.75686
0.55294 0.6549 0.75686
0.54902 0.65098 0.75294
0.55294 0.6549 0.76078
0.55294 0.6549 0.75686
0.55686 0.65098 0.74902
0.56078 0.65098 0.7451
0.5451 0.65098 0.76471
0.5451 0.65098 0.76471
0.5451 0.65098 0.76078
0.5451 0.65098 0.75686
0.5451 0.65098 0.75686
0.5451 0.64706 0.75294
0.54902 0.65098 0.75686
0.55294 0.6549 0.76078
0.54902 0.65098 0.74902
0.55294 0.6549 0.75294
0.55294 0.6549 0.75294
0.54902 0.65098 0.74902
0.55294 0.6549 0.75294
0.5451 0.64706 0.7451
0.55294 0.6549 0.75686
0.55294 0.6549 0.75686
0.55294 0.64706 0.74902
0.56471 0.65098 0.7451
0.54118 0.64706 0.76078
0.54118 0.64706 0.76078
0.54118 0.64706 0.76078
0.5451 0.65098 0.76078
0.5451 0.65098 0.76078
0.54902 0.65098 0.75686
0.54902 0.65098 0.75686
0.55294 0.6549 0.76078
0.55686 0.65882 0.75686
0.55294 0.6549 0.75294
0.55294 0.6549 0.75686
0.55294 0.6549 0.75686
0.55294 0.6549 0.75686
0.54902 0.65098 0.75294
0.55294 0.65098 0.75294
0.55686 0.65098 0.75294
0.56471 0.65882 0.75686
0.54902 0.65098 0.75294
0.55294 0.6549 0.74902
0.55294 0.64706 0.74902
