0.27451 0.3451 0.46275
0.27059 0.34118 0.45882
0.27451 0.34118 0.47059
0.27451 0.34902 0.47451
0.26275 0.34118 0.46667
0.23922 0.31765 0.44706
0.29804 0.36471 0.48235
0.29804 0.36471 0.47843
0.28627 0.35294 0.46667
0.2902 0.35294 0.47451
0.27059 0.3451 0.47059
0.23529 0.31765 0.44706
0.23137 0.3098 0.44314
0.22353 0.30196 0.43529
0.22353 0.30196 0.43529
0.23922 0.31765 0.44706
0.24314 0.31765 0.44706
0.23137 0.30588 0.43529
0.22745 0.30196 0.43529
0.22353 0.29804 0.43922
0.22353 0.30196 0.43922
0.23137 0.30588 0.44706
0.21961 0.2902 0.43137
0.22745 0.29804 0.43922
0.21569 0.2902 0.42745
0.29412 0.36471 0.47843
0.30196 0.36471 0.47451
0.2902 0.35294 0.46275
0.29804 0.35686 0.47059
0.30588 0.36471 0.48235
0.24706 0.32157 0.44706
0.22353 0.31373 0.44314
0.22353 0.30196 0.43922
0.23137 0.3098 0.44706
0.23529 0.31373 0.45098
0.22745 0.30588 0.43529
0.23137 0.30588 0.43529
0.23529 0.3098 0.43922
0.24314 0.31765 0.45098
0.23137 0.29804 0.44314
0.23137 0.30196 0.44314
0.22353 0.29412 0.43529
0.22353 0.29412 0.43529
0.22353 0.29412 0.43529
0.22353 0.29412 0.43529
0.20392 0.2902 0.42745
0.21176 0.30588 0.44706
0.24706 0.33333 0.47059
0.25882 0.33725 0.47451
0.27451 0.35294 0.48235
0.27843 0.36078 0.48235
0.27059 0.35294 0.47451
0.25882 0.34118 0.45882
0.27059 0.3451 0.45882
0.29412 0.35686 0.47059
0.3098 0.36471 0.47843
0.3098 0.36863 0.48627
0.25882 0.33333 0.4549
0.23529 0.32157 0.44706
0.23137 0.31373 0.44314
0.23529 0.31373 0.44314
0.24314 0.31765 0.44706
0.23922 0.32157 0.45098
0.24314 0.32157 0.45098
0.23922 0.31373 0.44314
0.23922 0.3098 0.44314
0.25098 0.32157 0.4549
0.22353 0.29804 0.42745
0.21961 0.29412 0.42745
0.21961 0.2902 0.42353
0.21176 0.28627 0.41569
0.21176 0.28627 0.41961
0.21569 0.29412 0.42745
0.22353 0.3098 0.44706
0.24706 0.33725 0.47451
0.24706 0.33333 0.47843
0.24314 0.32941 0.47451
0.23922 0.32549 0.46667
0.2549 0.33333 0.46667
0.26275 0.3451 0.47059
0.26275 0.3451 0.46667
0.25098 0.32941 0.4549
0.24706 0.32941 0.4549
0.24706 0.32941 0.45098
0.27059 0.3451 0.46667
0.29412 0.35686 0.47843
0.28627 0.35686 0.48235
0.2549 0.33333 0.45882
0.24314 0.32157 0.45098
0.24706 0.32549 0.4549
0.23529 0.3098 0.43922
0.23529 0.3098 0.43529
0.24314 0.32157 0.45098
0.24706 0.32157 0.45098
0.23137 0.30588 0.43529
0.23137 0.30588 0.43529
0.23922 0.31373 0.44314
0.22353 0.29804 0.42745
0.22353 0.29804 0.42745
0.22353 0.29804 0.42745
0.21569 0.2902 0.41961
0.21961 0.29804 0.42745
0.21961 0.30196 0.43137
0.22745 0.3098 0.44314
0.24706 0.33333 0.47843
0.24706 0.33725 0.47451
0.27059 0.34902 0.48235
0.27451 0.35294 0.48235
0.26667 0.3451 0.47451
0.25098 0.32941 0.45882
0.24706 0.32549 0.4549
0.23922 0.32941 0.45098
0.23529 0.32157 0.4549
0.23922 0.32157 0.45882
0.24706 0.32941 0.47059
0.23922 0.31765 0.45882
0.24314 0.32157 0.4549
0.2549 0.33333 0.46275
0.24314 0.32157 0.45098
0.23529 0.3098 0.43922
0.23529 0.30588 0.43529
0.22745 0.30196 0.43137
0.21961 0.30196 0.42745
0.22353 0.30196 0.43137
0.22353 0.30196 0.43137
0.21569 0.29412 0.42353
0.22353 0.30196 0.43137
0.22353 0.29804 0.42745
0.21961 0.29412 0.42353
0.21569 0.29412 0.42353
0.21176 0.2902 0.42353
0.21176 0.29804 0.43137
0.2549 0.33725 0.47843
0.27059 0.34902 0.48627
0.28627 0.36471 0.4902
0.26667 0.3451 0.47451
0.25098 0.32941 0.45882
0.23922 0.32941 0.4549
0.23922 0.32941 0.45098
0.23137 0.32157 0.45098
0.22745 0.31765 0.4549
0.21961 0.3098 0.45098
0.23529 0.31765 0.45098
0.24706 0.32941 0.45882
0.25098 0.32941 0.45882
0.23922 0.31765 0.44706
0.23529 0.3098 0.43922
0.22745 0.29804 0.43137
0.22745 0.29804 0.43529
0.22353 0.30588 0.43922
0.21961 0.30196 0.43137
0.22353 0.30196 0.43137
0.21961 0.29804 0.42745
0.21961 0.29412 0.42353
0.22353 0.29804 0.42745
0.22353 0.29804 0.42745
0.21961 0.29412 0.42745
0.21569 0.2902 0.41961
0.20392 0.2902 0.41961
0.26275 0.34118 0.47843
0.28627 0.36078 0.48627
0.26667 0.34118 0.47059
0.25882 0.33725 0.46667
0.23922 0.32941 0.45098
0.24706 0.33725 0.45882
0.23529 0.32549 0.4549
0.22745 0.31765 0.45098
0.22353 0.31373 0.44706
0.24314 0.32549 0.45882
0.25098 0.32941 0.45882
0.24706 0.32549 0.4549
0.22745 0.30588 0.43529
0.23529 0.31373 0.44314
0.23137 0.30588 0.43529
0.23137 0.30588 0.43529
0.23529 0.31373 0.44314
0.21569 0.29412 0.42745
0.22353 0.30196 0.43137
0.22353 0.30196 0.43137
0.21569 0.29412 0.42353
0.21961 0.29804 0.42745
0.21961 0.29804 0.42745
0.21569 0.2902 0.41961
0.21961 0.28627 0.41961
0.21961 0.29412 0.42353
0.27059 0.34902 0.47059
0.28235 0.35686 0.47843
0.26275 0.34118 0.46667
0.2549 0.33725 0.45882
0.23137 0.32157 0.44314
0.24314 0.32549 0.45098
0.25098 0.32941 0.46275
0.23529 0.31373 0.45098
0.23137 0.3098 0.43922
0.25098 0.32549 0.46275
0.24706 0.31765 0.45882
0.23529 0.30588 0.44706
0.21961 0.2902 0.43137
0.23137 0.30196 0.44706
0.23137 0.30588 0.43922
0.24706 0.32549 0.45098
0.23922 0.31765 0.44706
0.22353 0.30196 0.43137
0.21569 0.29412 0.42353
0.22353 0.30196 0.43137
0.21569 0.29412 0.42353
0.22745 0.30588 0.43529
0.22353 0.29804 0.42745
0.21176 0.2902 0.41961
0.21176 0.28627 0.41569
0.21176 0.28235 0.41569
0.27451 0.34902 0.47451
0.24706 0.32549 0.44706
0.24706 0.32941 0.45098
0.26667 0.34118 0.46667
0.28627 0.36078 0.4902
0.25098 0.32941 0.46275
0.23529 0.31373 0.44314
0.24314 0.31765 0.4549
0.24314 0.3098 0.4549
0.23137 0.30196 0.44314
0.21961 0.29412 0.43529
0.22353 0.29804 0.43529
0.24314 0.31765 0.44706
0.23137 0.3098 0.43529
0.22745 0.31373 0.43529
0.22353 0.30196 0.43137
0.21961 0.29804 0.42745
0.22353 0.30196 0.43137
0.22353 0.29804 0.42745
0.24706 0.32157 0.44706
0.22353 0.29804 0.42353
0.20784 0.2902 0.41569
0.20392 0.29412 0.41961
0.19216 0.27451 0.40784
0.23137 0.32549 0.47451
0.28235 0.35686 0.48235
0.25098 0.32549 0.45098
0.25882 0.32941 0.4549
0.28627 0.36078 0.48235
0.28235 0.35686 0.48235
0.24314 0.31765 0.44706
0.23137 0.3098 0.44706
0.23137 0.30588 0.44706
0.23137 0.30196 0.44314
0.22745 0.30588 0.44314
0.22745 0.30588 0.43922
0.22745 0.30588 0.43529
0.25882 0.33333 0.45882
0.22745 0.30588 0.43137
0.23529 0.31765 0.43922
0.23137 0.31373 0.43922
0.21569 0.29412 0.42353
0.22353 0.2902 0.41961
0.23529 0.29804 0.42745
0.23922 0.31373 0.43922
0.21569 0.29804 0.41961
0.20784 0.29412 0.41569
0.21961 0.30588 0.43137
0.21176 0.2902 0.42353
0.22745 0.31765 0.47059
0.25882 0.33333 0.45882
0.24706 0.32157 0.44706
0.27059 0.3451 0.46667
0.2902 0.35686 0.48235
0.25882 0.32157 0.4549
0.24706 0.31373 0.45098
0.22745 0.30588 0.44706
0.22745 0.30196 0.43922
0.23529 0.30588 0.44706
0.23137 0.3098 0.44706
0.21961 0.30196 0.43529
0.23137 0.3098 0.43922
0.26275 0.34118 0.46667
0.23529 0.30588 0.43137
0.24706 0.31765 0.44314
0.24314 0.31765 0.44706
0.22353 0.29804 0.42353
0.24314 0.30588 0.42745
0.25098 0.31373 0.43529
0.26667 0.32549 0.4549
0.23137 0.29412 0.42353
0.21569 0.28627 0.41569
0.24314 0.31373 0.44706
0.23529 0.3098 0.44314
0.22745 0.32157 0.47451
0.27451 0.34902 0.47059
0.2549 0.32549 0.4549
0.2549 0.32941 0.45098
0.29804 0.36863 0.4902
0.30196 0.36471 0.48627
0.27451 0.33333 0.46667
0.25098 0.31765 0.45098
0.22745 0.30588 0.44314
0.23529 0.3098 0.44706
0.23922 0.31373 0.4549
0.23137 0.3098 0.44706
0.21961 0.30196 0.43137
0.23137 0.3098 0.43922
0.2549 0.32941 0.4549
0.25882 0.32549 0.45098
0.26667 0.32941 0.4549
0.26667 0.32941 0.4549
0.24706 0.3098 0.43529
0.24706 0.30588 0.42353
0.26667 0.32157 0.44314
0.27059 0.32157 0.45098
0.25098 0.3098 0.43922
0.22745 0.28627 0.41961
0.24706 0.3098 0.44314
0.25882 0.32941 0.46275
0.21961 0.32157 0.46667
0.27059 0.34118 0.47059
0.25882 0.32549 0.4549
0.27843 0.3451 0.47059
0.30588 0.36863 0.48627
0.30588 0.36078 0.48235
0.29412 0.35686 0.48627
0.25098 0.31765 0.4549
0.23137 0.3098 0.43922
0.23137 0.3098 0.44314
0.22745 0.30588 0.44706
0.25098 0.32941 0.45882
0.23137 0.3098 0.43922
0.22745 0.30588 0.43529
0.2549 0.32549 0.44706
0.27059 0.33725 0.4549
0.26667 0.33333 0.45098
0.26275 0.32549 0.44314
0.24706 0.30588 0.42745
0.23922 0.29804 0.41961
0.25098 0.3098 0.42745
0.27059 0.32157 0.43922
0.25098 0.30588 0.43529
0.22745 0.28627 0.41961
0.22745 0.2902 0.41961
0.2549 0.32549 0.4549
0.23137 0.32549 0.46667
0.27843 0.35294 0.48627
0.26275 0.33725 0.46667
0.29804 0.37255 0.49804
0.27059 0.34118 0.46667
0.27451 0.33333 0.45882
0.27451 0.3451 0.47059
0.2549 0.32941 0.45882
0.23137 0.3098 0.43922
0.23137 0.3098 0.43922
0.23529 0.31765 0.44314
0.24314 0.31765 0.44314
0.23137 0.30588 0.43529
0.23137 0.30588 0.43137
0.25882 0.32549 0.44706
0.26275 0.32941 0.44706
0.25882 0.32549 0.44314
0.25098 0.31373 0.43529
0.2549 0.32157 0.43922
0.25098 0.31765 0.43529
0.22745 0.28627 0.40392
0.2549 0.3098 0.42745
0.25098 0.3098 0.43529
0.23137 0.29412 0.42745
0.22353 0.2902 0.41961
0.24314 0.3098 0.43922
0.23922 0.32941 0.47059
0.28235 0.35686 0.48627
0.2549 0.32941 0.46667
0.2549 0.32941 0.46667
0.27451 0.35294 0.48235
0.25882 0.33333 0.46275
0.27451 0.34118 0.46667
0.27059 0.3451 0.47059
0.26275 0.33725 0.46275
0.22745 0.30588 0.43529
0.24706 0.32941 0.45098
0.2549 0.33725 0.4549
0.25882 0.32549 0.45098
0.25098 0.31765 0.44314
0.25098 0.31765 0.44706
0.26667 0.33333 0.45098
0.2549 0.32157 0.43922
0.2549 0.31765 0.43922
0.24706 0.31373 0.43529
0.23922 0.30588 0.42353
0.24314 0.3098 0.43137
0.23529 0.29804 0.41569
0.24314 0.30196 0.41569
0.24706 0.3098 0.43529
0.22745 0.30196 0.43529
0.20392 0.2902 0.41176
0.20392 0.2902 0.41176
0.22353 0.31765 0.4549
0.2549 0.32941 0.46667
0.25098 0.32549 0.46275
0.24314 0.32157 0.45882
0.23922 0.31765 0.4549
0.2549 0.33333 0.46667
0.26667 0.34118 0.46667
0.27451 0.34118 0.47059
0.27451 0.34118 0.47059
0.23922 0.3098 0.43922
0.25882 0.32941 0.4549
0.26667 0.33725 0.46275
0.26667 0.32941 0.45882
0.2549 0.31765 0.44706
0.2549 0.31765 0.44706
0.27059 0.32941 0.45882
0.2549 0.31373 0.44314
0.25098 0.31765 0.44314
0.24314 0.31765 0.43922
0.21961 0.29412 0.42353
0.21569 0.29412 0.41961
0.23529 0.30588 0.42353
0.23922 0.29804 0.41569
0.21961 0.29412 0.41961
0.20392 0.28627 0.41961
0.19216 0.28235 0.41176
0.20392 0.28627 0.41569
0.21176 0.3098 0.44706
0.25882 0.33725 0.47059
0.2549 0.33333 0.47059
0.25098 0.32941 0.46667
0.26667 0.3451 0.48235
0.24706 0.32549 0.46275
0.23922 0.31373 0.4549
0.24314 0.32157 0.4549
0.2549 0.33333 0.45882
0.26667 0.33725 0.46667
0.27451 0.33725 0.47059
0.26667 0.32941 0.45882
0.27059 0.33333 0.46275
0.27059 0.33333 0.46275
0.26667 0.32941 0.45882
0.24314 0.30588 0.43529
0.24314 0.30588 0.43529
0.25882 0.31765 0.44706
0.25098 0.31373 0.44314
0.24314 0.31765 0.44314
0.23922 0.31373 0.43922
0.21961 0.29804 0.43137
0.21176 0.2902 0.42353
0.23137 0.30196 0.42745
0.23529 0.29804 0.41961
0.21961 0.29412 0.41961
0.21176 0.2902 0.41961
0.20392 0.28627 0.42745
0.21176 0.28627 0.42745
0.21961 0.3098 0.45882
0.26667 0.34118 0.47843
0.25882 0.33333 0.47059
0.2549 0.32941 0.47059
0.28627 0.36078 0.50196
0.2549 0.33333 0.47059
0.23922 0.31765 0.4549
0.24314 0.32157 0.45882
0.23922 0.32157 0.45098
0.24706 0.32941 0.45098
0.2549 0.33333 0.45882
0.27451 0.34902 0.47451
0.26667 0.33725 0.46275
0.25882 0.32941 0.45882
0.26275 0.33333 0.46275
0.25882 0.32157 0.45098
0.24706 0.3098 0.43922
0.24706 0.3098 0.43922
0.2549 0.31765 0.44706
0.24706 0.31765 0.44706
0.23529 0.31373 0.43922
0.23529 0.31373 0.43922
0.21176 0.2902 0.42745
0.20784 0.28627 0.42353
0.22745 0.30196 0.43137
0.22353 0.29412 0.41961
0.21569 0.28235 0.41176
0.21961 0.28627 0.41569
0.21569 0.2902 0.41961
0.20784 0.28235 0.41176
0.21961 0.30588 0.44706
0.26667 0.34118 0.47451
0.2549 0.33333 0.46275
0.27451 0.35294 0.48235
0.29804 0.36863 0.50196
0.25882 0.33333 0.46275
0.25098 0.32549 0.46275
0.24706 0.32157 0.46667
0.23922 0.32157 0.45882
0.23137 0.3098 0.44314
0.2549 0.33333 0.45882
0.26667 0.34118 0.46667
0.26275 0.33725 0.46667
0.25098 0.32549 0.4549
0.25882 0.33333 0.46275
0.24314 0.31373 0.43922
0.24314 0.31765 0.44314
0.25098 0.32157 0.44706
0.2549 0.32941 0.4549
0.23922 0.31373 0.43922
0.24314 0.32157 0.45098
0.23529 0.3098 0.44314
0.21961 0.29412 0.42353
0.21961 0.29804 0.42745
0.22353 0.29804 0.42745
0.21176 0.28627 0.41176
0.20392 0.27451 0.40392
0.21569 0.28235 0.41961
0.21961 0.28627 0.42353
0.21176 0.28627 0.41961
0.21569 0.30196 0.43529
0.26667 0.3451 0.47451
0.25882 0.33725 0.46667
0.26275 0.34118 0.47059
0.28627 0.36471 0.49412
0.27843 0.35294 0.48235
0.26667 0.34118 0.46667
0.25098 0.32157 0.45882
0.23529 0.31373 0.4549
0.23922 0.31765 0.46275
0.23137 0.3098 0.44706
0.24314 0.32157 0.45098
0.26667 0.34118 0.46667
0.25882 0.33333 0.46275
0.25098 0.32549 0.4549
0.24706 0.32157 0.45098
0.23529 0.3098 0.43922
0.23529 0.3098 0.43529
0.26275 0.33725 0.45882
0.25098 0.32549 0.44706
0.23922 0.31373 0.43922
0.25098 0.32157 0.45098
0.24314 0.31765 0.44706
0.21961 0.29412 0.42353
0.21569 0.2902 0.41961
0.23137 0.30588 0.43137
0.2 0.27451 0.39608
0.20784 0.28235 0.41176
0.21176 0.28627 0.41961
0.21176 0.28235 0.42745
0.21569 0.2902 0.43137
0.21176 0.2902 0.43137
0.22745 0.30588 0.44706
0.27451 0.35686 0.48627
0.27451 0.35686 0.48627
0.2549 0.34118 0.46667
0.27451 0.35294 0.48235
0.26667 0.3451 0.47451
0.26667 0.34118 0.47059
0.2549 0.32941 0.45882
0.24314 0.31373 0.45098
0.23529 0.31373 0.4549
0.23922 0.31765 0.45882
0.24706 0.32549 0.45882
0.25098 0.32549 0.4549
0.2549 0.32941 0.4549
0.23922 0.3098 0.43922
0.23922 0.31373 0.44314
0.23137 0.30588 0.43529
0.23137 0.30588 0.43922
0.23922 0.31373 0.43922
0.24706 0.32157 0.43529
0.25882 0.33333 0.44706
0.2549 0.32941 0.44706
0.25098 0.32549 0.44706
0.23529 0.3098 0.43529
0.22353 0.29804 0.42745
0.22353 0.29804 0.42745
0.24314 0.31373 0.43922
0.21961 0.28627 0.40392
0.21961 0.29804 0.41961
0.21569 0.30196 0.42745
0.20784 0.2902 0.41961
0.21176 0.2902 0.41961
0.21176 0.28235 0.41176
0.26275 0.35686 0.47843
0.27059 0.36078 0.4902
0.25098 0.33333 0.46667
0.27059 0.3451 0.48235
0.27059 0.34118 0.47843
0.26275 0.33333 0.47059
0.2549 0.32549 0.46275
0.2549 0.32549 0.46667
0.24314 0.31373 0.4549
0.23529 0.30588 0.45098
0.23922 0.3098 0.45098
0.24314 0.31765 0.4549
0.24314 0.31765 0.45098
0.23137 0.3098 0.44314
0.22745 0.30196 0.43137
0.23922 0.30588 0.43529
0.2549 0.31765 0.4549
0.26667 0.33333 0.45882
0.2549 0.32549 0.43529
0.27843 0.34902 0.45882
0.26667 0.33725 0.4549
0.2549 0.32157 0.44706
0.23529 0.30588 0.43529
0.21961 0.29412 0.42353
0.21961 0.29412 0.42353
0.22353 0.29804 0.41961
0.22353 0.28235 0.38824
0.22745 0.30196 0.41961
0.22353 0.30196 0.42353
0.22353 0.29412 0.42353
0.21961 0.2902 0.41961
0.27843 0.36863 0.49412
0.27059 0.35686 0.48627
0.2549 0.33333 0.47059
0.25882 0.33333 0.47451
0.27059 0.34118 0.48235
0.25882 0.32941 0.47059
0.25098 0.32157 0.46275
0.24706 0.32549 0.46275
0.24706 0.32549 0.46275
0.23922 0.31373 0.45098
0.23529 0.30588 0.44706
0.23922 0.3098 0.45098
0.23529 0.3098 0.45098
0.23137 0.3098 0.44706
0.22745 0.30588 0.43922
0.23137 0.30196 0.43137
0.24314 0.3098 0.44314
0.29412 0.35686 0.48235
0.28235 0.34902 0.46275
0.28235 0.34902 0.45882
0.27451 0.34118 0.45882
0.27059 0.33333 0.45882
0.25098 0.31765 0.44706
0.21569 0.2902 0.41569
0.21569 0.2902 0.41569
0.22353 0.29804 0.41961
0.23529 0.29412 0.39608
0.21569 0.2902 0.41176
0.22745 0.29412 0.41961
0.30196 0.37255 0.50196
0.29804 0.37255 0.50196
0.29804 0.37647 0.50588
0.2549 0.34118 0.47059
0.24706 0.33725 0.47059
0.25882 0.34118 0.47843
0.26275 0.33725 0.47451
0.2549 0.33333 0.47059
0.24706 0.32549 0.46275
0.23529 0.31765 0.4549
0.23922 0.32157 0.45882
0.24314 0.32157 0.46275
0.24706 0.31765 0.45882
0.23529 0.30196 0.44706
0.23529 0.30588 0.44706
0.23137 0.3098 0.44706
0.22745 0.3098 0.43922
0.21961 0.3098 0.43529
0.23137 0.31765 0.44314
0.25098 0.32941 0.45098
0.26275 0.32941 0.43922
0.27843 0.34118 0.45098
0.26667 0.33333 0.45098
0.26667 0.33333 0.45882
0.25882 0.32549 0.4549
0.23137 0.29412 0.42353
0.23529 0.29804 0.42745
0.22353 0.2902 0.41569
0.30196 0.36863 0.50196
0.29804 0.37255 0.50588
0.28627 0.36863 0.49412
0.2549 0.34118 0.47059
0.25098 0.34118 0.47451
0.26275 0.3451 0.48235
0.24706 0.32549 0.46275
0.24706 0.32549 0.46275
0.25098 0.33333 0.47059
0.23922 0.32549 0.46275
0.24314 0.32941 0.46275
0.2549 0.33725 0.47059
0.2549 0.32549 0.45882
0.23922 0.3098 0.44706
0.23922 0.31765 0.4549
0.23137 0.31373 0.44706
0.22353 0.31373 0.43922
0.22353 0.32157 0.44314
0.22745 0.31373 0.43529
0.23529 0.31765 0.43529
0.2549 0.32157 0.43922
0.26275 0.32941 0.44314
0.2549 0.32157 0.43922
0.26667 0.33333 0.45098
0.25882 0.32549 0.44706
0.24314 0.3098 0.43529
0.23922 0.30196 0.43137
0.22745 0.29412 0.42353
0.26275 0.3451 0.47059
0.26275 0.3451 0.47451
0.25882 0.34118 0.47451
0.24314 0.32157 0.45882
0.25098 0.32941 0.46667
0.25098 0.32941 0.46667
0.24706 0.32549 0.45882
0.2549 0.33333 0.46275
0.27451 0.34902 0.47451
0.26275 0.33725 0.46275
0.2549 0.32941 0.45882
0.25098 0.32941 0.46275
0.22745 0.3098 0.43922
0.22745 0.31373 0.44314
0.22745 0.32157 0.44706
0.22745 0.31373 0.43529
0.24706 0.32941 0.44706
0.25098 0.32941 0.44706
0.26275 0.33333 0.45098
0.26275 0.32941 0.44706
0.25882 0.32549 0.43529
0.26275 0.32941 0.44314
0.25098 0.31765 0.43529
0.23922 0.30196 0.43137
0.21961 0.2902 0.42353
0.25098 0.32941 0.46667
0.24706 0.32549 0.46275
0.2549 0.33333 0.47059
0.24706 0.32549 0.46275
0.24314 0.31373 0.4549
0.25882 0.33725 0.46667
0.2549 0.32941 0.45882
0.26667 0.33333 0.46667
0.26667 0.34118 0.47059
0.27059 0.34902 0.47843
0.25882 0.33725 0.46275
0.23529 0.31765 0.44314
0.21961 0.3098 0.43529
0.22745 0.3098 0.43137
0.25098 0.32941 0.45098
0.2549 0.32941 0.44706
0.26275 0.32941 0.44706
0.27059 0.33725 0.4549
0.25882 0.32549 0.43529
0.27059 0.33725 0.44706
0.25882 0.32549 0.43922
0.23922 0.30588 0.42353
0.2549 0.33333 0.46667
0.24314 0.31373 0.45098
0.25882 0.32941 0.46667
0.27843 0.3451 0.47843
0.2549 0.31765 0.44706
0.27451 0.33333 0.47059
0.29412 0.35686 0.48235
0.29412 0.36471 0.48627
0.2902 0.36078 0.48235
0.26667 0.3451 0.46667
0.24314 0.32549 0.44706
0.24314 0.32549 0.44706
0.2549 0.33333 0.4549
0.25098 0.32941 0.44706
0.25882 0.32941 0.44314
0.27451 0.34118 0.4549
0.25882 0.32157 0.43529
0.26275 0.32549 0.43529
0.25098 0.31765 0.42745
0.26275 0.32549 0.45882
0.28235 0.33725 0.45098
0.30196 0.35686 0.47059
0.32549 0.37647 0.48627
0.30196 0.35686 0.46275
0.28235 0.34118 0.46275
0.28627 0.34902 0.46667
0.27059 0.34118 0.45882
0.27451 0.33725 0.46667
0.26275 0.33333 0.4549
0.25098 0.32941 0.43922
0.27059 0.34902 0.45098
0.27843 0.3451 0.4549
0.26667 0.32549 0.44706
0.25882 0.31765 0.43922
0.31765 0.37255 0.48235
0.3098 0.36471 0.47451
0.28235 0.33333 0.45882
0.28627 0.3451 0.46667
0.28235 0.3451 0.46667
0.29412 0.34902 0.47451
0.29412 0.35294 0.47059
0.28627 0.35294 0.46275
0.28235 0.35686 0.46275
0.28627 0.35686 0.46667
0.24706 0.3098 0.42745
0.30588 0.36078 0.46667
0.3098 0.36078 0.47451
0.30588 0.35294 0.47843
0.29412 0.34902 0.47059
0.29412 0.35294 0.47451
0.27451 0.32941 0.45098
0.28627 0.34902 0.45882
0.28627 0.35686 0.4549
0.28235 0.35686 0.46275
0.25098 0.32157 0.43137
0.2902 0.3451 0.46275
0.30588 0.36078 0.47451
0.30196 0.35686 0.47059
0.30196 0.35686 0.47059
0.29412 0.34902 0.46275
0.28627 0.34902 0.4549
0.2549 0.32549 0.41961
0.29804 0.35294 0.46667
0.29412 0.34902 0.45882
0.2902 0.3451 0.4549
0.29804 0.35294 0.46275
0.3098 0.36471 0.47843
0.28235 0.34118 0.4549
0.29804 0.35294 0.45882
0.2902 0.3451 0.45098
0.29804 0.35294 0.45882
0.26667 0.32157 0.43529
0.3098 0.36078 0.47059
0.26667 0.32549 0.43137
