0.37255 0.43922 0.57255
0.34902 0.40784 0.54902
0.36863 0.42745 0.56863
0.34118 0.39608 0.53333
0.37255 0.43922 0.57255
0.3451 0.40392 0.5451
0.36471 0.41569 0.56078
0.36078 0.41569 0.55294
0.35686 0.42353 0.55686
0.34118 0.4 0.54118
0.3451 0.4 0.5451
0.37255 0.42745 0.57255
0.35686 0.41961 0.55294
0.35686 0.41961 0.55294
0.35686 0.41569 0.55294
0.35294 0.41176 0.55294
0.38039 0.44314 0.57255
0.36471 0.42745 0.56078
0.36471 0.42745 0.56471
0.32157 0.38431 0.52549
0.36863 0.43137 0.56078
0.36471 0.42745 0.56078
0.36471 0.42745 0.56471
0.31373 0.37647 0.51765
0.34902 0.41176 0.54118
0.3451 0.40784 0.5451
0.35294 0.41569 0.55686
0.33725 0.4 0.54118
0.37647 0.43922 0.57255
