0.17255 0.2549 0.36078
0.16078 0.24314 0.3451
0.15686 0.23922 0.3451
0.14902 0.23137 0.33725
0.16471 0.24706 0.35294
0.15686 0.23922 0.3451
0.15686 0.23922 0.34902
0.16863 0.25098 0.36471
0.17255 0.2549 0.36863
0.17255 0.25882 0.36471
0.16471 0.25882 0.36078
0.15686 0.24706 0.34902
0.15294 0.24314 0.3451
0.15294 0.23529 0.34118
0.16078 0.24314 0.34902
0.15294 0.23529 0.3451
0.16471 0.24706 0.36078
0.16471 0.24706 0.35294
0.16863 0.2549 0.34902
0.14902 0.24706 0.33725
0.15686 0.2549 0.33725
0.16078 0.2549 0.36471
0.16863 0.25098 0.36471
0.16863 0.25882 0.36471
0.16078 0.2549 0.35686
0.16078 0.2549 0.35686
0.14902 0.23922 0.34118
0.15686 0.23922 0.3451
0.15686 0.23922 0.3451
0.15294 0.23529 0.34118
0.14118 0.22353 0.33725
0.16863 0.25098 0.35686
0.17255 0.25882 0.35686
0.16471 0.2549 0.34902
0.15686 0.2549 0.33725
0.15294 0.24706 0.35686
0.16863 0.25882 0.36863
0.16078 0.23922 0.35686
0.16078 0.25098 0.35686
0.16863 0.26275 0.36471
0.16863 0.26275 0.36471
0.15294 0.23922 0.3451
0.16471 0.24706 0.35294
0.16471 0.25098 0.35686
0.15686 0.23922 0.34902
0.16471 0.24706 0.36078
0.15686 0.23922 0.3451
0.15686 0.24314 0.34118
0.15686 0.25098 0.3451
0.16078 0.26275 0.3451
0.15686 0.24706 0.35686
0.16863 0.25882 0.36863
0.16078 0.24314 0.35686
0.16471 0.25098 0.36078
0.16863 0.2549 0.36078
0.17647 0.26275 0.36863
0.16471 0.25098 0.35294
0.16863 0.24706 0.35294
0.16471 0.24706 0.35294
0.15686 0.23529 0.34118
0.17255 0.25098 0.36078
0.16863 0.25098 0.35686
0.16863 0.25098 0.35294
0.16078 0.24706 0.34118
0.16471 0.2549 0.34118
0.16471 0.24706 0.36078
0.16863 0.25098 0.36471
0.16471 0.24706 0.36078
0.17647 0.2549 0.37255
0.17255 0.2549 0.36863
0.17255 0.2549 0.36078
0.16078 0.24314 0.34902
0.17255 0.25098 0.35686
0.16863 0.24706 0.35294
0.15294 0.23137 0.33725
0.17255 0.25098 0.35686
0.17647 0.2549 0.36078
0.16471 0.25098 0.35294
0.15686 0.24314 0.33725
0.16863 0.2549 0.34118
0.16078 0.24314 0.35686
0.16471 0.24706 0.36078
0.16863 0.24706 0.36078
0.17255 0.2549 0.36863
0.18431 0.26667 0.38039
0.17255 0.2549 0.36078
0.16078 0.24314 0.34902
0.17647 0.25882 0.36471
0.16863 0.25098 0.35686
0.13333 0.21569 0.32157
0.15686 0.24314 0.34902
0.16078 0.25098 0.35686
0.16863 0.26275 0.36471
0.15294 0.24314 0.33333
0.15686 0.24314 0.32941
0.18039 0.27059 0.3451
0.15686 0.24706 0.35686
0.15686 0.24314 0.35686
0.16471 0.2549 0.36471
0.16471 0.25098 0.36078
0.17255 0.2549 0.36471
0.16471 0.24314 0.34902
0.16471 0.24314 0.35294
0.16471 0.24706 0.35294
0.16471 0.24706 0.35686
0.14902 0.23529 0.34118
0.16471 0.24706 0.35294
0.16078 0.2549 0.35686
0.16471 0.26275 0.36471
0.16471 0.25098 0.3451
0.16471 0.24706 0.33725
0.17255 0.25882 0.33725
0.14902 0.24314 0.35294
0.15686 0.25098 0.36078
0.16078 0.2549 0.36471
0.16863 0.26275 0.36863
0.17255 0.25882 0.36078
0.16471 0.24314 0.34902
0.15686 0.23529 0.3451
0.16471 0.24706 0.36078
0.15686 0.23922 0.35294
0.16078 0.24314 0.35686
0.16078 0.24314 0.34902
0.17255 0.26667 0.36863
0.16078 0.26275 0.36078
0.15686 0.25098 0.3451
0.16471 0.25098 0.34118
0.18039 0.26275 0.34902
0.18431 0.28235 0.36471
0.15686 0.25098 0.36078
0.16471 0.25882 0.36863
0.16078 0.2549 0.36471
0.16471 0.26275 0.36863
0.15686 0.25098 0.36078
0.16863 0.2549 0.36471
0.16863 0.25098 0.36471
0.16471 0.24706 0.36078
0.16863 0.25098 0.36471
0.16863 0.25098 0.36471
0.15294 0.23529 0.34118
0.17647 0.26667 0.37255
0.16471 0.26667 0.36471
0.15686 0.2549 0.3451
0.15686 0.25098 0.34118
0.17647 0.26275 0.34902
0.18039 0.27059 0.34902
0.15686 0.25098 0.36078
0.16471 0.25882 0.36863
0.15686 0.25098 0.36078
0.16078 0.26275 0.36863
0.15686 0.25882 0.36471
0.16863 0.25882 0.36863
0.15686 0.23922 0.35294
0.14902 0.22745 0.3451
0.16471 0.24314 0.36078
0.16471 0.24706 0.36078
0.14902 0.23137 0.33725
0.16471 0.26275 0.36078
0.16863 0.26667 0.36471
0.16471 0.26275 0.35294
0.16471 0.26667 0.35294
0.18039 0.27059 0.35686
0.17255 0.26275 0.33333
0.14902 0.24706 0.35294
0.15686 0.25098 0.36078
0.15294 0.24706 0.35686
0.15294 0.2549 0.36078
0.16863 0.26275 0.37255
0.17255 0.25882 0.37255
0.16078 0.24314 0.35294
0.15294 0.23529 0.34118
0.15686 0.23529 0.3451
0.16078 0.24314 0.34902
0.15294 0.23922 0.3451
0.15686 0.2549 0.35294
0.16078 0.25882 0.35686
0.16471 0.25882 0.35294
0.16078 0.25882 0.3451
0.18039 0.27843 0.36078
0.22745 0.30588 0.36078
0.14902 0.24706 0.35294
0.15686 0.25098 0.36078
0.16471 0.25882 0.36863
0.15686 0.2549 0.36078
0.16471 0.25882 0.36863
0.17647 0.26275 0.37647
0.17647 0.25882 0.36471
0.16471 0.24706 0.3451
0.16471 0.25098 0.3451
0.16471 0.25098 0.34902
0.14902 0.23922 0.34118
0.15294 0.23922 0.3451
0.17255 0.25882 0.36078
0.17255 0.26275 0.36078
0.16471 0.25098 0.33725
0.18824 0.27059 0.3451
0.23137 0.30196 0.35294
0.22745 0.23922 0.26275
0.15686 0.25098 0.36078
0.16863 0.25882 0.37255
0.16471 0.26275 0.36863
0.16863 0.26275 0.37255
0.16863 0.2549 0.36863
0.16863 0.2549 0.36471
0.15294 0.24314 0.34902
0.15686 0.24706 0.35294
0.16471 0.2549 0.36078
0.15294 0.24314 0.3451
0.15686 0.23922 0.3451
0.16471 0.24314 0.3451
0.16471 0.23137 0.31765
0.14902 0.20784 0.27843
0.15686 0.20392 0.26275
0.18431 0.23529 0.27843
0.21961 0.22353 0.24706
0.16078 0.2549 0.36471
0.14902 0.24314 0.35294
0.16471 0.25882 0.36863
0.16863 0.26275 0.36863
0.18039 0.27451 0.37647
0.16078 0.2549 0.36078
0.14902 0.24314 0.35294
0.14902 0.24314 0.35294
0.16863 0.26275 0.36863
0.15294 0.24314 0.3451
0.16078 0.24706 0.35294
0.17647 0.24706 0.33725
0.15294 0.24706 0.35686
0.16078 0.2549 0.36471
0.16078 0.2549 0.36471
0.16471 0.25882 0.36078
0.16863 0.26275 0.36863
0.14902 0.24314 0.35294
0.15294 0.24706 0.35686
0.16863 0.25882 0.36471
0.15686 0.25098 0.35294
0.17255 0.2549 0.35686
0.18824 0.23922 0.30588
0.16471 0.25882 0.36863
0.15686 0.25098 0.36078
0.14902 0.24314 0.3451
0.16471 0.25882 0.36471
0.16078 0.2549 0.36471
0.15294 0.24706 0.35686
0.14902 0.23922 0.34902
0.14902 0.24314 0.35686
0.17647 0.25882 0.35294
0.16863 0.26275 0.36863
0.16471 0.25882 0.36078
0.16863 0.2549 0.36078
0.17255 0.25882 0.36078
0.16471 0.2549 0.35686
0.15686 0.24706 0.35294
0.15686 0.23137 0.3451
0.15294 0.22353 0.32549
0.12941 0.18039 0.24314
0.16863 0.25882 0.36078
0.17255 0.2549 0.36078
0.18039 0.25882 0.36078
0.15686 0.21569 0.30588
0.13333 0.16471 0.23922
0.16863 0.26275 0.36471
0.17647 0.26275 0.36863
0.18431 0.25882 0.36078
0.12549 0.16078 0.22745
0.18431 0.26275 0.36078
0.17255 0.23529 0.32157
0.15686 0.18431 0.24706
0.18039 0.24706 0.32549
0.14902 0.17647 0.23137
