0.74118 0.67843 0.61961
0.7451 0.67843 0.61569
0.75294 0.68627 0.62353
0.7451 0.68235 0.61961
0.75294 0.6902 0.62745
0.7451 0.67843 0.61569
0.74902 0.68235 0.61961
0.75686 0.69804 0.63137
0.73725 0.67451 0.61569
0.73725 0.67451 0.61569
0.74118 0.67843 0.61569
0.76471 0.70196 0.63137
0.75686 0.69412 0.63137
0.74902 0.68627 0.62353
0.7451 0.68235 0.61961
0.73725 0.67451 0.61569
0.75294 0.6902 0.62745
0.75686 0.69412 0.62745
0.7451 0.68235 0.61569
0.74118 0.67843 0.61176
0.73725 0.67843 0.61961
0.74902 0.68627 0.62353
0.7451 0.68235 0.61569
0.72941 0.67059 0.59608
0.7451 0.68627 0.61176
0.74902 0.68235 0.61569
0.75294 0.68627 0.61569
0.74902 0.68627 0.61569
0.76471 0.70588 0.62353
0.75294 0.68627 0.61961
