0.51765 0.63529 0.77647
0.51765 0.63922 0.78039
0.52157 0.63922 0.78039
0.52157 0.64314 0.78431
0.51765 0.63529 0.77647
0.51765 0.63529 0.77647
0.51765 0.63922 0.78039
0.52157 0.63922 0.78039
0.51765 0.63529 0.77647
0.51765 0.63529 0.77647
0.51373 0.63137 0.77255
0.52157 0.63922 0.78039
0.52157 0.63922 0.78039
0.52157 0.63922 0.78039
0.52549 0.64314 0.78431
0.51765 0.63529 0.77647
0.51373 0.63137 0.77647
0.52157 0.63922 0.78039
0.51765 0.63529 0.77647
0.51765 0.63529 0.77647
0.52549 0.64314 0.78431
0.52157 0.63922 0.78039
0.52157 0.63922 0.78039
0.51765 0.63529 0.77647
0.52157 0.63529 0.78039
