0.62745 0.60392 0.58039
0.65098 0.60784 0.56863
0.6549 0.61176 0.57647
0.66667 0.61961 0.57647
0.67059 0.61961 0.57255
0.68627 0.62745 0.56863
0.61176 0.60392 0.59216
0.64706 0.60392 0.56863
0.64706 0.60784 0.56863
0.65882 0.61176 0.56863
0.66667 0.61569 0.56863
0.67451 0.61569 0.56078
0.73333 0.67059 0.61176
0.7451 0.68235 0.61569
0.72549 0.66275 0.59608
0.70588 0.64314 0.58431
0.58039 0.59608 0.6
0.65098 0.60392 0.56471
0.65098 0.6 0.56471
0.65098 0.6 0.56078
0.65882 0.60784 0.56471
0.67843 0.61569 0.56863
0.72941 0.66667 0.60392
0.74902 0.68235 0.61569
0.72549 0.65882 0.59216
0.7098 0.64706 0.58431
0.70588 0.65098 0.58824
0.70196 0.64706 0.58824
0.69412 0.63922 0.58824
0.68627 0.63529 0.58824
0.67843 0.63529 0.58824
0.68235 0.63529 0.58824
0.52157 0.57255 0.6
0.63922 0.6 0.56471
0.63529 0.58824 0.55294
0.64706 0.59608 0.55686
0.66275 0.60784 0.56471
0.67451 0.61176 0.56471
0.71373 0.65098 0.58824
0.75686 0.68627 0.61961
0.72549 0.65882 0.58824
0.70588 0.64706 0.58431
0.69804 0.64706 0.58039
0.69412 0.63922 0.58039
0.6902 0.63529 0.58431
0.68627 0.63529 0.58824
0.67843 0.63137 0.58431
0.67843 0.63137 0.58431
0.67843 0.63137 0.58431
0.68235 0.63529 0.58824
0.67843 0.62745 0.58039
0.67843 0.62745 0.58431
0.67451 0.62745 0.58039
0.51765 0.58824 0.63137
0.63137 0.58824 0.55294
0.63137 0.58824 0.55686
0.64314 0.59216 0.55294
0.64706 0.59216 0.54902
0.64314 0.58431 0.53333
0.67843 0.61569 0.55294
0.74902 0.68235 0.61569
0.72549 0.66275 0.59216
0.70588 0.64314 0.58039
0.69412 0.64314 0.58039
0.6902 0.63922 0.57647
0.68627 0.63137 0.58039
0.68627 0.63922 0.58824
0.68627 0.63922 0.59216
0.68235 0.63529 0.58824
0.67843 0.63137 0.58431
0.67843 0.63137 0.58431
0.68235 0.63137 0.58431
0.68235 0.62745 0.58431
0.67843 0.62353 0.58039
0.67843 0.62745 0.58431
0.67451 0.62745 0.58039
0.67843 0.63137 0.58431
0.68235 0.63137 0.58431
0.53333 0.60784 0.64706
0.60392 0.55294 0.51765
0.6 0.56078 0.52157
0.61176 0.56471 0.52941
0.61961 0.56863 0.52941
0.61961 0.56471 0.51765
0.65098 0.59216 0.52941
0.72941 0.66667 0.58824
0.71373 0.64706 0.56863
0.68627 0.62745 0.55686
0.67451 0.61961 0.56078
0.67059 0.61569 0.56863
0.67843 0.62353 0.58039
0.67059 0.62353 0.57647
0.66275 0.61961 0.57255
0.66275 0.61961 0.56863
0.65882 0.61176 0.56471
0.66275 0.61176 0.57647
0.66275 0.61176 0.57647
0.66667 0.61569 0.57647
0.66275 0.61176 0.57255
0.65882 0.60784 0.56863
0.66275 0.61176 0.57255
0.66667 0.61569 0.57647
0.66667 0.61176 0.57255
0.51765 0.59216 0.62353
0.6 0.56471 0.52549
0.60392 0.56863 0.52941
0.61176 0.57255 0.53333
0.61961 0.56863 0.53333
0.62353 0.56863 0.52549
0.67451 0.61569 0.54902
0.73725 0.67451 0.59216
0.7098 0.64706 0.56471
0.67451 0.61569 0.54118
0.6549 0.6 0.5451
0.64706 0.59216 0.54902
0.64706 0.59608 0.54902
0.63922 0.59608 0.54902
0.63137 0.59216 0.5451
0.63137 0.59216 0.5451
0.62353 0.58431 0.54118
0.62745 0.58824 0.54902
0.63137 0.58431 0.54902
0.63137 0.58431 0.54902
0.63137 0.58431 0.54902
0.62353 0.57647 0.54118
0.62745 0.58039 0.5451
0.63529 0.58824 0.55294
0.64314 0.59216 0.55294
0.52549 0.58039 0.6
0.59216 0.56078 0.51765
0.59608 0.56078 0.52941
0.60392 0.56863 0.53333
0.61176 0.57255 0.53725
0.61961 0.56471 0.52549
0.67451 0.61569 0.54902
0.73725 0.67059 0.59216
0.70588 0.64314 0.56078
0.68235 0.62353 0.54902
0.66667 0.61176 0.55294
0.6549 0.60392 0.55686
0.64706 0.6 0.55294
0.63922 0.6 0.55294
0.63137 0.6 0.54902
0.63529 0.6 0.55686
0.62745 0.59216 0.55294
0.62353 0.58431 0.55294
0.62353 0.58431 0.54902
0.62745 0.58824 0.55294
0.62745 0.58824 0.55294
0.62745 0.58824 0.54902
0.62745 0.58824 0.54902
0.62745 0.59216 0.54902
0.63922 0.59216 0.55294
0.54902 0.58824 0.60392
0.59608 0.56078 0.51765
0.6 0.56471 0.52549
0.6 0.56471 0.52549
0.61176 0.56863 0.53333
0.62353 0.56863 0.53333
0.67451 0.61176 0.54902
0.74118 0.67843 0.59216
0.71373 0.64706 0.56863
0.68235 0.61961 0.54902
0.66275 0.60784 0.54902
0.65882 0.60784 0.55686
0.65098 0.60784 0.56078
0.64314 0.60392 0.56078
0.63137 0.59608 0.55294
0.63137 0.59608 0.55686
0.63529 0.59608 0.56078
0.63137 0.59216 0.56078
0.63137 0.59216 0.55686
0.63137 0.59216 0.55686
0.63529 0.59608 0.56078
0.62745 0.59216 0.55294
0.63137 0.59216 0.55294
0.63137 0.58824 0.55294
0.64314 0.59216 0.55686
0.5451 0.57647 0.58431
0.59608 0.56078 0.51373
0.59608 0.56471 0.52157
0.6 0.56078 0.52157
0.61176 0.56471 0.52941
0.62745 0.56863 0.53333
0.6902 0.62745 0.56078
0.74902 0.68627 0.59608
0.72157 0.6549 0.58039
0.68235 0.61569 0.55294
0.65882 0.60784 0.5451
0.65098 0.60784 0.55294
0.64706 0.6 0.55294
0.64314 0.6 0.56078
0.63529 0.59608 0.55686
0.63137 0.59216 0.55686
0.63137 0.59216 0.55686
0.62745 0.58824 0.55294
0.62745 0.58824 0.55294
0.63137 0.58824 0.55294
0.62745 0.58824 0.55294
0.62353 0.58824 0.55294
0.63137 0.59216 0.55686
0.63529 0.58431 0.55294
0.63922 0.59216 0.55686
0.55294 0.56078 0.57255
0.58824 0.54902 0.5098
0.59216 0.56471 0.52157
0.60392 0.56078 0.52157
0.60784 0.55686 0.52157
0.62353 0.56471 0.52941
0.68235 0.61961 0.55294
0.7451 0.68235 0.58824
0.71373 0.64706 0.57255
0.67451 0.60784 0.5451
0.65882 0.60392 0.5451
0.64706 0.6 0.54902
0.64706 0.6 0.55294
0.63922 0.59608 0.55686
0.62745 0.59216 0.55294
0.63137 0.59216 0.55686
0.62745 0.58824 0.55294
0.63137 0.59216 0.55686
0.63529 0.58431 0.55294
0.63529 0.58824 0.55686
0.63137 0.58431 0.55294
0.63922 0.58824 0.55686
0.63529 0.58431 0.55294
0.63137 0.58824 0.55686
0.63529 0.59608 0.55686
0.56863 0.56863 0.57647
0.59216 0.55294 0.51373
0.59216 0.56471 0.52157
0.60392 0.56471 0.52549
0.61176 0.56471 0.52941
0.62353 0.56471 0.52941
0.68235 0.61961 0.55686
0.7451 0.68235 0.6
0.72157 0.6549 0.58039
0.67451 0.61569 0.5451
0.65882 0.60392 0.5451
0.65098 0.60392 0.55294
0.65098 0.60392 0.55686
0.64314 0.59608 0.55686
0.63137 0.58824 0.54902
0.62353 0.58431 0.54902
0.63529 0.59608 0.56078
0.63529 0.59608 0.56078
0.63529 0.58824 0.55294
0.63529 0.58431 0.55294
0.63922 0.58431 0.55686
0.63529 0.58431 0.55294
0.63137 0.58431 0.55294
0.62745 0.58824 0.55294
0.63137 0.59216 0.55686
0.56863 0.56863 0.56863
0.59216 0.55294 0.51373
0.59216 0.55686 0.52157
0.60392 0.56471 0.52549
0.61569 0.56863 0.53333
0.62745 0.56863 0.52549
0.6902 0.62745 0.56078
0.74118 0.67451 0.6
0.71765 0.6549 0.57647
0.67843 0.61961 0.54902
0.6549 0.60392 0.54118
0.65098 0.60392 0.54902
0.64706 0.60392 0.55294
0.64314 0.59216 0.55294
0.63922 0.58824 0.55294
0.62745 0.58824 0.54902
0.63137 0.59216 0.55686
0.63529 0.59608 0.56078
0.63529 0.59216 0.55686
0.63137 0.58431 0.55294
0.63529 0.59216 0.55686
0.62745 0.58431 0.55294
0.62353 0.58431 0.54902
0.62745 0.58824 0.55294
0.63137 0.59216 0.55686
0.57255 0.56863 0.55686
0.59608 0.55686 0.51765
0.59608 0.56078 0.52549
0.60392 0.56471 0.52941
0.61569 0.56863 0.53333
0.62353 0.57255 0.52157
0.68235 0.62745 0.55294
0.73725 0.67843 0.58824
0.7098 0.64706 0.57255
0.67059 0.61176 0.54902
0.65098 0.6 0.5451
0.6549 0.60784 0.56078
0.65098 0.60392 0.55686
0.6549 0.60392 0.56471
0.64314 0.59216 0.55686
0.62745 0.58824 0.54902
0.62745 0.58824 0.54902
0.63137 0.59216 0.55686
0.63137 0.59216 0.55686
0.62745 0.58824 0.55294
0.63137 0.59216 0.55686
0.62745 0.58824 0.55294
0.63137 0.59216 0.55686
0.63137 0.59216 0.55686
0.63137 0.59216 0.55686
0.57255 0.57255 0.54902
0.59608 0.55294 0.51765
0.59608 0.56078 0.52157
0.60784 0.56863 0.53333
0.61569 0.56863 0.53333
0.61569 0.56471 0.52549
0.68235 0.63137 0.56471
0.72941 0.67451 0.59608
0.70196 0.63922 0.57255
0.67059 0.61176 0.55294
0.6549 0.60392 0.55294
0.6549 0.60784 0.56078
0.65098 0.60392 0.55686
0.64706 0.6 0.56078
0.63922 0.58824 0.55294
0.63137 0.59216 0.55294
0.62745 0.58824 0.54902
0.62745 0.58824 0.55294
0.63137 0.59608 0.56078
0.62353 0.58824 0.55294
0.61961 0.58431 0.55294
0.62353 0.58824 0.55294
0.62745 0.58824 0.55294
0.63137 0.59608 0.56078
0.63137 0.59608 0.56078
0.56863 0.56863 0.54118
0.60392 0.55686 0.52549
0.59216 0.55686 0.51765
0.60392 0.56471 0.52941
0.60784 0.56863 0.53333
0.61961 0.56863 0.53333
0.69412 0.63922 0.57647
0.73333 0.67451 0.59216
0.69804 0.64314 0.57255
0.66667 0.61176 0.56078
0.6549 0.6 0.55294
0.65098 0.6 0.55294
0.65098 0.60392 0.56078
0.64706 0.59608 0.56078
0.63922 0.58824 0.55686
0.63137 0.59216 0.55686
0.62353 0.58824 0.55294
0.62353 0.58824 0.55294
0.61961 0.58039 0.55294
0.62353 0.58431 0.56078
0.61961 0.58039 0.55686
0.62353 0.58431 0.55294
0.62353 0.58824 0.55294
0.62353 0.58824 0.55294
0.62745 0.59216 0.55294
0.59216 0.56471 0.53725
0.6 0.55686 0.52549
0.59608 0.56078 0.52157
0.60392 0.56471 0.52941
0.60784 0.56863 0.53333
0.61961 0.57255 0.53333
0.69804 0.64314 0.58039
0.72941 0.67059 0.58824
0.69412 0.63922 0.56863
0.66275 0.61176 0.55686
0.6549 0.6 0.55294
0.65098 0.6 0.55686
0.65098 0.60392 0.56078
0.63922 0.58824 0.55294
0.63137 0.58039 0.54902
0.63137 0.58039 0.54902
0.62745 0.58431 0.54902
0.61961 0.58431 0.54902
0.61961 0.58039 0.54902
0.62353 0.58039 0.55294
0.62745 0.58824 0.55686
0.62745 0.58824 0.55686
0.62353 0.58824 0.55294
0.62745 0.59216 0.55686
0.62745 0.59608 0.55686
0.60392 0.54902 0.52549
0.6 0.55686 0.52549
0.6 0.56078 0.52549
0.60392 0.56471 0.52941
0.60784 0.56863 0.53333
0.61961 0.56863 0.53333
0.69804 0.64314 0.58431
0.72941 0.67059 0.59216
0.69412 0.63922 0.56863
0.66275 0.60784 0.55294
0.6549 0.59608 0.55294
0.65098 0.6 0.55294
0.65098 0.60392 0.56078
0.64314 0.59216 0.55686
0.63529 0.58039 0.54902
0.63529 0.58431 0.55294
0.63529 0.58431 0.55294
0.62353 0.58824 0.55294
0.62745 0.58039 0.54902
0.63137 0.58431 0.54902
0.63137 0.58431 0.55294
0.62745 0.58824 0.55294
0.62353 0.58824 0.55294
0.62745 0.59216 0.55686
0.63137 0.59608 0.56078
0.59608 0.53725 0.51765
0.59216 0.54902 0.51765
0.59608 0.55686 0.52549
0.60392 0.56078 0.52941
0.60784 0.56078 0.52549
0.61569 0.56863 0.52549
0.70588 0.63922 0.56863
0.72157 0.66667 0.58431
0.68627 0.63137 0.56471
0.66275 0.60784 0.55294
0.65098 0.59608 0.54902
0.64314 0.58824 0.5451
0.64314 0.59608 0.55294
0.63529 0.58431 0.55294
0.63137 0.58039 0.54902
0.63137 0.58039 0.54902
0.63137 0.58039 0.54902
0.63137 0.58039 0.54902
0.62745 0.57647 0.5451
0.62745 0.57647 0.5451
0.63137 0.58039 0.54902
0.62353 0.58039 0.54902
0.61569 0.58039 0.5451
0.62353 0.58431 0.5451
0.62353 0.58824 0.54902
0.59608 0.54902 0.52549
0.59216 0.54902 0.52549
0.59608 0.55294 0.52549
0.6 0.55686 0.52549
0.61176 0.56078 0.52941
0.61961 0.57255 0.52941
0.7098 0.63922 0.57255
0.71765 0.66667 0.58039
0.68627 0.63137 0.56471
0.66275 0.61176 0.55294
0.65098 0.59608 0.54902
0.64314 0.59216 0.54902
0.64314 0.59608 0.55294
0.63529 0.58431 0.55294
0.63137 0.58039 0.54902
0.63137 0.58039 0.5451
0.63137 0.58039 0.54902
0.63529 0.58431 0.54902
0.63529 0.58431 0.55294
0.63137 0.58039 0.54902
0.63137 0.58039 0.54902
0.62745 0.58431 0.54902
0.61961 0.58039 0.5451
0.62745 0.58431 0.54902
0.62745 0.58824 0.54902
0.48235 0.58431 0.65882
0.59216 0.55686 0.52941
0.6 0.56078 0.54118
0.6 0.55686 0.53333
0.60784 0.56471 0.53333
0.61569 0.56471 0.53333
0.61961 0.57647 0.52941
0.71765 0.65098 0.58039
0.71765 0.66667 0.58039
0.6902 0.63529 0.56863
0.66275 0.61176 0.55686
0.64706 0.58824 0.5451
0.64314 0.59216 0.54902
0.63922 0.59216 0.54902
0.63922 0.58824 0.55294
0.63529 0.58039 0.55294
0.63529 0.58431 0.54902
0.63529 0.58431 0.54902
0.63137 0.58039 0.5451
0.63922 0.58824 0.55294
0.63529 0.58431 0.55294
0.63137 0.58039 0.54902
0.62353 0.58039 0.54902
0.62353 0.58431 0.54902
0.62745 0.58824 0.54902
0.63137 0.59216 0.55294
0.49412 0.59216 0.64706
0.58431 0.55294 0.52941
0.6 0.56471 0.54902
0.60392 0.56078 0.54118
0.61176 0.56863 0.54118
0.61961 0.57255 0.53725
0.62353 0.57647 0.53725
0.71765 0.65098 0.58431
0.71373 0.66275 0.58039
0.6902 0.62745 0.56863
0.66667 0.60784 0.55686
0.64706 0.59608 0.54902
0.64314 0.59608 0.54902
0.64706 0.59608 0.55686
0.63529 0.58824 0.55294
0.63137 0.58824 0.55294
0.62745 0.58431 0.54902
0.63137 0.58824 0.54902
0.62745 0.58431 0.5451
0.62353 0.58039 0.5451
0.62353 0.58039 0.54902
0.62745 0.58431 0.55294
0.61961 0.58431 0.54902
0.61961 0.58431 0.54902
0.62745 0.59216 0.55686
0.49804 0.58824 0.63922
0.59216 0.55686 0.53725
0.6 0.56471 0.55294
0.6 0.56471 0.5451
0.60784 0.56471 0.54118
0.61569 0.56471 0.53333
0.61961 0.57647 0.53333
0.71765 0.65098 0.58824
0.7098 0.65882 0.58039
0.68627 0.62353 0.56471
0.66667 0.60784 0.55294
0.64706 0.59216 0.5451
0.64314 0.6 0.54902
0.63922 0.59216 0.54902
0.63137 0.58824 0.54902
0.61961 0.58431 0.54902
0.61961 0.58039 0.54118
0.62745 0.58824 0.54902
0.62353 0.58431 0.5451
0.62353 0.58431 0.54902
0.61961 0.58039 0.5451
0.62353 0.58431 0.54902
0.61961 0.58431 0.54902
0.61961 0.58431 0.54902
0.50196 0.58039 0.63137
0.6 0.56078 0.54118
0.6 0.56471 0.54902
0.59608 0.56078 0.54118
0.60784 0.56471 0.53725
0.61176 0.56471 0.52941
0.62353 0.57647 0.53725
0.72157 0.65098 0.59216
0.70588 0.6549 0.57647
0.6902 0.62745 0.56863
0.66275 0.6 0.54902
0.64706 0.59216 0.5451
0.64314 0.59608 0.54902
0.63922 0.59216 0.54902
0.62745 0.58431 0.54902
0.62353 0.58431 0.54902
0.61569 0.57647 0.54118
0.62353 0.58431 0.54902
0.62353 0.58431 0.54902
0.62745 0.58824 0.55294
0.61961 0.58039 0.5451
0.62745 0.58824 0.55294
0.62745 0.58824 0.55294
0.50588 0.57647 0.63137
0.59216 0.55294 0.53333
0.60392 0.56863 0.54902
0.60392 0.56471 0.53725
0.60784 0.56863 0.53725
0.61569 0.57255 0.53725
0.63137 0.58431 0.5451
0.71765 0.65882 0.59216
0.70588 0.65098 0.58431
0.68627 0.63137 0.56863
0.66275 0.60392 0.5451
0.65098 0.6 0.54902
0.64706 0.60392 0.55686
0.63922 0.59608 0.55686
0.63137 0.58824 0.55294
0.62353 0.58431 0.54902
0.61961 0.58039 0.5451
0.61569 0.58039 0.5451
0.61569 0.58039 0.5451
0.61961 0.58431 0.54902
0.62353 0.58431 0.54902
0.62745 0.58824 0.55294
0.62745 0.58824 0.55294
0.51765 0.58039 0.63137
0.59216 0.55686 0.52941
0.59608 0.56471 0.54118
0.6 0.56078 0.52549
0.60392 0.56471 0.52941
0.60392 0.56863 0.53333
0.63137 0.58431 0.54118
0.72157 0.66667 0.59608
0.70196 0.64314 0.58431
0.67843 0.63137 0.56078
0.65882 0.60784 0.5451
0.64706 0.6 0.54902
0.64314 0.59608 0.55686
0.62353 0.58431 0.55294
0.61961 0.57647 0.54902
0.61961 0.58039 0.5451
0.61961 0.58039 0.5451
0.61569 0.58039 0.5451
0.61569 0.58039 0.5451
0.61961 0.58431 0.54902
0.62353 0.58824 0.55294
0.62353 0.58431 0.55294
0.52157 0.57255 0.61569
0.60392 0.56078 0.52941
0.59608 0.56471 0.53725
0.6 0.56078 0.52549
0.60392 0.56471 0.52941
0.60392 0.56471 0.52941
0.63137 0.58431 0.54118
0.72157 0.66667 0.59608
0.70196 0.64314 0.58824
0.67451 0.62745 0.56078
0.65882 0.60392 0.55294
0.64706 0.59608 0.55686
0.64314 0.59608 0.56078
0.62745 0.58824 0.55294
0.61961 0.57647 0.54902
0.61569 0.57647 0.54118
0.61569 0.57647 0.54118
0.61569 0.57647 0.54118
0.61961 0.58431 0.54902
0.61961 0.58431 0.54902
0.61569 0.58039 0.5451
0.55294 0.59216 0.62353
0.6 0.55686 0.52549
0.6 0.56471 0.53725
0.60392 0.56471 0.52941
0.60784 0.56863 0.53333
0.60784 0.56863 0.52941
0.62745 0.58431 0.53725
0.72157 0.66667 0.59608
0.69412 0.64706 0.58039
0.67451 0.62745 0.56471
0.61569 0.58039 0.5451
0.61961 0.58039 0.5451
0.56078 0.59608 0.61569
0.59608 0.55294 0.52941
0.61176 0.56863 0.53725
