0.18039 0.15294 0.11765
0.098039 0.090196 0.062745
0.12549 0.11765 0.082353
0.16863 0.16078 0.11373
0.14902 0.12941 0.094118
0.16863 0.12941 0.094118
0.18039 0.18824 0.13725
0.086275 0.086275 0.054902
0.11765 0.1098 0.070588
0.13725 0.12549 0.082353
0.14902 0.13333 0.086275
0.14902 0.11373 0.078431
0.094118 0.082353 0.058824
0.11765 0.11373 0.07451
0.13725 0.16471 0.07451
0.18824 0.21961 0.10196
0.13333 0.14118 0.082353
0.11765 0.1098 0.07451
0.15294 0.1451 0.094118
0.17647 0.16471 0.11765
0.16471 0.14902 0.10588
0.15294 0.12941 0.086275
0.27451 0.21961 0.17255
0.10588 0.1098 0.054902
0.10588 0.098039 0.054902
0.14902 0.13333 0.1098
0.11765 0.10196 0.086275
0.1098 0.10196 0.07451
0.12549 0.13725 0.062745
0.16863 0.20392 0.078431
0.20392 0.23922 0.11765
0.18431 0.18824 0.11765
0.13725 0.12549 0.078431
0.2 0.19216 0.12941
0.17255 0.16471 0.1098
0.16863 0.15294 0.1098
0.16863 0.15686 0.1098
0.18824 0.14902 0.12157
0.12157 0.13725 0.070588
0.090196 0.098039 0.05098
0.090196 0.090196 0.058824
0.10588 0.098039 0.066667
0.13725 0.12941 0.098039
0.13333 0.13333 0.10588
0.16471 0.18431 0.094118
0.17647 0.21176 0.098039
0.17647 0.2 0.098039
0.16078 0.16078 0.090196
0.1451 0.14118 0.082353
0.16078 0.15686 0.090196
0.18039 0.17255 0.11765
0.16078 0.15294 0.10196
0.16078 0.15294 0.10196
0.15294 0.12549 0.090196
0.48235 0.42353 0.34902
0.11765 0.12941 0.062745
0.090196 0.098039 0.054902
0.086275 0.094118 0.066667
0.12549 0.13725 0.086275
0.16863 0.18431 0.1098
0.18431 0.19608 0.12157
0.21176 0.22353 0.15686
0.20392 0.22745 0.11373
0.19608 0.22353 0.1098
0.12941 0.1451 0.054902
0.18039 0.17647 0.11373
0.14902 0.15294 0.086275
0.16078 0.15686 0.090196
0.19608 0.18824 0.12941
0.16078 0.15294 0.10196
0.14118 0.14118 0.090196
0.13333 0.12549 0.078431
0.25098 0.21569 0.16078
0.098039 0.10196 0.043137
0.098039 0.10196 0.05098
0.1098 0.1098 0.066667
0.098039 0.098039 0.062745
0.1451 0.14902 0.082353
0.21569 0.23529 0.1451
0.27451 0.29412 0.21961
0.29412 0.30588 0.25098
0.1451 0.15686 0.082353
0.12941 0.1451 0.066667
0.14118 0.14902 0.07451
0.12941 0.12941 0.070588
0.18824 0.19608 0.12941
0.17647 0.17647 0.1098
0.17255 0.16471 0.10588
0.16471 0.16078 0.1098
0.1451 0.1451 0.090196
0.14902 0.14902 0.10196
0.1451 0.13333 0.090196
0.098039 0.1098 0.054902
0.12549 0.13333 0.078431
0.12157 0.12549 0.07451
0.10588 0.11373 0.054902
0.12941 0.14118 0.07451
0.13725 0.14902 0.078431
0.17255 0.18431 0.12157
0.38039 0.38824 0.33333
0.14902 0.15686 0.10196
0.078431 0.086275 0.035294
0.12549 0.13333 0.078431
0.17255 0.18039 0.12941
0.14118 0.14902 0.098039
0.11373 0.12941 0.070588
0.12941 0.12941 0.07451
0.13725 0.14118 0.086275
0.12549 0.12941 0.078431
0.12549 0.12549 0.078431
0.13333 0.12941 0.086275
0.43922 0.38431 0.3098
0.090196 0.098039 0.043137
0.11373 0.11765 0.066667
0.10588 0.11373 0.058824
0.098039 0.1098 0.043137
0.14118 0.15294 0.086275
0.14902 0.15686 0.090196
0.16471 0.16863 0.1098
0.26275 0.27059 0.21961
0.30588 0.3098 0.26275
0.30196 0.3098 0.26275
0.16863 0.18039 0.12941
0.21961 0.23137 0.18039
0.13725 0.14902 0.098039
0.11765 0.13333 0.078431
0.12157 0.11765 0.070588
0.11765 0.11765 0.070588
0.12549 0.12549 0.078431
0.12157 0.11765 0.070588
0.12941 0.11765 0.07451
0.24706 0.20784 0.15294
0.10196 0.11765 0.062745
0.090196 0.10196 0.043137
0.12157 0.12941 0.07451
0.10588 0.11373 0.058824
0.24706 0.25882 0.2
0.27843 0.2902 0.22353
0.1451 0.13725 0.078431
0.13725 0.12941 0.07451
0.16078 0.16471 0.11765
0.21961 0.21961 0.18039
0.3098 0.30588 0.27059
0.21176 0.20392 0.17255
0.29804 0.2902 0.2549
0.14902 0.1451 0.1098
0.10588 0.11765 0.070588
0.094118 0.090196 0.047059
0.086275 0.086275 0.043137
0.098039 0.094118 0.05098
0.12157 0.1098 0.062745
0.12549 0.1098 0.066667
0.15294 0.12941 0.098039
0.12549 0.15686 0.078431
0.10588 0.12941 0.058824
0.14118 0.15686 0.098039
0.38824 0.39608 0.3451
0.31765 0.30196 0.24706
0.23529 0.21961 0.16863
0.16863 0.18431 0.12941
0.18824 0.2 0.14902
0.16863 0.16863 0.12549
0.10588 0.10196 0.054902
0.086275 0.086275 0.039216
0.094118 0.090196 0.047059
0.14902 0.1451 0.10588
0.10196 0.10588 0.066667
0.082353 0.082353 0.039216
0.10196 0.10196 0.058824
0.12157 0.12157 0.07451
0.11373 0.10588 0.058824
0.13725 0.1098 0.07451
0.12941 0.10196 0.07451
0.37255 0.3098 0.24314
0.11373 0.1451 0.066667
0.11765 0.14118 0.070588
0.1451 0.16078 0.10196
0.36078 0.34902 0.30196
0.4 0.32549 0.29412
0.21176 0.16078 0.12157
0.1451 0.16471 0.1098
0.12941 0.1451 0.090196
0.11373 0.11765 0.066667
0.11373 0.11373 0.062745
0.10588 0.1098 0.054902
0.10588 0.10588 0.058824
0.10196 0.10196 0.062745
0.098039 0.098039 0.058824
0.10196 0.10588 0.062745
0.12549 0.12549 0.078431
0.11765 0.11765 0.070588
0.10588 0.10196 0.054902
0.11765 0.10196 0.058824
0.12549 0.10196 0.078431
0.19216 0.1451 0.1098
0.10196 0.12157 0.054902
0.10588 0.12157 0.054902
0.12941 0.14118 0.07451
0.16863 0.17647 0.12157
0.2 0.18824 0.13725
0.13333 0.12941 0.07451
0.12157 0.13333 0.078431
0.094118 0.10196 0.05098
0.086275 0.094118 0.039216
0.10588 0.11373 0.062745
0.10588 0.11373 0.062745
0.10196 0.1098 0.062745
0.094118 0.10196 0.058824
0.098039 0.10588 0.062745
0.094118 0.10196 0.054902
0.11765 0.12549 0.07451
0.10196 0.10196 0.054902
0.1098 0.1098 0.058824
0.13333 0.12941 0.082353
0.11373 0.10588 0.066667
0.13333 0.1098 0.086275
0.16471 0.17255 0.098039
0.10588 0.11765 0.054902
0.12549 0.13725 0.07451
0.11373 0.12549 0.066667
0.090196 0.11373 0.054902
0.10588 0.12157 0.066667
0.1098 0.11373 0.070588
0.090196 0.094118 0.054902
0.094118 0.10196 0.054902
0.11373 0.12549 0.070588
0.098039 0.1098 0.058824
0.090196 0.10588 0.05098
0.090196 0.10196 0.054902
0.090196 0.10196 0.05098
0.098039 0.11373 0.062745
0.1098 0.12549 0.070588
0.10196 0.1098 0.062745
0.094118 0.094118 0.05098
0.12549 0.11765 0.07451
0.11765 0.10588 0.066667
0.12549 0.11373 0.086275
0.35294 0.29804 0.23529
0.18039 0.17255 0.10196
0.1098 0.11765 0.058824
0.10588 0.12157 0.062745
0.090196 0.10588 0.043137
0.086275 0.10196 0.043137
0.086275 0.10196 0.054902
0.082353 0.090196 0.054902
0.098039 0.098039 0.062745
0.10588 0.11373 0.070588
0.098039 0.11373 0.058824
0.086275 0.1098 0.054902
0.082353 0.10196 0.047059
0.086275 0.1098 0.054902
0.090196 0.10588 0.05098
0.1098 0.12549 0.070588
0.1098 0.12157 0.070588
0.10588 0.11373 0.070588
0.098039 0.10196 0.062745
0.1098 0.10196 0.062745
0.11373 0.10196 0.066667
0.12549 0.11373 0.086275
0.17255 0.1451 0.11765
0.23529 0.22353 0.15686
0.094118 0.10588 0.047059
0.078431 0.094118 0.031373
0.094118 0.1098 0.047059
0.12157 0.14118 0.082353
0.098039 0.1098 0.062745
0.086275 0.094118 0.05098
0.1098 0.11373 0.070588
0.098039 0.10588 0.054902
0.086275 0.10196 0.047059
0.090196 0.11373 0.058824
0.098039 0.12157 0.066667
0.086275 0.10588 0.05098
0.086275 0.098039 0.05098
0.098039 0.10588 0.062745
0.086275 0.098039 0.05098
0.090196 0.098039 0.054902
0.10196 0.1098 0.066667
0.10588 0.1098 0.070588
0.1098 0.1098 0.066667
0.12157 0.10588 0.07451
0.10196 0.086275 0.07451
0.47451 0.4 0.32549
0.2 0.2 0.13333
0.20392 0.21569 0.16078
0.090196 0.10588 0.047059
0.078431 0.094118 0.035294
0.11373 0.12941 0.07451
0.098039 0.1098 0.058824
0.070588 0.078431 0.031373
0.082353 0.090196 0.039216
0.10588 0.11765 0.062745
0.1098 0.12549 0.066667
0.12549 0.14118 0.082353
0.11373 0.12941 0.07451
0.090196 0.10588 0.054902
0.078431 0.086275 0.047059
0.082353 0.086275 0.05098
0.086275 0.090196 0.05098
0.086275 0.090196 0.05098
0.098039 0.10588 0.066667
0.090196 0.098039 0.058824
0.098039 0.10196 0.066667
0.11373 0.10588 0.070588
0.11765 0.1098 0.082353
0.24314 0.19216 0.14118
0.098039 0.1098 0.047059
0.13725 0.16078 0.10588
0.12941 0.1451 0.094118
0.058824 0.078431 0.027451
0.10196 0.12157 0.066667
0.1098 0.12157 0.070588
0.078431 0.086275 0.035294
0.10196 0.1098 0.058824
0.11373 0.12941 0.070588
0.10588 0.12157 0.058824
0.10588 0.12157 0.062745
0.10588 0.12157 0.062745
0.098039 0.11373 0.062745
0.086275 0.090196 0.058824
0.086275 0.086275 0.054902
0.098039 0.098039 0.066667
0.090196 0.094118 0.062745
0.082353 0.086275 0.054902
0.086275 0.090196 0.058824
0.086275 0.090196 0.062745
0.10588 0.10588 0.07451
0.12941 0.11765 0.082353
0.12549 0.094118 0.062745
0.098039 0.12941 0.058824
0.082353 0.10588 0.05098
0.090196 0.1098 0.058824
0.098039 0.11373 0.058824
0.098039 0.1098 0.058824
0.1098 0.11765 0.066667
0.098039 0.10588 0.054902
0.1098 0.12157 0.062745
0.10588 0.12549 0.058824
0.082353 0.1098 0.047059
0.090196 0.11373 0.054902
0.082353 0.10196 0.047059
0.082353 0.086275 0.054902
0.086275 0.090196 0.058824
0.090196 0.090196 0.058824
0.094118 0.098039 0.066667
0.090196 0.094118 0.062745
0.082353 0.086275 0.054902
0.090196 0.094118 0.062745
0.1098 0.1098 0.078431
0.13333 0.12157 0.086275
0.12157 0.10196 0.070588
0.37647 0.31765 0.2549
