0.62353 0.59216 0.62353
0.65882 0.63137 0.62745
0.66667 0.64706 0.63137
0.52941 0.52157 0.57647
0.6902 0.66275 0.66275
0.70196 0.6549 0.63529
0.69412 0.65098 0.63529
0.65882 0.62745 0.60392
0.6902 0.65882 0.67843
0.72549 0.69412 0.69412
0.7098 0.67451 0.6549
0.70588 0.66667 0.64314
0.66667 0.62745 0.61176
0.6549 0.61961 0.59608
0.65098 0.61569 0.6
0.50196 0.4902 0.52941
0.74902 0.71373 0.71373
0.7451 0.70588 0.68627
0.73333 0.69804 0.67059
0.7098 0.67059 0.6549
0.69412 0.65098 0.63922
0.6902 0.64706 0.63137
0.67843 0.64314 0.62353
0.66667 0.63137 0.61961
0.56863 0.55294 0.6
0.77255 0.72941 0.71373
0.75294 0.71373 0.66275
0.75294 0.71373 0.67451
0.73333 0.69412 0.67059
0.71765 0.67451 0.65882
0.71765 0.66275 0.65098
0.7098 0.6549 0.64314
0.68627 0.64314 0.62745
0.67059 0.63137 0.61961
0.67059 0.62353 0.61961
0.63529 0.60784 0.64706
0.77255 0.73333 0.72549
0.76078 0.71373 0.67059
0.7451 0.71373 0.66667
0.7451 0.70588 0.66275
0.73333 0.6902 0.67059
0.72157 0.67843 0.66667
0.72157 0.67059 0.65882
0.7098 0.65882 0.64706
0.6902 0.64314 0.62745
0.67843 0.63529 0.61961
0.67451 0.63137 0.62353
0.65882 0.61961 0.61176
0.65882 0.61569 0.6
0.6902 0.67059 0.70196
0.76863 0.73725 0.71373
0.74902 0.7098 0.67059
0.7451 0.70588 0.65882
0.74902 0.70588 0.66667
0.73725 0.69804 0.65882
0.73333 0.69412 0.66275
0.72549 0.68235 0.66275
0.71373 0.67059 0.64706
0.69804 0.65882 0.63137
0.68627 0.64314 0.61961
0.69412 0.65098 0.62353
0.68235 0.63529 0.61961
0.67451 0.62353 0.61176
0.67451 0.62745 0.60392
0.67451 0.62353 0.6
0.74902 0.71373 0.69804
0.76471 0.71765 0.68627
0.7451 0.70196 0.64706
0.74902 0.71765 0.67059
0.74902 0.70588 0.67059
0.75294 0.70196 0.66667
0.7451 0.69412 0.6549
0.73333 0.68627 0.65098
0.73333 0.68627 0.65098
0.71373 0.66667 0.63137
0.69804 0.64706 0.61569
0.6902 0.63922 0.61569
0.69412 0.64314 0.61569
0.6902 0.63529 0.61569
0.68627 0.63529 0.61569
0.69804 0.64706 0.61569
0.69412 0.64706 0.61569
0.68235 0.64314 0.61176
0.68235 0.64706 0.61569
0.68235 0.63922 0.62353
0.67451 0.63529 0.60784
0.66667 0.62745 0.59608
0.65882 0.60392 0.57255
0.45098 0.43137 0.4902
0.79216 0.74118 0.7451
0.78431 0.72549 0.69412
0.73333 0.67843 0.63137
0.76471 0.7098 0.65882
0.75686 0.71373 0.66667
0.74118 0.70196 0.66667
0.73725 0.69804 0.65882
0.73725 0.6902 0.64314
0.73333 0.68235 0.63529
0.72941 0.68235 0.63137
0.71765 0.67059 0.62745
0.70588 0.6549 0.61961
0.69412 0.64314 0.61961
0.69412 0.63922 0.61176
0.68627 0.62745 0.60392
0.6902 0.63137 0.60784
0.70196 0.64706 0.61569
0.69412 0.64314 0.61176
0.69412 0.65098 0.61569
0.6902 0.64706 0.61569
0.67059 0.62745 0.59608
0.6549 0.61176 0.58039
0.65882 0.61569 0.57647
0.66275 0.60784 0.56471
0.4902 0.45882 0.51765
0.81176 0.76078 0.74118
0.79608 0.73725 0.68627
0.8 0.73333 0.6902
0.77647 0.72157 0.67843
0.76863 0.71765 0.67451
0.76078 0.71373 0.66667
0.75686 0.7098 0.66275
0.74118 0.69412 0.64706
0.73333 0.68627 0.63922
0.73333 0.68627 0.63922
0.72549 0.67843 0.63137
0.71765 0.67059 0.63529
0.71765 0.66667 0.63529
0.71765 0.66667 0.63529
0.69804 0.64314 0.61569
0.6902 0.63137 0.60392
0.6902 0.63529 0.59608
0.69412 0.63922 0.6
0.69804 0.64706 0.61176
0.69804 0.64706 0.61176
0.67843 0.63137 0.59216
0.67451 0.62745 0.58431
0.66667 0.61569 0.58431
0.66275 0.61176 0.57255
0.70196 0.63922 0.6
0.45882 0.43922 0.49412
0.82745 0.78039 0.76863
0.81569 0.74902 0.70196
0.80784 0.74118 0.70196
0.79216 0.72941 0.6902
0.76078 0.7098 0.66667
0.76078 0.71373 0.66667
0.76863 0.72157 0.67059
0.75686 0.7098 0.65882
0.7451 0.69804 0.64706
0.73333 0.68235 0.63529
0.72549 0.67451 0.62745
0.72157 0.66667 0.62353
0.71373 0.65882 0.62745
0.71373 0.66275 0.63137
0.71373 0.66275 0.63137
0.69412 0.63529 0.60784
0.68235 0.62745 0.59608
0.68627 0.63137 0.59216
0.6902 0.63529 0.59216
0.68235 0.63529 0.59216
0.67059 0.61961 0.58824
0.66275 0.61176 0.58039
0.66667 0.61569 0.58431
0.67059 0.61961 0.59216
0.66275 0.61176 0.58039
0.81569 0.76471 0.75294
0.81176 0.76078 0.72549
0.80392 0.7451 0.70196
0.80784 0.74118 0.69804
0.79608 0.72941 0.6902
0.76863 0.71373 0.67059
0.76863 0.72157 0.67059
0.76078 0.71373 0.65882
0.74902 0.70588 0.64706
0.7451 0.69412 0.64314
0.72549 0.67059 0.62745
0.71373 0.65882 0.61569
0.72157 0.66275 0.62353
0.71373 0.66275 0.62745
0.70196 0.65098 0.61961
0.69412 0.64314 0.61176
0.69412 0.63529 0.60784
0.68627 0.62745 0.6
0.6902 0.63529 0.6
0.68627 0.63529 0.58824
0.67059 0.62353 0.57647
0.6549 0.60392 0.56863
0.65098 0.6 0.56863
0.66275 0.61176 0.58431
0.67451 0.62353 0.6
0.67451 0.61961 0.58824
0.81176 0.75686 0.71765
0.8 0.7451 0.70588
0.79216 0.73725 0.69412
0.78039 0.72549 0.67843
0.76471 0.7098 0.66275
0.75686 0.70588 0.6549
0.76471 0.70196 0.64314
0.75686 0.69412 0.63529
0.75686 0.69412 0.63529
0.72549 0.66275 0.61569
0.69412 0.62745 0.58824
0.70588 0.63922 0.60784
0.69412 0.64314 0.60784
0.69412 0.64314 0.60784
0.69804 0.64706 0.61176
0.68235 0.63529 0.59608
0.68627 0.63922 0.59216
0.66275 0.61569 0.57255
0.65882 0.61176 0.56863
0.66667 0.61176 0.58039
0.66275 0.60784 0.57647
0.65882 0.60784 0.57647
0.67059 0.62745 0.60392
0.67059 0.62353 0.6
0.8 0.74118 0.69412
0.78431 0.72549 0.67843
0.76078 0.70588 0.6549
0.7451 0.68627 0.63529
0.74902 0.6902 0.63922
0.76863 0.70588 0.64706
0.76078 0.69804 0.63922
0.74902 0.68627 0.62745
0.73725 0.67451 0.62745
0.72549 0.65882 0.61961
0.71765 0.65098 0.61961
0.69804 0.64314 0.60784
0.70196 0.6549 0.61569
0.69412 0.64706 0.60784
0.69412 0.64706 0.60392
0.68627 0.63922 0.59216
0.67059 0.61961 0.57255
0.66667 0.61176 0.57255
0.65882 0.60784 0.57647
0.6549 0.60392 0.57255
0.6549 0.60392 0.57255
0.65882 0.61569 0.59216
0.65098 0.60392 0.58039
0.78824 0.72549 0.67451
0.78039 0.71765 0.66275
0.76471 0.70196 0.64706
0.74902 0.68627 0.63137
0.75686 0.69412 0.63922
0.76471 0.70196 0.64314
0.76078 0.69804 0.63922
0.74118 0.67843 0.61961
0.72941 0.66667 0.61569
0.72941 0.66275 0.62745
0.72549 0.65882 0.62745
0.71765 0.66667 0.62353
0.7098 0.66667 0.61569
0.6902 0.64314 0.59608
0.68627 0.64314 0.59608
0.67843 0.62745 0.58431
0.6902 0.62353 0.58431
0.67843 0.61569 0.58039
0.65882 0.61176 0.57647
0.65098 0.6 0.56471
0.6549 0.60392 0.57255
0.64706 0.60392 0.58039
0.6549 0.61176 0.58824
0.76863 0.70588 0.65098
0.77255 0.7098 0.65098
0.76078 0.69804 0.63922
0.76078 0.69804 0.63922
0.76078 0.69804 0.63922
0.75294 0.6902 0.63137
0.74902 0.68627 0.62745
0.7451 0.68235 0.62353
0.74118 0.67843 0.62745
0.74118 0.67451 0.63137
0.72941 0.66275 0.63137
0.72549 0.67059 0.62745
0.7098 0.65882 0.61569
0.68235 0.63922 0.59216
0.67451 0.63137 0.58039
0.68627 0.63137 0.58431
0.70196 0.63137 0.6
0.67843 0.61176 0.58431
0.66275 0.60392 0.57647
0.65098 0.59608 0.56471
0.6549 0.60392 0.57255
0.6549 0.60784 0.57647
0.69804 0.63922 0.6
0.76078 0.69412 0.63529
0.76471 0.70196 0.64314
0.77647 0.71373 0.6549
0.76078 0.69804 0.63922
0.74902 0.68627 0.62745
0.7451 0.68235 0.62353
0.73725 0.67451 0.61569
0.73725 0.67451 0.61961
0.72549 0.66275 0.61569
0.7098 0.64314 0.60392
0.70588 0.64314 0.6
0.70196 0.64706 0.6
0.6902 0.63922 0.59216
0.6902 0.63922 0.58824
0.69412 0.63922 0.59216
0.68627 0.62353 0.58824
0.67059 0.60784 0.57647
0.67059 0.61176 0.58431
0.67451 0.61569 0.58824
0.67843 0.62353 0.59608
0.68627 0.63137 0.6
0.76863 0.70588 0.64706
0.76863 0.70588 0.64706
0.75294 0.6902 0.63137
0.75294 0.6902 0.63137
0.74902 0.68627 0.62745
0.73333 0.66667 0.60784
0.72549 0.66275 0.60392
0.71765 0.6549 0.6
0.71765 0.6549 0.60392
0.71373 0.64706 0.6
0.7098 0.64706 0.59608
0.70588 0.65098 0.6
0.70196 0.64314 0.59216
0.69804 0.63137 0.59216
0.68235 0.62353 0.58824
0.67451 0.61961 0.58824
0.67843 0.61961 0.59216
0.68627 0.62745 0.6
0.69804 0.63922 0.60784
0.7098 0.65098 0.61569
0.76471 0.70196 0.64314
0.75686 0.69804 0.63922
0.75294 0.69804 0.63529
0.73333 0.67451 0.61569
0.72157 0.66667 0.60392
0.72941 0.66667 0.60392
0.72549 0.66667 0.60392
0.72549 0.67059 0.61176
0.73333 0.67059 0.61569
0.72549 0.66275 0.61176
0.70588 0.64706 0.59608
0.68627 0.62353 0.57255
0.67843 0.61569 0.56863
0.69412 0.63529 0.59216
0.68235 0.62353 0.58824
0.68235 0.62745 0.59608
0.69804 0.64314 0.61176
0.70588 0.65098 0.61569
0.76471 0.69804 0.63922
0.75686 0.69412 0.63529
0.74902 0.69804 0.63529
0.73333 0.68235 0.61961
0.72941 0.67843 0.61569
0.72941 0.66667 0.60784
0.73333 0.67451 0.61569
0.72941 0.67843 0.61569
0.73333 0.67451 0.61961
0.72549 0.66275 0.61176
0.70588 0.64314 0.59216
0.68235 0.61961 0.56863
0.70588 0.64314 0.59216
0.70588 0.63922 0.6
0.69804 0.63922 0.6
0.70196 0.64706 0.61176
0.7098 0.6549 0.62353
0.7098 0.65882 0.61961
0.7451 0.68627 0.62745
0.71373 0.66275 0.6
0.72157 0.67451 0.61176
0.72157 0.67059 0.60784
0.73725 0.67451 0.61569
0.72941 0.67059 0.61176
0.72549 0.67451 0.61176
0.72549 0.66667 0.61176
0.7098 0.64314 0.59608
0.69804 0.63529 0.58431
0.7098 0.64706 0.59608
0.72549 0.65882 0.61176
0.70196 0.63529 0.59608
0.6902 0.62745 0.58824
0.72157 0.66275 0.63137
0.72941 0.67843 0.64314
0.7098 0.65882 0.59608
0.72549 0.67451 0.61176
0.72941 0.67843 0.61569
0.74118 0.68235 0.61961
0.71765 0.66275 0.60392
0.7098 0.6549 0.59608
0.71765 0.6549 0.60392
0.70588 0.64314 0.59216
0.70588 0.64706 0.59608
0.71373 0.65098 0.6
0.71373 0.65098 0.60392
0.70588 0.64314 0.59608
0.72941 0.67059 0.62745
0.74118 0.6902 0.65098
0.74118 0.69412 0.62745
0.72941 0.67843 0.61569
0.72549 0.67059 0.60784
0.72549 0.66667 0.61176
0.71373 0.6549 0.60392
0.71765 0.6549 0.60392
0.71765 0.65882 0.60784
0.71373 0.66275 0.61176
0.71373 0.65882 0.60784
0.71373 0.66275 0.61176
0.72549 0.67451 0.61961
0.75294 0.6902 0.63922
0.72941 0.67059 0.61569
0.73333 0.66667 0.61176
0.72941 0.66275 0.60784
0.72157 0.65882 0.60784
0.72941 0.66667 0.61569
0.72941 0.67059 0.61961
0.72941 0.67843 0.62745
0.74118 0.69412 0.63922
0.73725 0.6902 0.63529
0.74902 0.69804 0.64314
0.73725 0.67059 0.61961
0.73333 0.66667 0.60784
0.72549 0.65882 0.60392
0.73333 0.66667 0.61569
0.73333 0.66667 0.61961
0.74118 0.68235 0.63137
0.7451 0.69412 0.63922
0.74902 0.70588 0.64706
0.74902 0.70196 0.64706
0.73333 0.66667 0.60392
0.7451 0.68235 0.61961
0.74118 0.67843 0.61961
0.7451 0.68235 0.63137
0.76471 0.70196 0.65098
0.74902 0.69804 0.63922
