0.5451 0.60784 0.70588
0.54902 0.60784 0.7098
0.5451 0.61176 0.70588
0.53725 0.61176 0.70588
0.52941 0.60784 0.70196
0.54902 0.60784 0.70588
0.54902 0.61176 0.7098
0.5451 0.61176 0.70588
0.53725 0.60784 0.70196
0.53333 0.61176 0.70588
0.52941 0.60784 0.70196
0.52549 0.60392 0.69804
0.5451 0.61176 0.7098
0.53725 0.60784 0.70196
0.53725 0.61176 0.70588
0.53333 0.61176 0.70588
0.53333 0.61176 0.70588
0.52549 0.60392 0.69804
0.52157 0.6 0.69804
0.45882 0.53725 0.63922
0.54118 0.61176 0.70588
0.53725 0.61569 0.70588
0.53333 0.61176 0.70588
0.52941 0.60784 0.70196
0.52549 0.60392 0.69804
0.52549 0.60392 0.70196
0.52157 0.6 0.69804
0.47059 0.54902 0.65098
0.54902 0.61176 0.7098
0.54118 0.61176 0.70588
0.5451 0.61569 0.7098
0.54118 0.61176 0.70588
0.52941 0.60392 0.69804
0.52549 0.60392 0.69804
0.52549 0.60392 0.70196
0.48235 0.55686 0.65882
0.54902 0.61176 0.7098
0.54902 0.61176 0.7098
0.54902 0.61569 0.70588
0.5451 0.61569 0.70588
0.5451 0.61569 0.7098
0.52941 0.60784 0.70196
0.52549 0.60392 0.69804
0.53333 0.61176 0.70588
0.48235 0.55686 0.65882
0.54902 0.61569 0.71765
0.54902 0.61569 0.71765
0.5451 0.60784 0.7098
0.54902 0.61176 0.7098
0.55294 0.61569 0.70588
0.5451 0.61176 0.70196
0.54118 0.61569 0.7098
0.52941 0.60784 0.70196
0.52549 0.60392 0.69804
0.52549 0.60392 0.70196
0.48627 0.56471 0.66275
0.41961 0.49412 0.60784
0.54902 0.61569 0.71765
0.54902 0.61569 0.71765
0.54902 0.61961 0.72157
0.54902 0.61569 0.71765
0.55294 0.61176 0.7098
0.55294 0.61569 0.71373
0.5451 0.61176 0.70588
0.53725 0.61176 0.69804
0.52941 0.60784 0.69804
0.52549 0.60392 0.69804
0.52157 0.6 0.69804
0.47843 0.56078 0.65882
0.41569 0.49412 0.60392
0.54902 0.61569 0.71765
0.54902 0.61569 0.71765
0.55294 0.61961 0.72157
0.54902 0.61569 0.71765
0.54902 0.61569 0.71765
0.54902 0.61569 0.7098
0.54902 0.61176 0.71373
0.5451 0.61569 0.7098
0.53725 0.61569 0.69804
0.53333 0.61569 0.69804
0.53333 0.61176 0.70196
0.52941 0.60784 0.70588
0.48235 0.56078 0.65882
0.54902 0.61569 0.71765
0.54902 0.61569 0.71765
0.54902 0.61961 0.71765
0.54902 0.61961 0.71373
0.5451 0.61569 0.7098
0.5451 0.61569 0.7098
0.5451 0.61569 0.7098
0.54118 0.61569 0.70588
0.53333 0.61569 0.69804
0.53725 0.61961 0.70196
0.52549 0.60392 0.69412
0.52549 0.60392 0.69804
0.48235 0.56078 0.65882
0.54902 0.61569 0.71765
0.55294 0.61961 0.72157
0.5451 0.61176 0.71373
0.5451 0.61569 0.7098
0.5451 0.61569 0.7098
0.54902 0.61961 0.71373
0.54902 0.61961 0.71373
0.54118 0.61569 0.70588
0.53725 0.61961 0.70196
0.53333 0.61569 0.69804
0.52549 0.60784 0.69804
0.52157 0.6 0.69804
0.49412 0.56863 0.66667
0.55294 0.61961 0.72157
0.55294 0.61961 0.72157
0.54902 0.61569 0.71765
0.54902 0.61961 0.71373
0.54902 0.61961 0.71373
0.54902 0.61961 0.71373
0.5451 0.61569 0.7098
0.54902 0.61961 0.71373
0.53725 0.61961 0.70196
0.53333 0.61569 0.70196
0.52941 0.61176 0.70196
0.52549 0.60392 0.69804
0.49804 0.58039 0.67843
0.55294 0.61961 0.72157
0.54902 0.61569 0.71765
0.55294 0.61961 0.72157
0.54902 0.61961 0.71373
0.5451 0.61569 0.7098
0.54902 0.61961 0.71373
0.54902 0.61961 0.71373
0.54902 0.61961 0.71373
0.53333 0.61176 0.70588
0.53333 0.61176 0.70588
0.52941 0.61176 0.70588
0.52157 0.60784 0.70196
0.50196 0.59216 0.6902
0.5451 0.61961 0.71765
0.54902 0.61961 0.72157
0.55294 0.62353 0.71765
0.54902 0.61961 0.71373
0.54902 0.61961 0.71373
0.54902 0.61961 0.71373
0.54902 0.61961 0.71373
0.53725 0.61569 0.7098
0.53333 0.61176 0.70588
0.53333 0.61176 0.70588
0.52157 0.61176 0.70588
0.48627 0.57647 0.67843
0.54118 0.61961 0.71765
0.5451 0.62353 0.72157
0.55686 0.63137 0.72549
0.54902 0.61961 0.71373
0.54902 0.61961 0.71373
0.54902 0.61961 0.71373
0.54902 0.61961 0.71373
0.53725 0.61569 0.7098
0.53333 0.61176 0.70588
0.52941 0.61176 0.70196
0.51765 0.60392 0.69804
0.47843 0.57255 0.67059
0.54118 0.61961 0.71373
0.5451 0.62353 0.71765
0.55294 0.62353 0.71765
0.55294 0.62353 0.71765
0.54902 0.61961 0.71373
0.54902 0.61961 0.71765
0.54118 0.61176 0.7098
0.54118 0.61961 0.71373
0.53725 0.61569 0.7098
0.53333 0.61176 0.70588
0.52549 0.60392 0.70196
0.5451 0.62353 0.71765
0.5451 0.61569 0.7098
0.54902 0.61961 0.71373
0.55294 0.62353 0.71765
0.54902 0.61569 0.71765
0.54118 0.61176 0.71373
0.53725 0.61569 0.71373
0.53333 0.61176 0.70588
0.5451 0.61569 0.7098
0.54902 0.61569 0.71765
