0.87059 0.78824 0.67843
0.87843 0.79608 0.69804
0.87451 0.79216 0.69412
0.8549 0.8 0.72941
0.87451 0.78824 0.68235
0.88627 0.8 0.70196
0.88235 0.79608 0.69804
0.82745 0.76863 0.70588
0.87843 0.78824 0.6902
0.88627 0.80392 0.69804
0.88235 0.8 0.6902
0.81961 0.76471 0.70588
0.87451 0.78824 0.68627
0.88235 0.80392 0.70588
0.80784 0.75686 0.7098
0.86667 0.78431 0.68627
0.77647 0.72941 0.69412
0.72549 0.6902 0.66667
0.66667 0.65098 0.63922
0.56471 0.57255 0.58039
0.44706 0.47843 0.5098
0.30196 0.35294 0.42745
