0.9451 0.83137 0.69804
0.95294 0.83922 0.70588
0.94902 0.83922 0.70588
0.94902 0.83137 0.70196
0.94118 0.82745 0.69804
0.94902 0.83529 0.70588
0.95686 0.83922 0.71373
0.9451 0.82745 0.7098
0.93725 0.82353 0.69412
0.9451 0.83137 0.70588
0.96078 0.84706 0.71765
0.95294 0.83529 0.72549
0.94902 0.82745 0.70588
0.94902 0.82745 0.70588
0.94902 0.83529 0.7098
0.95294 0.83922 0.71373
0.92941 0.83137 0.72157
0.94902 0.83529 0.70588
0.95686 0.83529 0.71373
0.9451 0.82745 0.70588
0.94902 0.83137 0.70588
0.94902 0.83529 0.70196
0.91765 0.81569 0.71373
0.9451 0.83137 0.69412
0.9451 0.83529 0.70588
0.95294 0.83137 0.7098
0.95294 0.83529 0.70588
0.90588 0.81176 0.70588
0.94902 0.83922 0.70196
0.94118 0.83137 0.70196
0.95294 0.82745 0.70588
0.8549 0.77255 0.66667
0.94902 0.84314 0.70588
0.79216 0.72941 0.64314
0.83922 0.78431 0.72549
0.82745 0.77255 0.7451
