0.16078 0.27451 0.39216
0.16471 0.27059 0.39608
0.15686 0.27059 0.39216
0.17255 0.28235 0.40784
0.16471 0.27843 0.40392
0.16078 0.27451 0.4
0.16863 0.28235 0.40784
0.16471 0.27843 0.40392
0.16078 0.27843 0.40392
0.16471 0.27843 0.40392
0.16078 0.27451 0.4
0.16471 0.28627 0.40784
0.16078 0.28235 0.40392
0.15686 0.27451 0.4
0.16078 0.28235 0.41176
0.17255 0.29412 0.41176
0.16078 0.27451 0.4
0.16471 0.27843 0.40392
0.17255 0.29412 0.41569
0.16078 0.27843 0.4
0.16863 0.29412 0.41176
0.16471 0.28235 0.40784
