0.31765 0.56863 0.73333
0.31373 0.56078 0.74118
0.2902 0.55294 0.72941
0.36863 0.5451 0.65098
0.30196 0.55686 0.73333
0.31373 0.56471 0.7451
0.29412 0.55686 0.73725
0.33333 0.54118 0.66275
0.2902 0.55294 0.72941
0.30588 0.56863 0.7451
0.29412 0.56078 0.74118
0.30588 0.54118 0.68235
0.29412 0.56078 0.73725
0.29804 0.56078 0.73725
0.29804 0.56471 0.74118
0.30196 0.55294 0.7098
0.2902 0.56078 0.74118
0.2902 0.55686 0.73725
0.29412 0.56078 0.74118
0.3098 0.55686 0.71373
0.27843 0.54902 0.73333
0.2902 0.56078 0.7451
0.29804 0.56863 0.75294
0.3098 0.56078 0.71373
0.27843 0.56078 0.74118
0.2902 0.56863 0.74902
0.28627 0.56863 0.75294
0.32941 0.56078 0.71765
0.27059 0.5451 0.72941
0.2902 0.56863 0.75686
0.27843 0.55686 0.74902
0.34118 0.56471 0.72157
