0.63922 0.72157 0.80392
0.63137 0.71765 0.8
0.63529 0.71765 0.8
0.64314 0.72549 0.8
0.64706 0.72157 0.8
0.63922 0.72157 0.80392
0.63529 0.71765 0.8
0.63529 0.72157 0.80392
0.63529 0.72157 0.80392
0.63922 0.72157 0.80392
0.64314 0.72549 0.80784
0.65098 0.72941 0.80784
0.64314 0.72549 0.80784
0.63529 0.72157 0.80392
0.63922 0.72549 0.80784
0.63529 0.72157 0.80392
0.63529 0.71765 0.8
0.63922 0.72157 0.80392
0.65098 0.72549 0.80784
0.64314 0.72549 0.80784
0.63922 0.72549 0.80784
0.63137 0.71765 0.8
0.63529 0.72157 0.80392
0.63922 0.72157 0.80784
0.63529 0.71765 0.8
0.65098 0.72549 0.80784
0.64314 0.72549 0.80784
0.63922 0.72549 0.80784
0.63922 0.72157 0.80392
0.63137 0.71373 0.79608
0.63922 0.72157 0.80784
0.64314 0.72549 0.80392
0.64314 0.72549 0.80784
0.63922 0.72157 0.80392
0.64314 0.72549 0.80784
0.64314 0.72549 0.80784
0.63922 0.72157 0.80392
0.64314 0.72549 0.80392
0.63922 0.72157 0.80392
0.63922 0.72157 0.80392
0.64314 0.72549 0.80784
0.63922 0.72157 0.80392
0.63529 0.71765 0.8
0.63529 0.71765 0.8
0.64314 0.72549 0.80392
0.63922 0.72157 0.8
0.63529 0.71765 0.79608
0.64314 0.72157 0.8
