0.44706 0.56863 0.74902
0.44314 0.56471 0.7451
0.45098 0.56471 0.74902
0.44706 0.56863 0.74902
0.44706 0.56863 0.74902
0.45098 0.56471 0.74902
0.46275 0.57647 0.75686
0.46275 0.57647 0.74902
0.44314 0.56471 0.7451
0.44314 0.56863 0.7451
0.45098 0.57647 0.75294
0.45882 0.57647 0.74902
0.44706 0.57255 0.75294
0.44314 0.56471 0.7451
0.44706 0.56863 0.7451
0.44706 0.57255 0.74902
0.45882 0.57647 0.74902
0.43529 0.56078 0.7451
0.43922 0.56471 0.74902
0.44706 0.56863 0.75294
0.45098 0.57255 0.75294
0.44706 0.57255 0.74902
0.4549 0.57255 0.7451
0.43922 0.55686 0.75294
0.43529 0.56471 0.7451
0.43529 0.56078 0.7451
0.44706 0.56863 0.75294
0.44706 0.57255 0.75294
0.45882 0.58431 0.75686
0.4549 0.57255 0.7451
0.43922 0.55686 0.75294
0.43529 0.55294 0.74902
0.44706 0.56471 0.76078
0.44314 0.56863 0.75294
0.43922 0.56863 0.7451
0.43922 0.56863 0.74902
0.43529 0.56471 0.7451
0.43922 0.56471 0.74902
0.44706 0.56863 0.75686
0.44706 0.57255 0.75294
0.44706 0.57255 0.75294
0.45098 0.56863 0.74118
0.43922 0.55686 0.75294
0.43922 0.55686 0.75294
0.44314 0.56078 0.75686
0.44706 0.57255 0.75294
0.44314 0.57255 0.74902
0.43922 0.56471 0.74118
0.43922 0.56863 0.74902
0.43922 0.56863 0.75294
0.44706 0.56863 0.75294
0.44706 0.57255 0.75294
0.44314 0.56863 0.7451
0.4549 0.57255 0.7451
0.43922 0.56078 0.7451
0.44314 0.56471 0.74902
0.44314 0.56471 0.74902
0.44706 0.56863 0.74902
0.43922 0.56078 0.74118
0.43922 0.56078 0.74118
0.44314 0.56863 0.7451
0.44706 0.57255 0.75294
0.45098 0.57647 0.75686
0.44706 0.57255 0.7451
0.43922 0.56078 0.7451
0.43922 0.56078 0.74118
0.44314 0.56471 0.7451
0.44314 0.56471 0.7451
0.44706 0.56863 0.74902
0.44706 0.56863 0.74902
0.44314 0.56471 0.7451
0.44314 0.56471 0.7451
0.45098 0.57647 0.75686
0.4549 0.57255 0.74902
0.46275 0.57647 0.74118
0.46667 0.58039 0.74902
0.43922 0.56078 0.7451
0.44314 0.56471 0.7451
0.44314 0.56471 0.7451
0.45098 0.57255 0.75294
0.45098 0.57255 0.75294
0.4549 0.57647 0.75686
0.4549 0.57255 0.75686
0.4549 0.56863 0.75294
0.45882 0.57255 0.75686
0.46275 0.57647 0.75294
0.46667 0.57647 0.74902
0.45882 0.56471 0.74118
0.47451 0.58431 0.75686
0.43529 0.55686 0.74118
0.44706 0.56863 0.75294
0.43922 0.56078 0.74118
0.44706 0.56863 0.74902
0.45098 0.57255 0.75294
0.44706 0.56863 0.74902
0.44706 0.56863 0.74902
0.45098 0.56471 0.74902
0.45098 0.56863 0.75294
0.4549 0.56863 0.74902
0.45882 0.56863 0.74902
0.4549 0.56471 0.74118
0.46667 0.57647 0.74902
0.45882 0.57255 0.7451
0.43922 0.56078 0.74118
0.44706 0.56863 0.74902
0.43922 0.56078 0.74118
0.45098 0.56471 0.74902
0.4549 0.56471 0.74902
0.4549 0.56471 0.74902
0.4549 0.56471 0.74902
0.4549 0.56471 0.74902
0.45098 0.56471 0.74902
0.45882 0.56863 0.75294
0.45882 0.56863 0.75294
0.46275 0.57647 0.74902
0.46275 0.58039 0.75294
0.46275 0.57647 0.74902
0.46275 0.57647 0.7451
0.43529 0.56078 0.7451
0.43922 0.56471 0.74902
0.44314 0.56863 0.75294
0.44706 0.56471 0.74902
0.45098 0.56471 0.74902
0.4549 0.56863 0.75294
0.45882 0.57647 0.75686
0.45882 0.57255 0.75686
0.45882 0.57255 0.75294
0.45882 0.57647 0.75686
0.4549 0.57647 0.75686
0.4549 0.57647 0.74902
0.45882 0.57647 0.74902
0.46667 0.57647 0.74902
0.45882 0.57255 0.74118
0.43922 0.56078 0.7451
0.43922 0.56471 0.74902
0.43529 0.56471 0.74902
0.44314 0.56863 0.74902
0.45098 0.57255 0.75294
0.4549 0.57255 0.75686
0.46275 0.57647 0.75686
0.45882 0.57647 0.75686
0.45098 0.57647 0.75686
0.45098 0.57647 0.75294
0.45098 0.57255 0.75294
0.44706 0.56863 0.74118
0.4549 0.57647 0.74902
0.46275 0.58039 0.75294
0.46275 0.58039 0.7451
0.43922 0.56078 0.7451
0.43137 0.55686 0.74118
0.43529 0.56471 0.7451
0.44314 0.57255 0.74902
0.43922 0.56078 0.74118
0.45098 0.56471 0.74902
0.4549 0.56471 0.74902
0.45098 0.56471 0.74902
0.45098 0.57255 0.75294
0.44706 0.57255 0.74902
0.44706 0.56863 0.74902
0.44706 0.56863 0.7451
0.44314 0.56863 0.74118
0.4549 0.57647 0.74902
0.46667 0.58431 0.75294
0.44706 0.56863 0.74902
0.43529 0.56471 0.74118
0.43137 0.56471 0.74118
0.44314 0.57255 0.74902
0.43922 0.56078 0.74118
0.44706 0.56078 0.74118
0.45882 0.56863 0.75294
0.4549 0.56863 0.75294
0.45098 0.57647 0.75686
0.44706 0.57255 0.74902
0.4549 0.57647 0.75686
0.4549 0.57647 0.75294
0.45098 0.57255 0.7451
0.45882 0.58039 0.75294
0.46275 0.58039 0.74902
0.46275 0.57647 0.74118
0.46667 0.58039 0.75294
0.47059 0.58431 0.75294
0.44314 0.56471 0.7451
0.43922 0.56471 0.74118
0.43922 0.57255 0.7451
0.44706 0.58039 0.75686
0.44706 0.56863 0.74902
0.4549 0.56863 0.74902
0.45882 0.57255 0.75686
0.4549 0.57255 0.75294
0.44706 0.56863 0.74902
0.45098 0.57255 0.75294
0.45098 0.57255 0.75294
0.4549 0.57647 0.75294
0.45882 0.58039 0.75294
0.46275 0.58431 0.75686
0.46275 0.58039 0.7451
0.46667 0.58039 0.7451
0.47059 0.58431 0.75294
0.44314 0.56078 0.74902
0.43922 0.56471 0.7451
0.43922 0.57255 0.7451
0.44314 0.57255 0.74902
0.44706 0.57255 0.75294
0.4549 0.56863 0.75294
0.4549 0.56863 0.75294
0.45098 0.57255 0.75294
0.44706 0.56863 0.74902
0.45098 0.57255 0.75294
0.45098 0.57255 0.75294
0.44706 0.56863 0.75294
0.45882 0.58039 0.75686
0.47059 0.58431 0.75686
0.46667 0.58039 0.7451
0.47059 0.58431 0.74902
0.43529 0.56078 0.7451
0.43922 0.56471 0.7451
0.44314 0.56471 0.7451
0.43922 0.56863 0.7451
0.44314 0.56471 0.7451
0.4549 0.56471 0.74902
0.4549 0.57255 0.74902
0.4549 0.57647 0.74902
0.4549 0.57647 0.75294
0.4549 0.57647 0.75294
0.45098 0.57255 0.74902
0.45882 0.58039 0.75686
0.45882 0.58039 0.75294
0.4549 0.57647 0.74902
0.46667 0.58824 0.75294
0.46275 0.58431 0.7451
0.46667 0.58431 0.74902
0.43137 0.56078 0.7451
0.44314 0.56471 0.74902
0.44706 0.56863 0.74902
0.43922 0.56471 0.7451
0.44314 0.56471 0.7451
0.4549 0.56863 0.75294
0.45098 0.57255 0.74902
0.45098 0.57255 0.7451
0.4549 0.57647 0.74902
0.4549 0.57647 0.74902
0.45882 0.57647 0.74902
0.46667 0.58824 0.76078
0.4549 0.58039 0.74902
0.45882 0.58039 0.75294
0.45882 0.58431 0.74902
0.45882 0.58431 0.7451
0.47059 0.58431 0.74902
0.43922 0.56471 0.74902
0.43922 0.56471 0.7451
0.43922 0.56863 0.7451
0.43922 0.56471 0.7451
0.45098 0.57255 0.75294
0.45098 0.57255 0.75294
0.45098 0.58039 0.75294
0.45098 0.57647 0.7451
0.45882 0.57647 0.74902
0.46275 0.57647 0.75294
0.46275 0.57255 0.75686
0.4549 0.57647 0.74902
0.45098 0.58039 0.74118
0.45882 0.58431 0.7451
0.45882 0.58431 0.7451
0.4549 0.58431 0.7451
0.47059 0.58431 0.74902
0.47059 0.58431 0.74902
0.44314 0.56863 0.75294
0.43529 0.56471 0.7451
0.44314 0.57255 0.74902
0.44314 0.57255 0.74902
0.44706 0.57255 0.75294
0.4549 0.58039 0.75686
0.45098 0.58039 0.75686
0.45098 0.57255 0.74902
0.4549 0.56863 0.74902
0.46275 0.57255 0.75686
0.46667 0.57647 0.76078
0.4549 0.57647 0.74902
0.45098 0.58039 0.74118
0.45882 0.58431 0.7451
0.45882 0.58431 0.7451
0.45882 0.58431 0.7451
0.47451 0.58824 0.75294
0.43922 0.56471 0.74902
0.44314 0.56863 0.75294
0.44314 0.57255 0.74902
0.44314 0.57255 0.74902
0.44706 0.57647 0.75294
0.45098 0.58039 0.75686
0.44314 0.57647 0.75294
0.45098 0.57647 0.75686
0.4549 0.56863 0.75294
0.46275 0.57255 0.75686
0.47059 0.58039 0.76471
0.46667 0.58824 0.76078
0.4549 0.58431 0.7451
0.46275 0.58824 0.74902
0.45882 0.58431 0.7451
0.46275 0.58824 0.74902
0.47451 0.58824 0.75294
0.43922 0.56078 0.7451
0.44314 0.56471 0.75294
0.43922 0.56078 0.7451
0.44314 0.56863 0.74902
0.44706 0.57647 0.75294
0.44706 0.57647 0.75294
0.44706 0.58039 0.75686
0.45098 0.58039 0.75686
0.44314 0.56863 0.74902
0.4549 0.57255 0.75294
0.45882 0.57647 0.75686
0.45882 0.58039 0.75294
0.46275 0.58431 0.74902
0.47059 0.58824 0.74902
0.46667 0.58431 0.74902
0.47059 0.58824 0.75294
0.47843 0.59216 0.75686
0.43922 0.56078 0.7451
0.43922 0.56078 0.7451
0.44314 0.56471 0.74902
0.44314 0.56863 0.74902
0.44314 0.57255 0.74902
0.44314 0.57255 0.74902
0.44314 0.57255 0.74902
0.44706 0.57647 0.75294
0.44314 0.56863 0.74902
0.45098 0.57255 0.75294
0.45098 0.57255 0.75294
0.45098 0.57647 0.7451
0.46275 0.58431 0.7451
0.47059 0.58431 0.7451
0.47059 0.58431 0.74902
0.47843 0.59216 0.75686
0.47843 0.59216 0.75686
0.44314 0.56471 0.74902
0.44314 0.56471 0.74902
0.44314 0.56471 0.74902
0.43922 0.56863 0.7451
0.43922 0.56863 0.7451
0.44314 0.57255 0.74902
0.44706 0.57647 0.75294
0.44706 0.58039 0.75686
0.45098 0.57647 0.75294
0.45882 0.58039 0.76078
0.45882 0.58039 0.75686
0.45882 0.58039 0.75294
0.45882 0.58431 0.7451
0.46275 0.57647 0.74118
0.47451 0.58824 0.75294
0.47451 0.58824 0.75294
0.47843 0.58824 0.75686
0.44314 0.56863 0.75294
0.44314 0.56471 0.74902
0.4549 0.56863 0.75294
0.44706 0.56863 0.74902
0.44706 0.56863 0.75294
0.44706 0.57255 0.75294
0.44706 0.57647 0.75686
0.44706 0.57647 0.75294
0.4549 0.58039 0.75294
0.4549 0.57647 0.75294
0.45882 0.58039 0.75294
0.4549 0.57647 0.74902
0.46275 0.58431 0.75294
0.46667 0.58039 0.74902
0.46667 0.58039 0.7451
0.47059 0.58431 0.74902
0.43922 0.56471 0.74902
0.43922 0.56078 0.7451
0.45098 0.56078 0.74902
0.45098 0.56863 0.75294
0.44706 0.56863 0.75294
0.45098 0.56863 0.75686
0.44706 0.57255 0.75294
0.44314 0.57255 0.74902
0.4549 0.57647 0.74902
0.46275 0.58039 0.75294
0.47059 0.58431 0.75686
0.47451 0.58824 0.76078
0.47059 0.58431 0.75686
0.47059 0.58431 0.75686
0.46667 0.58039 0.74902
0.43922 0.56471 0.74902
0.44314 0.56471 0.74902
0.44706 0.56078 0.74902
0.44706 0.56471 0.75294
0.44706 0.56863 0.75294
0.44706 0.56863 0.75294
0.44706 0.57255 0.75294
0.45098 0.57255 0.75294
0.46667 0.58039 0.75294
0.47451 0.58431 0.76078
0.46667 0.58431 0.75686
0.47059 0.58431 0.75686
0.46667 0.58431 0.75686
0.47059 0.58431 0.75686
0.47451 0.58824 0.75686
0.44314 0.56863 0.75294
0.44314 0.56471 0.74902
0.44314 0.56471 0.74902
0.45098 0.57255 0.75294
0.4549 0.57647 0.75686
0.45098 0.57255 0.74902
0.4549 0.57255 0.75686
0.45882 0.56863 0.75294
0.46667 0.57647 0.75686
0.46275 0.57647 0.75294
0.45882 0.58039 0.75294
0.4549 0.57647 0.74902
0.45882 0.58039 0.75294
0.46667 0.58431 0.75294
0.44314 0.56863 0.75294
0.43529 0.56078 0.7451
0.43922 0.56471 0.74902
0.44706 0.57255 0.75294
0.45098 0.57255 0.74902
0.4549 0.58039 0.74902
0.45882 0.57255 0.75294
0.46667 0.57647 0.76078
0.46667 0.57255 0.76078
0.4549 0.56863 0.74902
0.45882 0.58039 0.75294
0.46275 0.58039 0.75686
0.45882 0.58039 0.75294
0.44314 0.56863 0.75294
0.43922 0.56471 0.74902
0.44314 0.56863 0.75294
0.44706 0.56863 0.75294
0.4549 0.57647 0.75294
0.45882 0.58039 0.75294
0.45882 0.57255 0.75294
0.46275 0.57255 0.75686
0.46667 0.57255 0.76078
0.46667 0.57647 0.75686
0.47059 0.58431 0.75686
0.47059 0.58431 0.75686
0.46275 0.58039 0.74902
0.43922 0.56471 0.74902
0.43922 0.56471 0.74902
0.44314 0.56863 0.75294
0.45098 0.57255 0.75294
0.45098 0.57255 0.74902
0.45098 0.57255 0.74902
0.4549 0.57255 0.75294
0.45882 0.57255 0.75294
0.46275 0.57647 0.75686
0.46275 0.57647 0.75686
0.46275 0.57647 0.74902
0.47059 0.58431 0.75294
0.46667 0.58431 0.75294
