0.11373 0.18824 0.3098
0.1098 0.18824 0.30588
0.1098 0.18431 0.30196
0.12941 0.19216 0.3098
0.11765 0.18431 0.30588
0.12549 0.19608 0.32157
0.11765 0.19216 0.31765
0.10588 0.18824 0.30588
0.10196 0.18431 0.29804
0.10588 0.18824 0.30196
0.11765 0.19608 0.31373
0.1098 0.18431 0.30196
0.11765 0.18824 0.29804
0.13333 0.2 0.30196
0.1451 0.19608 0.30588
0.13725 0.19608 0.31765
0.12941 0.19608 0.31373
0.11373 0.19216 0.31373
0.11373 0.19608 0.31765
0.11373 0.19216 0.31765
0.11765 0.19608 0.31765
0.11373 0.19216 0.3098
0.11373 0.18824 0.30588
0.11373 0.19216 0.3098
0.1098 0.18824 0.30196
0.1098 0.18039 0.2902
0.12549 0.19216 0.29412
0.13333 0.18824 0.29412
0.13725 0.17255 0.28235
0.12549 0.18431 0.30588
0.12549 0.19216 0.3098
0.1098 0.18431 0.30196
0.1098 0.18824 0.3098
0.11373 0.18824 0.31373
0.11373 0.18039 0.30588
0.11765 0.18824 0.31373
0.1098 0.18431 0.30196
0.11765 0.19216 0.3098
0.11765 0.19216 0.3098
0.10196 0.17647 0.29412
0.11373 0.18431 0.29412
0.12941 0.19608 0.29804
0.13333 0.18824 0.29412
0.1451 0.17255 0.27059
0.12549 0.18431 0.30588
0.11765 0.18039 0.30196
0.11373 0.18039 0.30196
0.11373 0.18039 0.29804
0.11765 0.18431 0.30196
0.12157 0.19216 0.3098
0.11373 0.18824 0.30588
0.11765 0.19216 0.3098
0.11373 0.18431 0.30196
0.1098 0.18431 0.30588
0.10588 0.18039 0.30588
0.12549 0.2 0.31373
0.12549 0.2 0.3098
0.12157 0.19216 0.30196
0.12941 0.19608 0.30588
0.12157 0.18824 0.29412
0.12157 0.18431 0.29804
0.23137 0.2549 0.33725
0.14118 0.2 0.31765
0.12941 0.18824 0.30588
0.11765 0.18431 0.30196
0.12941 0.19608 0.31373
0.12157 0.18824 0.3098
0.12157 0.18824 0.30588
0.11373 0.18431 0.30196
0.12549 0.2 0.31373
0.11765 0.19216 0.3098
0.098039 0.17647 0.29412
0.10196 0.17647 0.30196
0.12549 0.2 0.31765
0.11765 0.19216 0.29804
0.12157 0.18431 0.29412
0.12549 0.18824 0.29804
0.12549 0.18824 0.29804
0.11765 0.17255 0.28235
0.4 0.40392 0.45882
0.12941 0.18824 0.30196
0.12941 0.18824 0.30196
0.11765 0.18431 0.29412
0.12549 0.19216 0.3098
0.12549 0.19216 0.31373
0.12549 0.18824 0.3098
0.12549 0.19608 0.31373
0.12157 0.19608 0.31373
0.11373 0.18824 0.30588
0.10196 0.17647 0.29804
0.10588 0.18039 0.30588
0.11373 0.18824 0.30588
0.11765 0.19216 0.30196
0.12941 0.18824 0.30196
0.12941 0.19216 0.30588
0.13333 0.18824 0.30588
0.13333 0.17647 0.28235
0.62745 0.61961 0.63529
0.12549 0.19216 0.30196
0.12157 0.18431 0.29804
0.11765 0.18824 0.29412
0.12549 0.2 0.30588
0.12157 0.19608 0.30588
0.12941 0.19608 0.3098
0.13725 0.20392 0.31765
0.11765 0.18431 0.30196
0.11373 0.18039 0.30588
0.11765 0.18431 0.30588
0.12157 0.19216 0.3098
0.12549 0.19216 0.30588
0.12157 0.19216 0.30196
0.12157 0.18431 0.29412
0.13725 0.18039 0.29804
0.12549 0.17647 0.29412
0.19608 0.22745 0.31373
0.12549 0.19608 0.30588
0.11373 0.18039 0.2902
0.12549 0.19216 0.30196
0.11765 0.19608 0.30196
0.12549 0.2 0.3098
0.13333 0.19608 0.30588
0.13725 0.20392 0.31373
0.12157 0.18824 0.30588
0.11373 0.17647 0.30196
0.12157 0.18431 0.3098
0.12549 0.19216 0.30588
0.12549 0.19216 0.30196
0.12941 0.19608 0.30588
0.12157 0.18431 0.29412
0.12941 0.17647 0.29412
0.11373 0.16078 0.27451
0.37647 0.38824 0.44706
0.11765 0.19216 0.3098
0.11373 0.18824 0.30588
0.11765 0.19216 0.3098
0.11765 0.18824 0.29804
0.12549 0.18824 0.29804
0.12941 0.18824 0.30196
0.13725 0.2 0.3098
0.12941 0.19608 0.31373
0.11373 0.18039 0.30588
0.11373 0.17647 0.30196
0.12157 0.18824 0.30588
0.12549 0.19216 0.30196
0.12941 0.19608 0.30196
0.12941 0.19608 0.30588
0.11765 0.18431 0.29412
0.12549 0.16863 0.28627
0.58824 0.58824 0.60392
0.11373 0.18824 0.3098
0.11765 0.19216 0.31373
0.1098 0.18431 0.30588
0.12157 0.18824 0.30196
0.12549 0.18824 0.30196
0.12941 0.18824 0.29804
0.13333 0.19216 0.30588
0.12549 0.18824 0.3098
0.12157 0.18431 0.30588
0.11373 0.17647 0.29804
0.12157 0.18824 0.30588
0.12549 0.19216 0.30588
0.12157 0.18824 0.30196
0.12549 0.2 0.30588
0.11765 0.18431 0.29412
0.16471 0.2 0.29804
0.10588 0.18039 0.30588
0.11373 0.18824 0.31373
0.11373 0.18824 0.31373
0.13333 0.2 0.32157
0.14118 0.20392 0.32157
0.12941 0.18824 0.30196
0.12941 0.18824 0.30588
0.13333 0.19608 0.31373
0.13333 0.2 0.31765
0.11765 0.18431 0.30196
0.12549 0.19216 0.3098
0.12549 0.19216 0.3098
0.12941 0.19608 0.31765
0.12549 0.2 0.30588
0.12157 0.17647 0.2902
0.27451 0.29804 0.36078
0.12157 0.18824 0.31373
0.11765 0.18824 0.30196
0.12549 0.19608 0.31373
0.12549 0.19216 0.3098
0.12549 0.19216 0.3098
0.12157 0.18824 0.30588
0.11765 0.17647 0.29804
0.12549 0.18824 0.3098
0.13333 0.19608 0.31373
0.12549 0.19216 0.30196
0.11765 0.17255 0.28235
0.44314 0.45098 0.48627
0.11373 0.19216 0.3098
0.11373 0.19216 0.3098
0.11373 0.18824 0.30588
0.11765 0.18824 0.30588
0.12941 0.19216 0.3098
0.11765 0.17255 0.29804
0.12549 0.18431 0.30588
0.13333 0.18824 0.30588
0.13333 0.19216 0.30196
0.12157 0.17255 0.27059
0.61176 0.6 0.61176
0.11373 0.18431 0.30196
0.12157 0.18824 0.29804
0.12941 0.19216 0.30196
0.12941 0.18824 0.30196
0.12941 0.18431 0.30196
0.1451 0.19608 0.30588
0.14118 0.2 0.3098
0.15294 0.19608 0.27451
0.13333 0.18824 0.29412
0.12941 0.18431 0.29412
0.23922 0.26275 0.33333
0.12941 0.18824 0.29804
0.12157 0.17255 0.28627
0.33333 0.34118 0.40392
0.13725 0.19608 0.30588
0.1098 0.16471 0.27451
0.43922 0.44314 0.47843
0.56471 0.55686 0.55686
0.65882 0.63529 0.61176
