0.43922 0.41176 0.38039
0.42745 0.38431 0.34118
0.46275 0.42353 0.38431
0.50588 0.46667 0.43137
0.55686 0.52157 0.48627
0.55686 0.52941 0.48627
0.5451 0.49804 0.44314
0.5451 0.50196 0.44706
0.54118 0.49804 0.44706
0.55686 0.51373 0.46667
0.55686 0.51765 0.47843
0.56471 0.52549 0.48627
0.56471 0.52941 0.4902
0.56863 0.52941 0.4902
0.53333 0.48627 0.42745
0.5451 0.49804 0.43529
0.54902 0.50588 0.44314
0.55686 0.5098 0.4549
0.55686 0.5098 0.45882
0.56078 0.51373 0.46667
0.56078 0.51373 0.46667
0.55686 0.50588 0.45882
0.54902 0.50196 0.43529
0.54902 0.50196 0.43529
0.55294 0.5098 0.43922
0.55686 0.51373 0.44314
0.56078 0.5098 0.44314
0.56863 0.51765 0.4549
0.57647 0.52549 0.45882
0.57255 0.52157 0.4549
