0.27843 0.36863 0.50588
0.26275 0.36078 0.49412
0.27451 0.38039 0.51373
0.28235 0.37255 0.50196
0.26667 0.36863 0.49412
0.26275 0.36471 0.49804
0.27451 0.37647 0.5098
0.27843 0.36863 0.49804
0.27843 0.38431 0.5098
0.26275 0.36471 0.49804
0.27059 0.37255 0.5098
0.27059 0.36078 0.48627
0.29412 0.36863 0.49412
0.27059 0.37647 0.50196
0.27059 0.37255 0.5098
0.27451 0.37647 0.51373
0.27843 0.36863 0.49804
0.29412 0.38039 0.50196
0.26667 0.36471 0.49804
0.27843 0.36863 0.50196
0.28627 0.38039 0.51373
0.27451 0.36471 0.50196
0.28235 0.38039 0.51373
0.27059 0.36863 0.50196
