0.55294 0.63137 0.72941
0.55686 0.63529 0.73333
0.54902 0.62745 0.72549
0.55294 0.63137 0.72941
0.55294 0.63137 0.72941
0.54902 0.62745 0.72549
0.55294 0.63137 0.72941
0.55686 0.63529 0.72941
0.54902 0.62745 0.72549
0.54902 0.62745 0.72549
0.55294 0.63137 0.72941
0.56078 0.63922 0.73725
0.55294 0.63137 0.72549
0.55294 0.63137 0.72549
0.55294 0.63137 0.72157
0.55294 0.63137 0.72941
0.55294 0.63137 0.72549
0.55686 0.63529 0.72941
0.55686 0.63529 0.72941
0.55294 0.63137 0.72549
0.55686 0.63529 0.72941
0.55294 0.63137 0.72549
