0.51373 0.61176 0.72157
0.51373 0.61569 0.72549
0.51765 0.61569 0.72157
0.51373 0.61569 0.72157
0.51373 0.61176 0.72157
0.52157 0.61569 0.72549
0.52157 0.62353 0.72941
0.51765 0.61961 0.72549
0.52157 0.61961 0.72549
0.52941 0.62353 0.73333
0.51765 0.61961 0.72549
0.51765 0.61961 0.72549
0.52157 0.62353 0.72941
0.52549 0.61961 0.72941
0.52157 0.62353 0.73333
0.52157 0.62353 0.72941
0.51765 0.61961 0.72549
0.51765 0.61961 0.72549
0.52157 0.61961 0.72549
0.51765 0.61961 0.72941
0.51765 0.61961 0.72549
0.51765 0.61961 0.72549
0.52157 0.62353 0.73333
0.51765 0.61961 0.72549
