0.96863 0.85098 0.71373
0.96863 0.85098 0.70588
0.96863 0.85098 0.70196
0.96471 0.84706 0.69804
0.96078 0.84314 0.69412
0.96078 0.84314 0.69412
0.96471 0.84706 0.69804
0.96471 0.84706 0.69804
0.96471 0.84706 0.69804
0.96471 0.84706 0.70588
0.96078 0.84314 0.70196
0.94902 0.83137 0.6902
0.95294 0.83529 0.69804
0.96863 0.85098 0.71373
0.96863 0.85098 0.7098
0.96863 0.85098 0.70196
0.96078 0.84314 0.69412
0.96078 0.84314 0.69412
0.96471 0.84706 0.69804
0.96471 0.84706 0.69804
0.96078 0.84314 0.69412
0.94902 0.83137 0.68627
0.95294 0.83529 0.6902
0.95294 0.83529 0.69412
0.9451 0.82745 0.68235
0.95686 0.83529 0.6902
0.96078 0.84314 0.70196
0.94902 0.83137 0.6902
0.96078 0.84314 0.70196
0.96471 0.84706 0.70588
0.95294 0.83529 0.69412
0.96078 0.84314 0.70196
0.94902 0.83137 0.6902
0.95686 0.83922 0.69804
0.95686 0.83922 0.69804
0.95686 0.83922 0.69804
0.96471 0.84706 0.70588
0.96078 0.84314 0.69804
0.96078 0.84314 0.69412
0.96863 0.84314 0.69412
0.96078 0.83922 0.6902
0.95294 0.83137 0.68235
0.96863 0.85098 0.7098
0.96078 0.84314 0.70196
0.95686 0.83922 0.69804
0.96471 0.84706 0.70588
0.95686 0.83922 0.69804
0.96471 0.84706 0.70588
0.96078 0.84314 0.70196
0.95686 0.83922 0.69804
0.95686 0.83922 0.69804
0.95686 0.83922 0.69804
0.96078 0.84314 0.70196
0.96471 0.84706 0.70196
0.96078 0.84314 0.69412
0.96863 0.84314 0.69412
0.96471 0.83922 0.6902
0.96471 0.83922 0.6902
0.95294 0.83137 0.68235
0.96471 0.84706 0.70588
0.96471 0.84706 0.70588
0.96471 0.84706 0.70588
0.96863 0.85098 0.7098
0.96863 0.85098 0.7098
0.95294 0.83529 0.69412
0.95686 0.83922 0.69804
0.96863 0.85098 0.7098
0.96471 0.84706 0.70588
0.95686 0.83922 0.69804
0.95686 0.83922 0.69804
0.95686 0.83922 0.69412
0.94902 0.83137 0.68235
0.96078 0.83529 0.68627
0.95294 0.82745 0.67843
0.9451 0.81961 0.67059
0.95686 0.83529 0.68627
0.95294 0.83529 0.68627
0.95294 0.83529 0.68627
0.96863 0.85098 0.7098
0.96471 0.84706 0.70588
0.96471 0.84706 0.70588
0.96863 0.85098 0.7098
0.96078 0.84314 0.70196
0.95294 0.83529 0.69412
0.96078 0.84314 0.70196
0.96471 0.84706 0.70588
0.96471 0.84706 0.70588
0.94902 0.83137 0.6902
0.94902 0.83137 0.6902
0.96471 0.83922 0.69804
0.97255 0.84314 0.70196
0.96863 0.84314 0.69412
0.96078 0.83529 0.68627
0.94118 0.81569 0.66667
0.96078 0.83529 0.68627
0.95294 0.82745 0.67843
0.94902 0.82745 0.67451
0.95294 0.82745 0.68235
0.96078 0.83529 0.69412
0.97255 0.8549 0.71373
0.96471 0.84706 0.70588
0.95686 0.83922 0.69804
0.96078 0.84314 0.70196
0.95686 0.83922 0.69804
0.95294 0.83529 0.69412
0.95686 0.83922 0.69804
0.96078 0.84314 0.70196
0.96078 0.84314 0.70196
0.95686 0.83922 0.69804
0.96471 0.84706 0.70588
0.96863 0.83529 0.70196
0.96863 0.83529 0.70196
0.96863 0.83922 0.69412
0.96471 0.83922 0.6902
0.96471 0.83922 0.6902
0.96078 0.83529 0.68627
0.95294 0.82745 0.67843
0.94902 0.82353 0.67451
0.95686 0.83137 0.68627
0.96078 0.83137 0.69412
0.96078 0.83137 0.69412
0.96863 0.85098 0.71373
0.96863 0.85098 0.7098
0.96471 0.84706 0.70588
0.96863 0.85098 0.7098
0.96471 0.84706 0.70588
0.95686 0.83922 0.69804
0.95686 0.83922 0.69804
0.96078 0.84314 0.70196
0.95686 0.83922 0.69804
0.95294 0.83529 0.69412
0.96078 0.83922 0.69804
0.96471 0.83529 0.69804
0.97255 0.83922 0.70196
0.96471 0.83922 0.6902
0.96471 0.83922 0.68627
0.96471 0.83922 0.68627
0.96078 0.83529 0.68627
0.95686 0.83137 0.68235
0.95686 0.83137 0.68235
0.95686 0.83137 0.68627
0.95686 0.82745 0.6902
0.95686 0.82745 0.6902
0.96078 0.83529 0.69412
0.95294 0.83529 0.68627
0.96471 0.85098 0.7098
0.96471 0.84706 0.70588
0.96471 0.84706 0.70588
0.96863 0.84706 0.7098
0.96863 0.84314 0.70196
0.95686 0.83137 0.69412
0.95686 0.83529 0.69412
0.96078 0.84314 0.70196
0.96078 0.84314 0.70196
0.96078 0.84314 0.70196
0.96471 0.83922 0.70196
0.96078 0.83137 0.69412
0.95686 0.82745 0.6902
0.96471 0.83922 0.69804
0.96078 0.83529 0.69412
0.96078 0.83529 0.69412
0.96471 0.83529 0.6902
0.95686 0.83137 0.68235
0.96471 0.84314 0.69412
0.95686 0.82745 0.68235
0.96078 0.82745 0.68627
0.94902 0.82353 0.67843
0.95294 0.83137 0.68627
0.96078 0.84314 0.69412
0.95686 0.83922 0.6902
0.96863 0.85098 0.7098
0.96471 0.84706 0.70588
0.96863 0.85098 0.7098
0.96863 0.84706 0.70588
0.95686 0.82353 0.68627
0.96078 0.83137 0.69412
0.96863 0.84314 0.70588
0.96078 0.84314 0.70196
0.96078 0.84314 0.70196
0.96471 0.84706 0.70588
0.96078 0.83137 0.69412
0.96078 0.83137 0.69412
0.96078 0.83137 0.69412
0.95686 0.82745 0.6902
0.96078 0.83137 0.69412
0.96471 0.83529 0.69804
0.96078 0.83137 0.68627
0.96078 0.83529 0.68627
0.96863 0.84314 0.69412
0.94902 0.81961 0.67451
0.95294 0.81961 0.67451
0.95686 0.83529 0.68235
0.95686 0.83529 0.68627
0.95294 0.83529 0.68627
0.94902 0.83137 0.68235
0.95686 0.83922 0.6902
0.95294 0.83137 0.68235
0.96471 0.84706 0.70588
0.96863 0.85098 0.7098
0.96471 0.84706 0.70588
0.96471 0.83922 0.70196
0.96078 0.83137 0.69412
0.96471 0.83529 0.69804
0.96863 0.84314 0.70196
0.95686 0.83922 0.69804
0.95294 0.83922 0.69412
0.95294 0.83137 0.6902
0.96078 0.83529 0.69804
0.96078 0.83137 0.69412
0.96078 0.83137 0.69804
0.96471 0.83529 0.69804
0.96863 0.83922 0.70196
0.96863 0.83529 0.70196
0.95686 0.83137 0.68627
0.95686 0.83137 0.68235
0.96863 0.84314 0.69412
0.96078 0.83137 0.68235
0.96078 0.82745 0.68235
0.96078 0.83529 0.68627
0.95294 0.83137 0.68235
0.95294 0.83529 0.68627
0.94902 0.83137 0.68235
0.95294 0.83529 0.68627
0.95294 0.83529 0.68627
0.96078 0.83529 0.6902
0.96471 0.83137 0.69412
0.96078 0.83137 0.69412
0.96471 0.84706 0.70588
0.96863 0.85098 0.7098
0.96471 0.84706 0.70588
0.96078 0.83922 0.69804
0.96078 0.83922 0.69804
0.96471 0.83922 0.69804
0.96078 0.83922 0.69804
0.95686 0.83922 0.69804
0.96078 0.84314 0.70196
0.95294 0.83529 0.69412
0.95686 0.83137 0.69412
0.96078 0.83137 0.69412
0.96863 0.84314 0.69804
0.96863 0.84314 0.70196
0.96471 0.84314 0.69804
0.96863 0.84314 0.70196
0.96471 0.83922 0.69412
0.96078 0.83529 0.68627
0.97255 0.84706 0.69804
0.96863 0.83922 0.69412
0.96078 0.83137 0.68627
0.95294 0.83137 0.68235
0.94902 0.83137 0.68235
0.95294 0.83137 0.68235
0.95686 0.83529 0.68627
0.96078 0.84314 0.69412
0.95686 0.83529 0.68627
0.96078 0.83529 0.6902
0.96078 0.83137 0.6902
0.96471 0.83137 0.69412
0.96078 0.83529 0.69412
0.96863 0.85098 0.7098
0.96471 0.84706 0.70588
0.96471 0.84706 0.70588
0.96471 0.84706 0.70588
0.96078 0.84314 0.70196
0.9451 0.82745 0.68627
0.93725 0.81961 0.67843
0.95686 0.83922 0.69804
0.95686 0.83922 0.69804
0.95686 0.83922 0.69804
0.95686 0.83137 0.69412
0.95686 0.82745 0.68627
0.96863 0.84314 0.69412
0.96471 0.84706 0.69804
0.96471 0.84706 0.69804
0.96078 0.84314 0.69412
0.96471 0.83922 0.6902
0.96471 0.83922 0.6902
0.96471 0.83922 0.6902
0.96863 0.84314 0.69412
0.96078 0.83529 0.68627
0.95294 0.83529 0.68627
0.95686 0.83529 0.68627
0.96471 0.83922 0.6902
0.95686 0.82745 0.67843
0.95686 0.83137 0.68235
0.96471 0.83922 0.6902
0.96078 0.83529 0.68627
0.96078 0.83529 0.68627
0.96471 0.83922 0.6902
0.96078 0.83922 0.6902
0.95294 0.83529 0.68627
0.96863 0.85098 0.7098
0.96471 0.84706 0.70588
0.96471 0.84706 0.70588
0.96863 0.85098 0.7098
0.96078 0.84314 0.70196
0.95686 0.83922 0.69804
0.95686 0.83922 0.69804
0.95686 0.83922 0.69804
0.95686 0.83922 0.69804
0.96078 0.84314 0.70196
0.96863 0.83922 0.70196
0.95686 0.82745 0.68627
0.96863 0.84314 0.69412
0.96471 0.84706 0.69804
0.96471 0.84706 0.69804
0.95686 0.84314 0.69412
0.95686 0.83529 0.68627
0.96863 0.84314 0.69412
0.96471 0.83922 0.6902
0.96078 0.83529 0.68627
0.96863 0.84314 0.69412
0.95686 0.83529 0.68627
0.95686 0.83529 0.68627
0.96471 0.83922 0.6902
0.95686 0.83137 0.68235
0.95294 0.82745 0.67843
0.96078 0.83529 0.68627
0.96078 0.83529 0.68627
0.96471 0.83922 0.6902
0.95686 0.83922 0.6902
0.95686 0.83529 0.68627
0.96471 0.83922 0.6902
0.97255 0.84706 0.69804
0.96078 0.83529 0.68627
0.96471 0.84706 0.70588
0.96471 0.84706 0.70588
0.96471 0.84706 0.70588
0.96471 0.84706 0.70588
0.96471 0.84706 0.70588
0.96078 0.84314 0.70196
0.95294 0.83529 0.69412
0.95294 0.83529 0.69412
0.96078 0.84314 0.70196
0.96078 0.84314 0.70196
0.96078 0.83137 0.69412
0.95686 0.83137 0.68627
0.96471 0.83922 0.6902
0.96471 0.84706 0.69804
0.96078 0.84314 0.69412
0.96078 0.84314 0.69412
0.95686 0.83529 0.68627
0.96078 0.83922 0.6902
0.96078 0.83529 0.68627
0.95294 0.82745 0.67843
0.95686 0.83137 0.68235
0.95686 0.83529 0.6902
0.95294 0.83137 0.68627
0.96078 0.83529 0.6902
0.95294 0.82745 0.68235
0.95294 0.82745 0.67843
0.95294 0.82745 0.67843
0.96078 0.83529 0.68627
0.96471 0.83922 0.6902
0.95294 0.83529 0.68627
0.95294 0.83529 0.68627
0.96471 0.83922 0.6902
0.96863 0.84314 0.69412
0.96471 0.83922 0.6902
0.96471 0.83922 0.6902
0.96471 0.83922 0.6902
0.96471 0.84706 0.70588
0.96863 0.85098 0.7098
0.96471 0.84706 0.70588
0.96471 0.84706 0.70588
0.96078 0.84314 0.70196
0.94902 0.83137 0.6902
0.9451 0.82745 0.68627
0.96078 0.84314 0.70196
0.95294 0.83529 0.69412
0.95294 0.83529 0.69412
0.94902 0.83137 0.6902
0.94902 0.83137 0.68627
0.95294 0.83529 0.68627
0.95686 0.83922 0.6902
0.96078 0.84314 0.69412
0.96078 0.84314 0.69412
0.96078 0.84314 0.69412
0.96078 0.84314 0.69412
0.95294 0.83529 0.68627
0.94902 0.83137 0.68235
0.94902 0.83137 0.68235
0.95294 0.83529 0.69412
0.94902 0.83137 0.6902
0.94118 0.82353 0.68235
0.94118 0.82353 0.67843
0.9451 0.82745 0.67843
0.94902 0.83137 0.68235
0.95686 0.83922 0.6902
0.96078 0.84314 0.69412
0.95294 0.83529 0.68627
0.95294 0.83529 0.68627
0.95294 0.83529 0.68627
0.96078 0.83922 0.6902
0.97255 0.84706 0.69804
0.96863 0.84314 0.69412
0.96471 0.83922 0.6902
0.96078 0.83529 0.68627
0.96471 0.84706 0.70588
0.96078 0.84314 0.70196
0.96078 0.84314 0.70196
0.96471 0.84706 0.70588
0.96863 0.85098 0.7098
0.96471 0.84706 0.70588
0.96078 0.84314 0.70196
0.96471 0.84706 0.70588
0.95686 0.83922 0.69804
0.95686 0.83922 0.69804
0.95294 0.83529 0.69412
0.95294 0.83922 0.69412
0.94902 0.83137 0.68235
0.95686 0.83922 0.6902
0.96078 0.84314 0.69412
0.95686 0.83922 0.6902
0.95294 0.83529 0.68627
0.95686 0.83922 0.6902
0.95294 0.83529 0.68627
0.94902 0.83137 0.68235
0.95294 0.83529 0.68627
0.95686 0.83922 0.69412
0.95686 0.83922 0.69804
0.94902 0.83137 0.6902
0.95294 0.83529 0.6902
0.95686 0.83922 0.6902
0.95686 0.83922 0.6902
0.95686 0.83922 0.6902
0.95686 0.83922 0.6902
0.95686 0.83922 0.6902
0.95686 0.83922 0.6902
0.96078 0.84314 0.69412
0.96471 0.84314 0.69412
0.96863 0.84314 0.69412
0.96863 0.84314 0.69412
0.95686 0.83137 0.68235
0.95686 0.83137 0.68235
0.95294 0.83529 0.68627
0.95686 0.83529 0.68627
0.96471 0.84706 0.70588
0.96078 0.84314 0.70196
0.96471 0.84706 0.70588
0.96863 0.85098 0.7098
0.96863 0.85098 0.7098
0.96863 0.85098 0.7098
0.96471 0.84706 0.70588
0.96078 0.83922 0.69804
0.95294 0.83137 0.6902
0.96078 0.84314 0.70196
0.96078 0.84314 0.70196
0.96471 0.84314 0.69804
0.96078 0.84314 0.6902
0.95686 0.83922 0.6902
0.96078 0.84314 0.69412
0.96078 0.84314 0.69412
0.95686 0.83922 0.6902
0.96078 0.84314 0.69412
0.96078 0.84314 0.69412
0.95294 0.83529 0.68627
0.95686 0.83922 0.6902
0.95294 0.83529 0.6902
0.94902 0.83137 0.6902
0.95294 0.83529 0.69412
0.95294 0.83529 0.6902
0.96078 0.84314 0.69412
0.95686 0.83922 0.6902
0.95294 0.83529 0.68627
0.95294 0.83529 0.68627
0.95294 0.83529 0.68627
0.96078 0.84314 0.69412
0.95686 0.83922 0.6902
0.96078 0.83922 0.6902
0.96471 0.83922 0.6902
0.96863 0.84314 0.69412
0.95294 0.82745 0.67843
0.95686 0.83137 0.68235
0.95686 0.83922 0.6902
0.95686 0.83922 0.6902
0.95686 0.83137 0.68235
0.96078 0.84314 0.70196
0.95686 0.83922 0.69804
0.95686 0.83922 0.69804
0.96471 0.84706 0.70588
0.96863 0.85098 0.7098
0.96471 0.84706 0.70588
0.96863 0.84706 0.70588
0.96471 0.83529 0.69804
0.96078 0.83137 0.69412
0.96863 0.83922 0.70196
0.96863 0.84314 0.69804
0.96863 0.84314 0.6902
0.96471 0.83922 0.6902
0.95686 0.83922 0.6902
0.96078 0.84314 0.69412
0.96078 0.84314 0.69412
0.96078 0.84314 0.69412
0.96078 0.84314 0.69412
0.96078 0.84314 0.69412
0.95686 0.83922 0.6902
0.95686 0.83922 0.6902
0.9451 0.82745 0.67843
0.94902 0.83137 0.68235
0.94902 0.83137 0.6902
0.95294 0.83529 0.69804
0.95686 0.83922 0.69804
0.96078 0.84314 0.69412
0.95294 0.83529 0.68627
0.95294 0.83529 0.68627
0.95294 0.83529 0.68627
0.95686 0.83922 0.6902
0.95686 0.83922 0.6902
0.95686 0.84314 0.6902
0.96078 0.84706 0.6902
0.96471 0.84706 0.6902
0.96078 0.84314 0.6902
0.95686 0.83529 0.6902
0.95294 0.83529 0.68627
0.94902 0.82745 0.67843
0.96078 0.83529 0.68627
0.94902 0.82353 0.67451
0.96078 0.84314 0.70196
0.95686 0.83922 0.69804
0.95686 0.83922 0.69804
0.96078 0.84314 0.70196
0.96471 0.84706 0.70588
0.96471 0.84706 0.70588
0.96471 0.84314 0.70588
0.96863 0.83922 0.70196
0.96078 0.83137 0.69412
0.96078 0.83137 0.69412
0.96471 0.83529 0.6902
0.96078 0.83529 0.68627
0.97255 0.84706 0.69804
0.95686 0.83137 0.68235
0.9451 0.82353 0.67451
0.96078 0.83922 0.6902
0.96078 0.83922 0.6902
0.95686 0.83922 0.6902
0.95686 0.83922 0.6902
0.94902 0.83137 0.68235
0.95686 0.83922 0.6902
0.95686 0.83922 0.6902
0.95686 0.83922 0.6902
0.95294 0.83529 0.69412
0.95686 0.83922 0.69412
0.95294 0.83529 0.6902
0.95294 0.83529 0.68627
0.94902 0.83137 0.68235
0.95294 0.83529 0.68627
0.95686 0.83922 0.6902
0.95686 0.83922 0.6902
0.95686 0.83529 0.6902
0.96078 0.84314 0.6902
0.96078 0.84706 0.6902
0.95686 0.84314 0.6902
0.95686 0.84314 0.6902
0.96078 0.84314 0.69412
0.95686 0.83922 0.6902
0.95294 0.83137 0.68235
0.95686 0.83137 0.68235
0.95294 0.82745 0.67451
0.96078 0.84314 0.70196
0.96078 0.84314 0.70196
0.96471 0.84706 0.70588
0.96471 0.84706 0.70588
0.96863 0.85098 0.7098
0.96471 0.84706 0.70588
0.95686 0.83529 0.69412
0.96471 0.83529 0.69804
0.96863 0.83922 0.70196
0.96471 0.83529 0.69804
0.96471 0.83922 0.69412
0.96078 0.83529 0.68627
0.96471 0.83922 0.6902
0.94902 0.82353 0.67451
0.96078 0.83529 0.68627
0.96863 0.84314 0.69412
0.96078 0.83922 0.6902
0.95686 0.83922 0.6902
0.95294 0.83529 0.68627
0.94118 0.82353 0.67451
0.95294 0.83529 0.68627
0.96078 0.84314 0.69412
0.96078 0.84314 0.69412
0.95294 0.83529 0.68627
0.96078 0.84314 0.69412
0.96078 0.84314 0.69412
0.95686 0.83922 0.6902
0.95686 0.83922 0.6902
0.95686 0.83922 0.6902
0.95294 0.83529 0.68627
0.95686 0.83922 0.6902
0.95686 0.83922 0.6902
0.95686 0.83922 0.6902
0.95686 0.83922 0.6902
0.95686 0.83922 0.6902
0.96078 0.84314 0.69412
0.95686 0.83922 0.6902
0.96078 0.84314 0.69412
0.95686 0.83529 0.68627
0.95686 0.83137 0.68235
0.95686 0.82745 0.67843
0.95686 0.83137 0.67843
0.95294 0.82745 0.67451
0.95294 0.82745 0.67451
0.96078 0.84314 0.70196
0.96078 0.84314 0.70196
0.96078 0.84314 0.70196
0.96078 0.84314 0.70196
0.96471 0.84706 0.70588
0.96471 0.84706 0.70588
0.95686 0.83529 0.69804
0.96471 0.83529 0.69804
0.97255 0.84314 0.70588
0.97255 0.84706 0.70588
0.97647 0.84706 0.70196
0.96863 0.84314 0.69412
0.96471 0.83529 0.6902
0.95686 0.82745 0.68235
0.96863 0.84706 0.69804
0.96863 0.85098 0.70196
0.96471 0.85098 0.70196
0.96078 0.84314 0.69412
0.96078 0.84314 0.69412
0.95686 0.83922 0.6902
0.95686 0.83922 0.6902
0.96078 0.84314 0.69412
0.96078 0.84314 0.69412
0.95294 0.83529 0.68627
0.95686 0.83922 0.6902
0.95294 0.83529 0.68627
0.94902 0.83137 0.68235
0.95686 0.83922 0.6902
0.95686 0.83922 0.6902
0.95294 0.83529 0.68627
0.95686 0.83922 0.6902
0.96078 0.84314 0.69412
0.96078 0.84314 0.69412
0.95686 0.83922 0.6902
0.95686 0.83922 0.6902
0.95686 0.83922 0.6902
0.95686 0.83922 0.6902
0.95686 0.83922 0.6902
0.95686 0.83922 0.6902
0.96471 0.83922 0.6902
0.96078 0.83529 0.68627
0.9451 0.81961 0.67059
0.95294 0.82745 0.67451
0.96078 0.83529 0.68235
0.96078 0.84314 0.70196
0.95686 0.83922 0.69804
0.96078 0.84314 0.70196
0.96078 0.84314 0.70196
0.96078 0.84314 0.70196
0.96078 0.84314 0.70196
0.96863 0.84706 0.70588
0.97255 0.84314 0.70588
0.96863 0.83922 0.70196
0.97255 0.84314 0.70588
0.96863 0.84314 0.69412
0.96863 0.84314 0.69412
0.97255 0.84706 0.69804
0.96863 0.84706 0.69804
0.96863 0.84314 0.69412
0.96471 0.84706 0.69804
0.96471 0.84706 0.69804
0.96471 0.84706 0.69804
0.96471 0.84706 0.69804
0.96078 0.84314 0.69412
0.95294 0.83529 0.68627
0.95686 0.83922 0.6902
0.96078 0.84314 0.69412
0.95294 0.83529 0.68627
0.94902 0.83137 0.68235
0.95294 0.83529 0.68627
0.94902 0.83137 0.68235
0.94902 0.83137 0.68235
0.95294 0.83529 0.68627
0.96078 0.84314 0.69412
0.96078 0.84314 0.69412
0.96078 0.84314 0.69412
0.95686 0.83922 0.6902
0.95686 0.83922 0.6902
0.95294 0.83529 0.68627
0.95686 0.83922 0.6902
0.95686 0.83922 0.6902
0.95686 0.83922 0.6902
0.95686 0.83922 0.6902
0.95686 0.83529 0.68627
0.96471 0.83922 0.6902
0.94902 0.82353 0.67451
0.94902 0.82353 0.67451
0.96078 0.83529 0.68235
0.96078 0.84314 0.70196
0.95686 0.83922 0.69804
0.96078 0.84314 0.70196
0.96078 0.84314 0.70196
0.96078 0.84314 0.70196
0.96078 0.84314 0.70196
0.96863 0.84706 0.70588
0.97255 0.84314 0.70588
0.96863 0.83922 0.70196
0.96863 0.83922 0.70196
0.96863 0.84314 0.69412
0.96471 0.83922 0.6902
0.96863 0.84314 0.69412
0.96471 0.84706 0.69412
0.96471 0.84706 0.69804
0.97255 0.84706 0.69804
0.96471 0.84314 0.69804
0.96078 0.84314 0.69412
0.96078 0.84314 0.69412
0.9451 0.82745 0.67843
0.94118 0.82353 0.67451
0.95686 0.83922 0.6902
0.95686 0.83922 0.6902
0.95686 0.83922 0.6902
0.95294 0.83529 0.68627
0.95294 0.83529 0.68627
0.94902 0.83137 0.68235
0.95686 0.83922 0.6902
0.95686 0.83922 0.6902
0.95686 0.84314 0.69412
0.95686 0.83922 0.6902
0.95294 0.83529 0.68627
0.95686 0.83922 0.6902
0.95686 0.83922 0.6902
0.95686 0.83922 0.6902
0.95686 0.83922 0.6902
0.96078 0.84314 0.69412
0.96078 0.84314 0.69412
0.95294 0.83529 0.68627
0.95294 0.83529 0.68627
0.95686 0.84314 0.69412
0.9451 0.82745 0.67843
0.94118 0.81569 0.66667
0.96078 0.83529 0.68627
0.96471 0.84706 0.70588
0.96078 0.84314 0.70196
0.96078 0.84314 0.70196
0.96471 0.84706 0.70588
0.96471 0.84706 0.70588
0.95686 0.83922 0.69804
0.96863 0.85098 0.70588
0.97255 0.84706 0.70196
0.96863 0.84314 0.69804
0.96863 0.84314 0.69804
0.96471 0.83922 0.6902
0.96863 0.84314 0.69412
0.97255 0.84706 0.69804
0.96471 0.84706 0.69804
0.96078 0.84314 0.69412
0.96078 0.83922 0.6902
0.95686 0.83529 0.68627
0.96078 0.83922 0.6902
0.96471 0.83922 0.6902
0.96863 0.84314 0.69412
0.96078 0.83922 0.6902
0.96471 0.84314 0.69412
0.95686 0.84314 0.69412
0.96078 0.84314 0.69412
0.95686 0.83529 0.68627
0.96078 0.83922 0.6902
0.96078 0.83529 0.68627
0.96471 0.84314 0.69412
0.96863 0.84314 0.69412
0.96471 0.84314 0.69412
0.96078 0.83922 0.6902
0.96078 0.83922 0.6902
0.96078 0.83922 0.6902
0.96078 0.83922 0.6902
0.95686 0.83922 0.6902
0.96078 0.84314 0.69412
0.95686 0.83922 0.6902
0.95686 0.83922 0.6902
0.95686 0.83922 0.6902
0.94902 0.83137 0.68235
0.95294 0.83529 0.68627
0.94902 0.83137 0.68235
0.9451 0.81961 0.67059
0.9451 0.81961 0.67059
0.96078 0.84314 0.70196
0.96863 0.85098 0.7098
0.96471 0.84706 0.70588
0.96471 0.84706 0.70588
0.96863 0.85098 0.7098
0.96471 0.84706 0.70588
0.96863 0.84706 0.70588
0.96863 0.84314 0.69804
0.96863 0.84314 0.69412
0.96863 0.84314 0.69412
0.96863 0.84314 0.69412
0.97255 0.84706 0.69804
0.97255 0.84706 0.69804
0.96471 0.84706 0.69804
0.96078 0.84314 0.69412
0.96078 0.84314 0.69412
0.96863 0.84706 0.69804
0.97255 0.84706 0.69804
0.97255 0.84706 0.69804
0.97255 0.84706 0.69804
0.96863 0.84314 0.69412
0.96471 0.84706 0.69412
0.96471 0.84706 0.69804
0.95686 0.83922 0.6902
0.93725 0.81569 0.66667
0.94118 0.81569 0.66667
0.96863 0.84314 0.69412
0.96471 0.83922 0.6902
0.96471 0.83922 0.6902
0.96471 0.83922 0.6902
0.96471 0.83922 0.6902
0.96863 0.84314 0.69412
0.96471 0.83922 0.6902
0.96471 0.83922 0.6902
0.95686 0.83922 0.6902
0.95686 0.83922 0.6902
0.95686 0.83922 0.6902
0.95686 0.83922 0.6902
0.95686 0.83922 0.6902
0.94902 0.83137 0.68235
0.95294 0.83529 0.68627
0.94902 0.83137 0.68235
0.95686 0.83137 0.68235
0.9451 0.81961 0.67059
0.96078 0.84314 0.70196
0.96863 0.85098 0.7098
0.96471 0.84706 0.70588
0.95686 0.83922 0.69804
0.96078 0.84314 0.70196
0.96471 0.84706 0.70588
0.96078 0.84314 0.70196
0.96863 0.83922 0.69804
0.97255 0.84314 0.70588
0.96863 0.83922 0.70196
0.96863 0.84314 0.69412
0.95686 0.83137 0.68235
0.96863 0.84314 0.69412
0.97255 0.85098 0.70196
0.96471 0.84706 0.69804
0.96471 0.84706 0.69804
0.97255 0.85098 0.70196
0.97647 0.85098 0.70196
0.96863 0.84314 0.69412
0.96863 0.84314 0.69412
0.96078 0.84314 0.69412
0.95294 0.83137 0.68235
0.96078 0.83529 0.68627
0.96078 0.84314 0.69412
0.96078 0.83922 0.6902
0.94902 0.82353 0.67451
0.96471 0.83922 0.6902
0.96471 0.83922 0.6902
0.96863 0.84314 0.69412
0.96863 0.83922 0.70196
0.96471 0.83529 0.69804
0.96078 0.83137 0.69412
0.96471 0.83922 0.69412
0.96078 0.83922 0.68627
0.95686 0.83922 0.6902
0.95686 0.83922 0.6902
0.95686 0.83922 0.6902
0.95686 0.83922 0.6902
0.95686 0.83922 0.6902
0.95686 0.83922 0.6902
0.95686 0.83922 0.6902
0.95294 0.83529 0.68627
0.95686 0.83137 0.68235
0.94902 0.82353 0.67451
0.96471 0.84706 0.70588
0.96471 0.84706 0.70588
0.96471 0.84706 0.70588
0.96078 0.84314 0.70196
0.96078 0.84314 0.70196
0.96078 0.84706 0.70196
0.96078 0.84314 0.70196
0.96078 0.83529 0.69804
0.96863 0.83922 0.70196
0.96863 0.83922 0.70196
0.96471 0.83922 0.6902
0.96078 0.83922 0.68627
0.96863 0.84706 0.69804
0.96863 0.85098 0.70196
0.96471 0.84706 0.69804
0.96078 0.84314 0.69412
0.96078 0.83922 0.6902
0.96471 0.83922 0.6902
0.96863 0.84314 0.69412
0.96471 0.84706 0.69804
0.96471 0.84706 0.69804
0.94902 0.82353 0.67451
0.96078 0.83137 0.68627
0.96471 0.84706 0.69804
0.97255 0.84706 0.69804
0.96863 0.84314 0.69412
0.96863 0.83922 0.69412
0.96863 0.84314 0.69412
0.96863 0.84706 0.69804
0.96078 0.83529 0.69412
0.96078 0.83137 0.69412
0.96078 0.83137 0.69412
0.96471 0.83922 0.69412
0.96078 0.83922 0.6902
0.95686 0.83922 0.6902
0.94902 0.83137 0.68235
0.95294 0.83529 0.68627
0.96078 0.84314 0.69412
0.96078 0.84314 0.69412
0.96078 0.83922 0.6902
0.96078 0.83922 0.6902
0.96078 0.83922 0.6902
0.96078 0.83529 0.68627
0.95294 0.82353 0.67843
0.96078 0.84314 0.70196
0.96078 0.84314 0.70196
0.96078 0.84314 0.70196
0.96471 0.84706 0.70588
0.96471 0.84706 0.70588
0.96078 0.84314 0.70196
0.95686 0.83922 0.69804
0.95686 0.83529 0.69412
0.96471 0.83137 0.69412
0.96863 0.83529 0.69804
0.96863 0.84314 0.69412
0.96471 0.84314 0.69412
0.96471 0.84706 0.69804
0.96471 0.84706 0.69804
0.96471 0.84706 0.69804
0.96078 0.84314 0.69412
0.96078 0.84314 0.69412
0.96078 0.84314 0.69412
0.96078 0.84314 0.69412
0.96471 0.84706 0.69804
0.96471 0.84706 0.69804
0.96471 0.83922 0.6902
0.96078 0.83529 0.68627
0.96078 0.83529 0.68627
0.96863 0.84314 0.69412
0.96863 0.83922 0.6902
0.96863 0.83529 0.6902
0.96863 0.84314 0.69412
0.96078 0.84314 0.6902
0.96078 0.83529 0.69412
0.95686 0.82745 0.6902
0.96078 0.83137 0.69412
0.96471 0.84314 0.70196
0.95686 0.83922 0.6902
0.95686 0.83922 0.6902
0.95294 0.83529 0.68627
0.95686 0.83922 0.6902
0.95686 0.83922 0.6902
0.96078 0.83922 0.6902
0.96863 0.84314 0.69412
0.96471 0.83922 0.6902
0.96863 0.84314 0.69412
0.96471 0.83922 0.6902
0.96863 0.83922 0.69412
0.95294 0.83529 0.69412
0.9451 0.82745 0.68627
0.96471 0.84706 0.70588
0.96471 0.84706 0.70588
0.96078 0.84314 0.70196
0.95686 0.83922 0.69804
0.96471 0.84706 0.70588
0.96471 0.83922 0.70196
0.96471 0.83529 0.69804
0.97255 0.83922 0.70196
0.97647 0.84706 0.70196
0.96863 0.84706 0.69804
0.96078 0.84314 0.69412
0.96471 0.84706 0.69804
0.96863 0.85098 0.70196
0.96863 0.85098 0.70196
0.96471 0.84706 0.69804
0.96863 0.85098 0.70196
0.96471 0.84706 0.69804
0.96471 0.84706 0.69804
0.95686 0.83922 0.6902
0.96863 0.84706 0.69804
0.96471 0.83922 0.6902
0.96471 0.83922 0.6902
0.96471 0.83922 0.6902
0.96471 0.83922 0.6902
0.96471 0.83137 0.68627
0.96078 0.83529 0.68627
0.95686 0.83922 0.6902
0.96078 0.83529 0.69412
0.96471 0.83529 0.69804
0.96471 0.83529 0.69804
0.96471 0.84314 0.69804
0.95686 0.83922 0.6902
0.95686 0.83922 0.6902
0.95686 0.83922 0.6902
0.95686 0.83922 0.6902
0.96078 0.84314 0.69412
0.95686 0.83529 0.68627
0.96471 0.83922 0.6902
0.96471 0.83922 0.6902
0.96078 0.83529 0.68627
0.96471 0.83922 0.6902
0.96471 0.83922 0.6902
