0.48627 0.59216 0.73725
0.4902 0.59216 0.73725
0.49412 0.59608 0.74118
0.48235 0.59216 0.73725
0.48627 0.59216 0.74118
0.4902 0.59608 0.74118
0.49804 0.6 0.7451
0.49804 0.6 0.7451
0.4902 0.59216 0.73333
0.48627 0.58824 0.73333
0.49412 0.59216 0.74118
0.49804 0.59608 0.74118
0.49804 0.6 0.7451
0.48627 0.59216 0.73725
0.4902 0.59608 0.73725
0.49804 0.59216 0.74118
0.49412 0.59608 0.74118
0.48627 0.59608 0.74118
0.4902 0.6 0.74118
0.4902 0.59608 0.74118
0.48627 0.59216 0.73725
0.4902 0.6 0.7451
0.48627 0.59608 0.74118
0.4902 0.6 0.74118
0.49804 0.59608 0.74118
