0.93333 0.8902 0.81569
0.94118 0.8902 0.81569
0.9451 0.89412 0.81961
0.93333 0.8902 0.81961
0.93333 0.8902 0.81961
0.93333 0.8902 0.81961
0.94118 0.88627 0.81569
0.94118 0.8902 0.81569
0.94902 0.89804 0.82353
0.93333 0.8902 0.81961
0.93333 0.8902 0.81961
0.92941 0.8902 0.81961
0.93725 0.89412 0.82353
0.93725 0.89412 0.82353
0.9451 0.89804 0.82745
0.94902 0.90196 0.83137
0.92941 0.8902 0.81569
0.92549 0.89804 0.82353
0.92941 0.89804 0.82353
0.92941 0.89804 0.82353
0.92941 0.90196 0.83137
0.93725 0.9098 0.83529
0.9451 0.91373 0.84314
0.97647 0.95686 0.87843
0.98039 0.96078 0.88235
0.98431 0.96471 0.8902
