0.27451 0.59608 0.78824
0.26667 0.58431 0.78039
0.26275 0.57647 0.77255
0.27843 0.59608 0.8
0.27451 0.59216 0.79216
0.27451 0.58824 0.78824
0.26667 0.58039 0.78039
0.2549 0.56471 0.76471
0.25098 0.56863 0.76863
0.27451 0.58824 0.8
0.27843 0.59216 0.79608
0.27059 0.58431 0.78039
0.26667 0.58039 0.78039
0.26667 0.58039 0.77647
0.26275 0.57647 0.78039
0.2549 0.56863 0.76863
0.2549 0.56863 0.76863
0.2549 0.56078 0.76471
0.27059 0.6 0.80392
0.26275 0.58824 0.79216
0.26275 0.58039 0.79608
0.27059 0.58824 0.79608
0.27451 0.58824 0.78824
0.27451 0.58824 0.78824
0.27843 0.59216 0.79216
0.27451 0.58824 0.78824
0.27059 0.58431 0.78039
0.26667 0.58039 0.78039
0.26667 0.58039 0.78039
0.26275 0.57255 0.76863
0.25882 0.56471 0.75686
0.26667 0.61961 0.82745
0.27843 0.62353 0.82745
0.27451 0.61569 0.81961
0.27451 0.61176 0.81961
0.27451 0.60392 0.81176
0.27059 0.59216 0.79608
0.27059 0.59216 0.79608
0.27843 0.59608 0.8
0.28235 0.6 0.8
0.27843 0.59216 0.78824
0.27843 0.59216 0.78824
0.27843 0.59216 0.78824
0.27451 0.58824 0.78431
0.27451 0.58824 0.78039
0.27451 0.58824 0.78039
0.27451 0.58431 0.77647
0.27843 0.58431 0.77647
0.26667 0.57647 0.76863
0.27451 0.63529 0.84314
0.27451 0.63137 0.83922
0.27843 0.63137 0.83922
0.27843 0.62745 0.83529
0.28235 0.62745 0.83529
0.2902 0.63137 0.83137
0.28235 0.61961 0.82353
0.27843 0.60784 0.81961
0.28235 0.60784 0.81176
0.27843 0.6 0.79608
0.28235 0.6 0.79608
0.27843 0.59608 0.79216
0.27843 0.59216 0.79216
0.27843 0.59216 0.78431
0.27451 0.58824 0.78039
0.28235 0.59608 0.78824
0.28627 0.6 0.78824
0.28627 0.6 0.79216
0.27843 0.59608 0.78824
0.27843 0.58824 0.78039
0.27843 0.58431 0.77647
0.27059 0.58039 0.77255
0.27059 0.58431 0.77647
0.2902 0.63922 0.84706
0.2902 0.63529 0.83922
0.28235 0.62353 0.83137
0.28235 0.61961 0.82745
0.2902 0.62353 0.82745
0.29412 0.61961 0.82353
0.29412 0.61961 0.82353
0.29412 0.61569 0.81569
0.2902 0.60784 0.8
0.29412 0.60784 0.80392
0.28235 0.59608 0.78824
0.27843 0.59216 0.78824
0.28627 0.59216 0.78431
0.28627 0.59216 0.78431
0.2902 0.59608 0.78824
0.28627 0.59608 0.78431
0.28627 0.59216 0.78039
0.2902 0.59608 0.78431
0.27843 0.58431 0.77647
0.27843 0.58431 0.77255
0.27059 0.57255 0.76078
0.28235 0.58431 0.77647
0.2902 0.58824 0.79608
0.29412 0.63922 0.84706
0.29412 0.63529 0.84314
0.2902 0.63137 0.83529
0.29412 0.62745 0.83529
0.30196 0.63137 0.83529
0.30588 0.63137 0.83529
0.30588 0.63137 0.83137
0.3098 0.62745 0.81961
0.30588 0.61961 0.81176
0.30588 0.61176 0.80392
0.30196 0.61176 0.80392
0.29412 0.6 0.79216
0.29412 0.6 0.79216
0.2902 0.59216 0.78431
0.2902 0.59216 0.78431
0.29804 0.6 0.79216
0.29804 0.6 0.78824
0.30196 0.6 0.79216
0.29804 0.6 0.78824
0.2902 0.58824 0.78039
0.28627 0.58039 0.77255
0.28627 0.57647 0.77255
0.29412 0.64706 0.85098
0.3098 0.65098 0.8549
0.30588 0.64706 0.84314
0.3098 0.64706 0.84706
0.31373 0.63922 0.84314
0.31373 0.63529 0.84314
0.31765 0.63529 0.83922
0.3098 0.62745 0.82745
0.31765 0.62745 0.82353
0.32157 0.62745 0.81961
0.31765 0.61961 0.81569
0.31373 0.61961 0.81176
0.30588 0.61176 0.80392
0.29412 0.59608 0.78824
0.30196 0.6 0.79608
0.31765 0.60784 0.8
0.31373 0.60392 0.79608
0.30588 0.59608 0.78824
0.31765 0.60392 0.8
0.30588 0.59608 0.78824
0.29804 0.58824 0.78039
0.29804 0.58824 0.78431
0.30196 0.58824 0.78431
0.30196 0.6549 0.86275
0.31373 0.65882 0.86275
0.31373 0.6549 0.85098
0.31373 0.65098 0.85098
0.31765 0.64706 0.84706
0.32549 0.64706 0.85098
0.32157 0.63922 0.84706
0.31373 0.63137 0.83137
0.31765 0.62745 0.82353
0.32157 0.62745 0.81961
0.32157 0.62745 0.81961
0.32157 0.62745 0.81961
0.31765 0.62353 0.81176
0.30196 0.60392 0.79216
0.30196 0.6 0.79216
0.3098 0.60392 0.79216
0.31765 0.60784 0.79608
0.30588 0.59608 0.78039
0.3098 0.6 0.78431
0.31373 0.6 0.78824
0.3098 0.59608 0.78431
0.30196 0.58824 0.78039
0.30588 0.59216 0.78431
0.30588 0.59216 0.78431
0.31373 0.66275 0.87059
0.31765 0.65882 0.86275
0.32157 0.66275 0.85882
0.32549 0.65882 0.85882
0.32941 0.6549 0.8549
0.32941 0.65098 0.8549
0.32941 0.64706 0.85098
0.32157 0.63922 0.83922
0.32549 0.63529 0.83137
0.32549 0.63137 0.82353
0.31765 0.62353 0.81569
0.32157 0.62745 0.81961
0.32549 0.63137 0.81569
0.31765 0.61961 0.80392
0.3098 0.60784 0.79216
0.3098 0.60392 0.78824
0.32157 0.61176 0.79216
0.31373 0.60392 0.78824
0.31765 0.6 0.78824
0.32549 0.60392 0.79216
0.31765 0.6 0.78824
0.30588 0.58824 0.77647
0.31373 0.59216 0.78431
0.32549 0.60784 0.79608
0.3098 0.66275 0.86667
0.31373 0.66667 0.86667
0.32941 0.67059 0.87059
0.32549 0.66667 0.86275
0.33333 0.66275 0.86275
0.33725 0.65882 0.8549
0.33725 0.65882 0.85098
0.32941 0.65098 0.85098
0.33333 0.64706 0.84706
0.32941 0.64314 0.84314
0.33333 0.63922 0.83137
0.32549 0.63137 0.81961
0.31765 0.62353 0.80784
0.31765 0.62353 0.80392
0.32549 0.62745 0.80784
0.32157 0.61569 0.8
0.31765 0.60784 0.79216
0.32549 0.61176 0.8
0.32549 0.60784 0.79608
0.31765 0.6 0.78824
0.31765 0.6 0.78824
0.32157 0.60392 0.79216
0.31373 0.59608 0.78431
0.3098 0.59216 0.78039
0.31373 0.59608 0.78431
0.31765 0.6 0.78824
0.31765 0.67059 0.87451
0.31765 0.67059 0.87059
0.32941 0.67451 0.87059
0.32549 0.67059 0.86275
0.33333 0.67059 0.86275
0.34118 0.66667 0.86275
0.34118 0.66275 0.85882
0.33333 0.6549 0.85098
0.32941 0.64706 0.84706
0.33333 0.64706 0.84706
0.33725 0.64706 0.83922
0.33725 0.64314 0.83137
0.32941 0.63529 0.81569
0.33333 0.63922 0.81569
0.33333 0.63137 0.81176
0.33333 0.61961 0.80392
0.32941 0.61961 0.8
0.33333 0.62353 0.80392
0.32941 0.61176 0.79608
0.31765 0.6 0.78431
0.32157 0.60392 0.79216
0.32549 0.60784 0.79608
0.32157 0.60392 0.79216
0.3098 0.59216 0.78039
0.30196 0.58431 0.77255
0.32549 0.67451 0.88235
0.32157 0.67059 0.87843
0.31765 0.67059 0.87059
0.32941 0.67451 0.87059
0.32157 0.67059 0.8549
0.32549 0.66667 0.85098
0.33333 0.66667 0.86275
0.34902 0.67059 0.87451
0.3451 0.66667 0.86275
0.33725 0.6549 0.85098
0.33725 0.65098 0.85098
0.3451 0.65098 0.84314
0.33725 0.64314 0.83529
0.34118 0.64706 0.83137
0.35686 0.6549 0.83137
0.35294 0.64314 0.81961
0.35294 0.63922 0.81569
0.34118 0.63137 0.80784
0.34118 0.63137 0.80392
0.33725 0.62353 0.8
0.32941 0.61569 0.79608
0.32549 0.60784 0.79608
0.32157 0.60392 0.79216
0.31765 0.6 0.78824
0.31373 0.59608 0.78431
0.30588 0.58824 0.77647
0.32157 0.68235 0.88235
0.31765 0.67451 0.87451
0.31765 0.67451 0.88235
0.32157 0.67451 0.87843
0.32549 0.67059 0.87451
0.32549 0.67059 0.86667
0.33333 0.67451 0.86667
0.34118 0.67451 0.86667
0.34902 0.67451 0.86275
0.35686 0.67843 0.86667
0.35686 0.67059 0.86667
0.35294 0.66667 0.86275
0.35686 0.66275 0.8549
0.35686 0.64706 0.83529
0.34902 0.64706 0.82353
0.36471 0.6549 0.83137
0.36078 0.64706 0.82353
0.35686 0.64314 0.81961
0.35294 0.64314 0.81569
0.35294 0.63922 0.81569
0.34902 0.63529 0.81176
0.3451 0.63137 0.80784
0.33725 0.62353 0.80392
0.33333 0.61569 0.79608
0.32549 0.61176 0.78824
0.31765 0.60392 0.78431
0.31373 0.6 0.77647
0.31373 0.6 0.78039
0.31373 0.67451 0.87451
0.32157 0.68627 0.88235
0.31373 0.67451 0.87451
0.31373 0.67451 0.87843
0.32157 0.67843 0.88235
0.32549 0.67843 0.87843
0.33333 0.67843 0.87451
0.3451 0.68235 0.87843
0.3451 0.67843 0.87059
0.35294 0.68235 0.86667
0.36471 0.68627 0.87059
0.36863 0.68235 0.87451
0.36471 0.67843 0.87059
0.37255 0.67451 0.85882
0.38824 0.67451 0.8549
0.39216 0.68235 0.8549
0.38039 0.66667 0.83529
0.37647 0.65882 0.82745
0.37255 0.6549 0.82745
0.36471 0.64706 0.82353
0.36078 0.64314 0.81961
0.36471 0.64706 0.82353
0.34902 0.63529 0.81176
0.34902 0.63529 0.80784
0.34902 0.63529 0.80784
0.33725 0.62745 0.8
0.33333 0.61961 0.79608
0.32549 0.61176 0.78431
0.32157 0.60392 0.78039
0.3098 0.6 0.78039
0.31373 0.67059 0.87059
0.31373 0.67451 0.87451
0.32157 0.68235 0.88235
0.32549 0.68627 0.88627
0.32941 0.6902 0.88627
0.3098 0.67843 0.88235
0.31373 0.67451 0.87843
0.32549 0.68235 0.88235
0.33333 0.68235 0.87843
0.34118 0.68235 0.87843
0.3451 0.67843 0.87059
0.35686 0.68235 0.86667
0.36078 0.68235 0.86667
0.36471 0.68235 0.86667
0.37647 0.69412 0.87451
0.39216 0.68627 0.86667
0.40784 0.6902 0.87059
0.40784 0.69412 0.86667
0.4 0.68235 0.85098
0.39608 0.67451 0.84314
0.38431 0.66275 0.83137
0.37255 0.65098 0.82745
0.36863 0.64706 0.82745
0.37255 0.65098 0.83137
0.36078 0.64314 0.81569
0.36078 0.64706 0.81569
0.36078 0.64706 0.81569
0.35686 0.63922 0.80784
0.34902 0.62745 0.8
0.3451 0.62353 0.79608
0.33725 0.61569 0.78824
0.32549 0.61176 0.78824
0.32549 0.67843 0.87451
0.31373 0.67843 0.87059
0.32549 0.67843 0.87451
0.30588 0.67059 0.86667
0.3098 0.67843 0.87451
0.31765 0.68627 0.88235
0.31373 0.68235 0.88235
0.30196 0.67843 0.87451
0.3098 0.68235 0.88235
0.32549 0.68627 0.88627
0.32941 0.68235 0.88235
0.33725 0.67451 0.87843
0.34118 0.67451 0.87059
0.36078 0.68627 0.87843
0.36471 0.68627 0.87451
0.36863 0.67843 0.86667
0.38824 0.6902 0.87451
0.40392 0.69412 0.87451
0.41569 0.69412 0.87451
0.40784 0.6902 0.86275
0.41176 0.6902 0.8549
0.41176 0.6902 0.8549
0.39608 0.67451 0.83922
0.38431 0.66275 0.83529
0.38431 0.66667 0.83922
0.38431 0.66275 0.83922
0.37255 0.6549 0.82745
0.36471 0.64706 0.81961
0.36078 0.64314 0.81569
0.36471 0.64706 0.81569
0.36078 0.63529 0.80392
0.35686 0.62745 0.80392
0.34902 0.61961 0.8
0.33725 0.61961 0.79608
0.32941 0.61569 0.79216
0.32157 0.63529 0.82353
0.3098 0.67843 0.87451
0.32549 0.67843 0.88235
0.31373 0.67451 0.87451
0.30588 0.67451 0.87451
0.3098 0.68235 0.87843
0.3098 0.68627 0.88235
0.30196 0.67451 0.87059
0.3098 0.67843 0.87843
0.31765 0.68235 0.88235
0.32941 0.68235 0.88627
0.33333 0.67059 0.87843
0.35294 0.68235 0.88627
0.36078 0.68235 0.87843
0.36863 0.68235 0.87843
0.38039 0.68627 0.87843
0.39216 0.69412 0.87451
0.4 0.6902 0.87451
0.41176 0.69804 0.87451
0.41176 0.6902 0.86275
0.41176 0.6902 0.8549
0.41176 0.6902 0.8549
0.40392 0.68235 0.85098
0.39608 0.67451 0.84314
0.39216 0.67059 0.83922
0.39216 0.67059 0.83922
0.38824 0.66275 0.83529
0.37647 0.6549 0.82745
0.37255 0.65098 0.82353
0.37647 0.6549 0.82353
0.37255 0.64314 0.81176
0.36863 0.63137 0.81176
0.35686 0.62353 0.80784
0.34902 0.62745 0.80392
0.33725 0.61569 0.79608
0.2549 0.50588 0.68235
0.33333 0.69412 0.89412
0.31765 0.68235 0.87843
0.31765 0.67843 0.87843
0.31373 0.67843 0.87843
0.30588 0.68235 0.87843
0.30588 0.68627 0.88235
0.30588 0.68235 0.88235
0.30588 0.67843 0.87451
0.31373 0.67843 0.87843
0.33725 0.68627 0.89412
0.3451 0.68235 0.8902
0.35686 0.68627 0.88627
0.36471 0.68627 0.88235
0.36863 0.68627 0.87843
0.38039 0.6902 0.87843
0.39608 0.69412 0.87843
0.40784 0.69804 0.88235
0.41569 0.69804 0.87843
0.41569 0.69412 0.87059
0.40784 0.68627 0.85882
0.40784 0.68627 0.85882
0.41176 0.6902 0.86275
0.41176 0.68627 0.85098
0.40392 0.67451 0.83922
0.40784 0.67843 0.84314
0.39608 0.66667 0.83137
0.38824 0.65882 0.82353
0.38824 0.65882 0.82353
0.38431 0.6549 0.81961
0.38039 0.65098 0.81961
0.37255 0.63529 0.81569
0.36078 0.62745 0.81176
0.34902 0.62745 0.8
0.34902 0.62353 0.79608
0.35294 0.62353 0.79608
0.32549 0.65882 0.84314
0.30588 0.68235 0.88235
0.32941 0.68235 0.87451
0.32941 0.6902 0.88627
0.31765 0.68235 0.87843
0.30588 0.67843 0.87059
0.31373 0.68627 0.87843
0.31373 0.68627 0.88235
0.31765 0.68235 0.88627
0.33725 0.69412 0.89804
0.3451 0.6902 0.89412
0.34902 0.6902 0.88627
0.35686 0.68627 0.87843
0.37255 0.69412 0.88235
0.38039 0.6902 0.87451
0.39608 0.69412 0.87843
0.40392 0.70196 0.88235
0.41569 0.70196 0.87843
0.40784 0.69412 0.86667
0.41176 0.69412 0.86667
0.40392 0.68235 0.8549
0.40784 0.68627 0.85882
0.40784 0.68235 0.84706
0.40784 0.68235 0.84314
0.4 0.67451 0.83922
0.4 0.67059 0.83529
0.39608 0.66667 0.83137
0.39216 0.66275 0.83137
0.38824 0.65882 0.83137
0.38039 0.6549 0.83137
0.36863 0.63922 0.81961
0.35686 0.63137 0.81176
0.35294 0.62745 0.80392
0.35686 0.62353 0.8
0.36078 0.62353 0.8
0.26275 0.51373 0.68627
0.33333 0.6902 0.89804
0.31765 0.67843 0.86667
0.32549 0.67843 0.87451
0.32157 0.68235 0.87451
0.31765 0.68235 0.87451
0.32157 0.69412 0.88235
0.32157 0.6902 0.8902
0.32549 0.69412 0.89804
0.32549 0.6902 0.89412
0.33333 0.6902 0.8902
0.3451 0.69412 0.8902
0.35294 0.69412 0.88235
0.36078 0.69412 0.87843
0.38039 0.69412 0.87843
0.39608 0.70196 0.88235
0.40392 0.7098 0.8902
0.40784 0.70196 0.87843
0.41176 0.69804 0.87059
0.41176 0.69804 0.87451
0.40784 0.69412 0.86667
0.41176 0.6902 0.85882
0.40392 0.68235 0.84706
0.4 0.68235 0.84706
0.4 0.67843 0.84314
0.4 0.67451 0.83922
0.4 0.66667 0.83922
0.39216 0.65882 0.83922
0.38824 0.65882 0.83922
0.38039 0.65882 0.83922
0.36471 0.64314 0.82745
0.35686 0.63922 0.81569
0.35686 0.63529 0.80784
0.36078 0.63137 0.80784
0.3451 0.64706 0.83922
0.31765 0.68627 0.87451
0.32941 0.68235 0.87451
0.32941 0.6902 0.88235
0.32157 0.68627 0.87843
0.32157 0.69412 0.88235
0.32157 0.6902 0.8902
0.32549 0.69412 0.89804
0.32157 0.68627 0.8902
0.33725 0.6902 0.8902
0.34902 0.69804 0.89412
0.35294 0.69804 0.88627
0.36863 0.69804 0.88627
0.37647 0.70196 0.88627
0.38824 0.70588 0.8902
0.39608 0.70196 0.8902
0.41176 0.70588 0.88627
0.41961 0.70196 0.88235
0.41569 0.70196 0.87843
0.41961 0.70196 0.87451
0.41569 0.69412 0.86275
0.40392 0.68235 0.84706
0.4 0.67843 0.84314
0.4 0.67843 0.84314
0.39216 0.66667 0.83137
0.38431 0.65882 0.83137
0.38039 0.65882 0.83529
0.37255 0.64706 0.83137
0.36863 0.64706 0.82745
0.37255 0.65098 0.83137
0.36471 0.64314 0.82353
0.36471 0.64314 0.82353
0.36471 0.63529 0.81569
0.25882 0.50196 0.67059
0.34902 0.6902 0.8902
0.32549 0.67843 0.87451
0.32549 0.67843 0.87451
0.31765 0.68235 0.87451
0.31373 0.68627 0.87843
0.31765 0.6902 0.88627
0.32157 0.6902 0.89412
0.32157 0.68627 0.8902
0.32941 0.68235 0.88627
0.3451 0.69412 0.8902
0.34902 0.69412 0.88627
0.36471 0.69412 0.8902
0.38039 0.7098 0.89804
0.38824 0.70588 0.89412
0.39216 0.70196 0.88627
0.40392 0.70196 0.88627
0.41569 0.70588 0.88627
0.41961 0.70588 0.88235
0.41569 0.69804 0.87059
0.41569 0.69412 0.86275
0.40392 0.68627 0.85098
0.4 0.68235 0.84706
0.4 0.67843 0.84314
0.39216 0.67451 0.83529
0.38824 0.66667 0.83922
0.38824 0.66667 0.84314
0.37647 0.6549 0.83137
0.37255 0.65098 0.82745
0.37255 0.65098 0.83137
0.37255 0.65098 0.82745
0.36471 0.64314 0.82353
0.36471 0.63922 0.82353
0.33333 0.61961 0.81961
0.32157 0.68235 0.88235
0.31765 0.67843 0.87451
0.31765 0.68627 0.88627
0.31373 0.68235 0.88235
0.31373 0.68235 0.88235
0.31765 0.68627 0.88627
0.32157 0.68627 0.8902
0.33333 0.6902 0.89804
0.33725 0.6902 0.89412
0.34118 0.6902 0.8902
0.35294 0.69804 0.89412
0.36471 0.69804 0.8902
0.37647 0.69804 0.88627
0.38431 0.69804 0.88235
0.39216 0.69804 0.87843
0.4 0.70196 0.87843
0.41569 0.70196 0.87843
0.40784 0.69412 0.86667
0.41176 0.69804 0.86275
0.40784 0.69412 0.86275
0.4 0.68627 0.85098
0.39608 0.68235 0.84314
0.38824 0.67451 0.83922
0.38824 0.67451 0.84314
0.38431 0.67059 0.83922
0.38824 0.67059 0.83922
0.38431 0.66275 0.83529
0.37647 0.6549 0.82745
0.37647 0.6549 0.82745
0.36863 0.64706 0.82745
0.34902 0.68627 0.87843
0.31765 0.68627 0.87451
0.31765 0.68627 0.88235
0.31765 0.68235 0.88235
0.31373 0.68235 0.88235
0.31765 0.68627 0.88627
0.32157 0.6902 0.8902
0.32941 0.69412 0.89804
0.33333 0.6902 0.89412
0.33725 0.6902 0.88627
0.34902 0.69412 0.8902
0.36078 0.69412 0.88627
0.37255 0.69804 0.88627
0.38039 0.69804 0.88627
0.38431 0.69804 0.88235
0.39216 0.69804 0.87843
0.41176 0.70196 0.88627
0.41176 0.69804 0.87843
0.40392 0.69412 0.86667
0.40392 0.6902 0.86275
0.39608 0.68235 0.8549
0.39608 0.68235 0.84706
0.39216 0.67843 0.84314
0.39216 0.67843 0.84706
0.38824 0.67451 0.84314
0.38824 0.67059 0.84314
0.38824 0.66667 0.83922
0.38431 0.66275 0.83529
0.38039 0.65882 0.83137
0.37255 0.65098 0.83137
0.31765 0.58039 0.77255
0.34902 0.69804 0.8902
0.31765 0.68627 0.88235
0.32157 0.68627 0.88627
0.31765 0.68627 0.88627
0.31765 0.68627 0.88627
0.32157 0.69412 0.89412
0.32549 0.69804 0.89804
0.33333 0.69804 0.89412
0.3451 0.70196 0.89804
0.34902 0.69804 0.8902
0.36471 0.69804 0.8902
0.37647 0.70196 0.8902
0.38039 0.70196 0.8902
0.38431 0.70196 0.88627
0.38824 0.69804 0.87843
0.40392 0.69804 0.88627
0.41176 0.70196 0.88627
0.4 0.6902 0.86667
0.4 0.68627 0.86667
0.4 0.68627 0.86275
0.39608 0.68235 0.85098
0.39216 0.67843 0.84706
0.38824 0.67451 0.84314
0.38431 0.67059 0.83922
0.38431 0.67059 0.83922
0.38824 0.66667 0.83922
0.38824 0.66667 0.83922
0.38039 0.65882 0.83137
0.35686 0.67843 0.87843
0.32157 0.69412 0.89412
0.32157 0.6902 0.88235
0.31765 0.68627 0.88627
0.32549 0.6902 0.8902
0.32157 0.6902 0.8902
0.31765 0.68627 0.88627
0.32941 0.6902 0.8902
0.33725 0.70196 0.89804
0.34118 0.70196 0.89412
0.34902 0.69804 0.89412
0.36078 0.69804 0.89412
0.36471 0.69804 0.88627
0.37255 0.69804 0.88235
0.38431 0.70196 0.88627
0.39216 0.69412 0.88235
0.39608 0.69804 0.87843
0.39216 0.69412 0.86667
0.39216 0.68627 0.87059
0.4 0.6902 0.87059
0.4 0.68627 0.85882
0.39608 0.67843 0.84706
0.38824 0.67451 0.84314
0.38039 0.66667 0.83529
0.38039 0.66667 0.83529
0.38431 0.67059 0.83922
0.38039 0.66667 0.83529
0.25882 0.50196 0.67451
0.3451 0.69804 0.89804
0.32549 0.6902 0.8902
0.31765 0.68235 0.88235
0.3098 0.68627 0.88235
0.3098 0.68627 0.88235
0.31765 0.68235 0.88627
0.32549 0.68627 0.88627
0.33333 0.69412 0.89412
0.33333 0.69412 0.8902
0.34118 0.69804 0.89804
0.34902 0.69804 0.89412
0.35294 0.69804 0.8902
0.36078 0.69804 0.88627
0.37255 0.69804 0.88235
0.38431 0.69804 0.88627
0.39216 0.69804 0.88235
0.38824 0.6902 0.87059
0.39216 0.69412 0.87059
0.39608 0.68627 0.86667
0.4 0.68627 0.85882
0.39608 0.68235 0.85098
0.38824 0.67451 0.84706
0.38824 0.67451 0.84706
0.38431 0.67059 0.84314
0.38431 0.67059 0.84314
0.38431 0.67059 0.84314
0.31765 0.61176 0.79608
0.32549 0.69804 0.89804
0.31765 0.68627 0.88627
0.32157 0.6902 0.88627
0.32549 0.6902 0.8902
0.32157 0.6902 0.8902
0.32549 0.68627 0.88627
0.32941 0.6902 0.8902
0.32941 0.6902 0.8902
0.33333 0.69412 0.89412
0.33725 0.69804 0.89804
0.34118 0.70196 0.89412
0.35294 0.70196 0.8902
0.35686 0.69412 0.88235
0.36863 0.69412 0.87843
0.38039 0.69412 0.87843
0.38431 0.68627 0.87059
0.38431 0.68627 0.86667
0.38431 0.68627 0.86275
0.39216 0.68627 0.85882
0.39216 0.68235 0.8549
0.32941 0.68235 0.87843
0.32549 0.6902 0.88627
0.32941 0.69412 0.88627
0.32941 0.68627 0.88235
0.32941 0.68627 0.88627
0.33333 0.68627 0.8902
0.33333 0.6902 0.89804
0.31765 0.68627 0.88627
0.32157 0.6902 0.8902
0.32941 0.69412 0.89412
0.33333 0.6902 0.8902
0.34902 0.69412 0.8902
0.35294 0.69412 0.88627
0.35686 0.6902 0.88235
0.33333 0.70588 0.89412
0.33333 0.68627 0.89412
0.32549 0.68627 0.87843
0.33333 0.68627 0.87843
0.33333 0.68627 0.88627
0.33333 0.68627 0.8902
0.32549 0.68627 0.88235
0.32549 0.6902 0.8902
0.33333 0.6902 0.89804
0.29412 0.58039 0.76863
0.3451 0.69804 0.90196
0.32941 0.6902 0.87059
0.33725 0.69412 0.87843
0.33725 0.6902 0.88627
0.33725 0.6902 0.88627
0.33333 0.6902 0.88235
0.34118 0.66275 0.85098
0.34118 0.69412 0.88627
0.33725 0.68235 0.87843
0.36863 0.69804 0.88235
0.27843 0.53725 0.71373
