0.93333 0.86667 0.76471
0.93725 0.87451 0.77255
0.93333 0.86667 0.76863
0.92941 0.86275 0.76078
0.92157 0.8549 0.74902
0.93333 0.86667 0.76471
0.90588 0.87059 0.79216
0.93725 0.87059 0.78039
0.93725 0.87059 0.77647
0.92157 0.8549 0.74118
0.92157 0.85882 0.75294
0.93333 0.86667 0.76471
0.76078 0.75294 0.72549
0.95294 0.89804 0.79608
0.94118 0.87843 0.77255
0.93725 0.87059 0.76863
0.92941 0.86275 0.76078
0.92549 0.85882 0.75686
0.92549 0.85882 0.75686
0.50588 0.52549 0.56078
0.94118 0.89412 0.81961
0.95294 0.88627 0.78039
0.94118 0.87843 0.78039
0.92941 0.86275 0.76078
0.92941 0.86275 0.76078
0.26275 0.3098 0.37647
0.83922 0.81961 0.78039
0.95686 0.87843 0.78824
0.9451 0.88627 0.78431
0.94118 0.87451 0.77255
0.92941 0.85882 0.76471
0.92549 0.85882 0.76078
0.62353 0.63137 0.63922
0.95686 0.8902 0.79608
0.93725 0.87451 0.77647
0.94118 0.87451 0.78039
0.94902 0.87843 0.78431
0.35294 0.38039 0.44314
0.89804 0.85098 0.80392
0.93333 0.87059 0.77647
0.72157 0.69804 0.70588
0.44314 0.4549 0.49804
0.23137 0.28627 0.3451
