0.96078 0.91373 0.83922
0.95686 0.9098 0.83137
0.95294 0.90588 0.83137
0.95686 0.9098 0.83137
0.95294 0.9098 0.83137
0.95294 0.9098 0.83137
0.95294 0.9098 0.83137
0.95294 0.9098 0.83137
0.95294 0.9098 0.83137
0.95294 0.9098 0.83137
0.95686 0.9098 0.83137
0.95686 0.90588 0.83137
0.95686 0.90588 0.83137
0.95686 0.90588 0.82745
0.95686 0.9098 0.83137
0.95294 0.90196 0.82745
0.95686 0.90588 0.83137
0.96078 0.9098 0.83137
0.95294 0.9098 0.83137
0.95686 0.90588 0.83137
0.96078 0.9098 0.83529
0.96078 0.9098 0.83529
