0.043137 0.24314 0.42353
0.047059 0.24706 0.41961
0.047059 0.24706 0.42745
0.058824 0.26667 0.45098
0.039216 0.23922 0.41961
0.047059 0.25098 0.43137
0.047059 0.25098 0.42745
0.054902 0.2549 0.44314
0.043137 0.24314 0.41961
0.043137 0.24314 0.42353
0.05098 0.2549 0.43922
0.047059 0.25098 0.43529
0.05098 0.2549 0.44314
0.047059 0.24706 0.42353
0.047059 0.24706 0.43137
0.054902 0.2549 0.43922
0.047059 0.2549 0.43922
0.05098 0.25098 0.43137
0.047059 0.24706 0.43137
0.058824 0.25882 0.44314
0.047059 0.2549 0.43922
0.05098 0.25098 0.43137
0.054902 0.2549 0.43922
0.05098 0.2549 0.43529
