0.55294 0.58431 0.70588
0.55294 0.58431 0.7098
0.55294 0.59216 0.71373
0.55294 0.59608 0.71765
0.54118 0.58824 0.69804
0.5451 0.58431 0.7098
0.54118 0.58431 0.7098
0.5451 0.58824 0.71373
0.54118 0.58431 0.70588
0.54902 0.58824 0.70196
0.5451 0.58039 0.70588
0.53725 0.58039 0.70588
0.54902 0.59216 0.71765
0.54902 0.59216 0.71765
0.56471 0.6 0.7098
0.54118 0.57255 0.70196
0.54118 0.58431 0.7098
0.55294 0.59608 0.71765
0.54118 0.58431 0.7098
0.58824 0.61961 0.72941
0.55294 0.58824 0.7098
0.5451 0.58824 0.70588
0.56471 0.60784 0.7098
