0.31373 0.43922 0.59216
0.30588 0.42745 0.58431
0.30588 0.43529 0.58039
0.3098 0.43529 0.58824
0.30588 0.42353 0.58039
0.31765 0.43137 0.58824
0.30196 0.41176 0.57255
0.27059 0.40392 0.55294
0.27451 0.40784 0.55686
0.27843 0.41176 0.56078
0.28627 0.41569 0.56471
0.27843 0.40392 0.55686
0.29412 0.40784 0.56471
0.29412 0.41569 0.56078
0.30196 0.43137 0.58039
0.31373 0.43922 0.59216
0.30588 0.42745 0.58039
0.31765 0.42745 0.58824
0.30588 0.41961 0.57647
0.27059 0.38824 0.5451
0.26275 0.38824 0.54118
0.27451 0.40392 0.55686
0.27451 0.40392 0.55686
0.27843 0.40392 0.55686
0.27843 0.40784 0.55686
0.28235 0.40784 0.55686
0.2902 0.40784 0.56078
0.2902 0.40392 0.55686
0.28627 0.4 0.55686
0.29804 0.41569 0.56471
0.30588 0.43137 0.58039
0.31373 0.43529 0.58824
0.31373 0.43529 0.58824
0.31373 0.42745 0.58431
0.30196 0.41569 0.57255
0.27059 0.38824 0.5451
0.2549 0.38039 0.53333
0.28235 0.40784 0.56078
0.28627 0.41176 0.56471
0.27843 0.40392 0.55686
0.28235 0.40784 0.55686
0.27451 0.4 0.54902
0.2902 0.40784 0.55686
0.2902 0.40784 0.56078
0.28627 0.4 0.55294
0.30196 0.41176 0.56471
0.30196 0.41569 0.57255
0.31373 0.42745 0.58431
0.31373 0.43529 0.58824
0.3098 0.43922 0.58824
0.2902 0.41569 0.57255
0.27451 0.4 0.56078
0.2549 0.38039 0.54118
0.27843 0.40392 0.56078
0.28235 0.40392 0.55686
0.28627 0.40392 0.55294
0.2902 0.41176 0.56078
0.27451 0.4 0.54902
0.2902 0.40784 0.55686
0.29412 0.41176 0.56078
0.28627 0.40392 0.55294
0.29804 0.40392 0.55686
0.30196 0.41569 0.57255
0.31765 0.43137 0.58824
0.31373 0.43922 0.59216
0.30588 0.43529 0.58824
0.29412 0.41961 0.58039
0.27843 0.40392 0.56471
0.25882 0.38431 0.5451
0.27059 0.4 0.55294
0.28627 0.41176 0.56078
0.29412 0.41176 0.56078
0.29804 0.41961 0.57255
0.28235 0.40784 0.56078
0.29804 0.41569 0.56863
0.29412 0.40784 0.56078
0.28627 0.40392 0.55294
0.28627 0.39216 0.5451
0.3098 0.42353 0.58039
0.31373 0.43137 0.58431
0.3098 0.43529 0.58824
0.3098 0.43922 0.58824
0.29804 0.42353 0.58431
0.27843 0.40392 0.56863
0.2549 0.38039 0.54118
0.27059 0.39608 0.55294
0.28235 0.40784 0.56078
0.2902 0.40784 0.55686
0.30196 0.42353 0.57647
0.28235 0.40784 0.56078
0.28627 0.4 0.55686
0.29412 0.40784 0.56471
0.29412 0.40784 0.55686
0.27451 0.37647 0.51765
0.29804 0.42353 0.57647
0.3098 0.43529 0.58824
0.3098 0.43529 0.58824
0.3098 0.43529 0.58824
0.29412 0.41961 0.57255
0.27843 0.40392 0.56078
0.26275 0.38824 0.54118
0.27059 0.39608 0.54902
0.28627 0.41176 0.56471
0.28627 0.40784 0.56078
0.28235 0.40784 0.56078
0.28627 0.40392 0.55686
0.2902 0.4 0.55686
0.29804 0.40784 0.56471
0.2902 0.40392 0.55686
0.28235 0.39216 0.54902
0.26275 0.36863 0.50588
0.28235 0.41569 0.56471
0.30196 0.42745 0.58039
0.31373 0.43529 0.58824
0.31765 0.44314 0.59608
0.29412 0.41961 0.57255
0.28235 0.40784 0.56078
0.26275 0.38824 0.54118
0.27451 0.40392 0.55294
0.27843 0.40784 0.55686
0.27843 0.40392 0.55686
0.28627 0.41176 0.56471
0.28627 0.41176 0.56471
0.28627 0.4 0.55686
0.29804 0.41176 0.56863
0.29412 0.40392 0.56078
0.28235 0.39216 0.54902
0.2902 0.40392 0.55686
0.29412 0.41569 0.56471
0.30196 0.43137 0.58431
0.31765 0.43922 0.59216
0.32549 0.45098 0.60392
0.30196 0.42745 0.58039
0.28627 0.41176 0.56078
0.2549 0.38039 0.53333
0.27059 0.4 0.55294
0.27451 0.40784 0.55686
0.27843 0.41176 0.56078
0.28627 0.41961 0.56863
0.28235 0.41569 0.56471
0.28235 0.40392 0.55686
0.29412 0.40784 0.56471
0.29412 0.40392 0.56078
0.29412 0.40392 0.55686
0.2902 0.4 0.55294
0.29412 0.40784 0.56078
0.29804 0.42353 0.57255
0.31373 0.43922 0.59216
0.32549 0.45098 0.60784
0.29412 0.41961 0.57647
0.28235 0.40784 0.56471
0.26275 0.38824 0.54902
0.27451 0.40784 0.56078
0.27843 0.41176 0.56078
0.27451 0.40784 0.55686
0.28627 0.41569 0.56471
0.27843 0.40392 0.55686
0.27451 0.4 0.55294
0.2902 0.40784 0.56078
0.2902 0.40392 0.55686
0.2902 0.40784 0.55686
0.28627 0.4 0.55294
0.30196 0.42745 0.57647
0.31765 0.44314 0.59608
0.31373 0.43922 0.6
0.28627 0.41176 0.57647
0.28627 0.41176 0.57255
0.25882 0.38431 0.5451
0.27843 0.40784 0.56078
0.28627 0.41961 0.56863
0.27843 0.41176 0.56078
0.28627 0.41569 0.56471
0.28235 0.40784 0.56078
0.27451 0.4 0.55294
0.2902 0.41176 0.56471
0.2902 0.40784 0.55686
0.29804 0.41569 0.56471
0.28627 0.40392 0.55294
0.28235 0.39608 0.54902
0.30196 0.42745 0.57647
0.31373 0.43922 0.59216
0.31373 0.43922 0.6
0.2902 0.41569 0.57647
0.2902 0.41569 0.57647
0.26275 0.38824 0.55294
0.27451 0.4 0.55686
0.27451 0.4 0.55294
0.27843 0.40392 0.55686
0.2902 0.41569 0.56863
0.28235 0.40784 0.56078
0.28235 0.40784 0.56078
0.28627 0.40784 0.56471
0.28627 0.4 0.55686
0.28627 0.4 0.55686
0.28627 0.4 0.55686
0.27451 0.38824 0.54118
0.30196 0.42745 0.57647
0.31373 0.43529 0.58824
0.31373 0.43137 0.59216
0.2902 0.41569 0.57255
0.29412 0.41961 0.57647
0.27059 0.39608 0.55294
0.27843 0.40392 0.55686
0.27451 0.4 0.55294
0.28235 0.40784 0.56078
0.28627 0.41176 0.56471
0.28627 0.41176 0.56471
0.27451 0.4 0.55294
0.28627 0.40784 0.56471
0.29412 0.40784 0.56471
0.28235 0.39608 0.55294
0.27059 0.38039 0.53333
0.31373 0.43529 0.58431
0.3098 0.43137 0.58431
0.31765 0.43922 0.59216
0.29412 0.41961 0.57255
0.29804 0.42353 0.57647
0.26667 0.39216 0.5451
0.27843 0.40392 0.55686
0.27843 0.40392 0.55686
0.28627 0.41176 0.56471
0.27451 0.4 0.55294
0.2902 0.41569 0.56863
0.28235 0.40784 0.56078
0.28627 0.40784 0.56078
0.29804 0.40784 0.56863
0.28627 0.4 0.55686
0.28627 0.4 0.55686
0.2549 0.36863 0.52157
0.3098 0.42353 0.57647
0.31765 0.43922 0.58824
0.31373 0.44314 0.59216
0.29804 0.43137 0.58039
0.29412 0.42745 0.57647
0.26667 0.39608 0.54902
0.27059 0.4 0.54902
0.27451 0.4 0.55294
0.28235 0.40784 0.56078
0.2902 0.41569 0.56863
0.29412 0.41961 0.57255
0.28235 0.40784 0.56078
0.28627 0.40784 0.56078
0.29412 0.40784 0.56471
0.2902 0.40392 0.56078
0.2549 0.36471 0.51373
0.3098 0.41961 0.57255
0.31373 0.43529 0.58824
0.31373 0.44706 0.59608
0.29804 0.42745 0.58039
0.2902 0.41961 0.56863
0.27059 0.4 0.54902
0.27843 0.40392 0.55686
0.27451 0.4 0.55294
0.27451 0.4 0.55686
0.28235 0.40784 0.56078
0.28235 0.40784 0.56078
0.27843 0.40392 0.56078
0.28235 0.40392 0.56471
0.29412 0.41176 0.56471
0.2902 0.40784 0.56471
0.25098 0.36471 0.5098
0.29412 0.40784 0.56471
0.30588 0.42745 0.58039
0.31373 0.44314 0.59216
0.29804 0.42353 0.57647
0.29804 0.42353 0.57647
0.27843 0.4 0.55294
0.27843 0.40392 0.55686
0.28627 0.41176 0.56078
0.27843 0.40392 0.56471
0.28627 0.41176 0.56863
0.2902 0.41569 0.56863
0.28627 0.41176 0.57255
0.28235 0.40784 0.56863
0.27843 0.40392 0.55686
0.28235 0.40784 0.56078
0.28235 0.40784 0.56078
0.30588 0.42353 0.58039
0.31765 0.43529 0.59216
0.30588 0.43137 0.58431
0.30588 0.43137 0.58431
0.28235 0.40784 0.56078
0.28235 0.40784 0.55686
0.28235 0.40784 0.56078
0.27059 0.39608 0.55686
0.27843 0.40784 0.56863
0.27843 0.40784 0.56863
0.27843 0.40784 0.56078
0.28235 0.41569 0.56471
0.27451 0.4 0.55294
0.27843 0.40392 0.55686
0.27451 0.40392 0.55294
0.30196 0.41961 0.57647
0.32157 0.43137 0.58824
0.30196 0.42745 0.58039
0.29804 0.41961 0.57255
0.29804 0.41961 0.57255
0.28235 0.40392 0.55686
0.27451 0.4 0.55294
0.27451 0.4 0.56078
0.27843 0.40784 0.56863
0.27451 0.4 0.56078
0.27451 0.40392 0.55686
0.28627 0.41569 0.56471
0.2902 0.41176 0.56471
0.28627 0.41176 0.56471
0.28235 0.39216 0.54902
0.30588 0.41961 0.57647
0.32157 0.43529 0.59216
0.30588 0.42745 0.57647
0.30588 0.42745 0.57647
0.29412 0.41569 0.56471
0.28627 0.40392 0.55294
0.29412 0.41176 0.56471
0.29412 0.40784 0.56471
0.2902 0.40392 0.56471
0.28627 0.4 0.56863
0.28235 0.4 0.56471
0.2902 0.40392 0.56471
0.30196 0.41569 0.57255
0.29804 0.41176 0.56863
0.27843 0.39216 0.5451
0.30588 0.41961 0.57647
0.32157 0.43529 0.59216
0.3098 0.43137 0.58431
0.29804 0.42353 0.57255
0.28627 0.41176 0.56078
0.28235 0.40392 0.55294
0.2902 0.40784 0.55686
0.30196 0.41569 0.56863
0.29804 0.40784 0.56863
0.29412 0.40392 0.56863
0.30196 0.41176 0.57647
0.30196 0.41176 0.57255
0.29804 0.41176 0.56471
0.27451 0.38431 0.54118
0.29804 0.41176 0.56863
0.31373 0.42745 0.58431
0.30588 0.43529 0.58431
0.29412 0.42353 0.56863
0.28627 0.41569 0.56078
0.28235 0.40392 0.55294
0.2902 0.40784 0.55686
0.29412 0.40784 0.56471
0.29804 0.40784 0.56863
0.2902 0.39608 0.56471
0.30196 0.40784 0.57647
0.29804 0.40784 0.57255
0.27059 0.38431 0.52941
0.2902 0.41569 0.56471
0.30588 0.42745 0.58039
0.29804 0.41961 0.57255
0.30588 0.41569 0.57255
0.26275 0.37647 0.52157
