0.015686 0.098039 0.16078
0.011765 0.086275 0.14118
0.027451 0.098039 0.14902
0.023529 0.098039 0.15686
0.027451 0.11373 0.17255
0.023529 0.090196 0.14902
0.0039216 0.086275 0.1451
0.035294 0.094118 0.14902
0.031373 0.10588 0.16863
0.047059 0.12157 0.18039
0.031373 0.098039 0.14902
0.015686 0.1098 0.14902
0.019608 0.07451 0.13333
0.027451 0.10196 0.16078
0.035294 0.11373 0.17255
0.019608 0.082353 0.13333
0.015686 0.098039 0.12941
0.015686 0.10196 0.14902
0.027451 0.094118 0.16078
0.023529 0.086275 0.13333
0.05098 0.10196 0.14118
0.035294 0.098039 0.14902
