0.15294 0.23922 0.36471
0.14118 0.22745 0.35294
0.1451 0.23137 0.35686
0.14902 0.23922 0.36471
0.13725 0.22353 0.34902
0.14902 0.23529 0.36078
0.13725 0.23137 0.35686
0.13725 0.23137 0.35686
0.14118 0.23529 0.35686
0.1451 0.23529 0.35686
0.1451 0.23137 0.36471
0.13333 0.22353 0.35686
0.14118 0.23137 0.36471
0.1451 0.23137 0.36078
0.14118 0.23137 0.36078
0.13333 0.22353 0.35686
0.13725 0.23137 0.36471
0.14902 0.23529 0.36471
0.13725 0.22745 0.35686
0.14118 0.23137 0.36471
0.14118 0.23137 0.36471
0.15294 0.23922 0.36863
0.14902 0.23922 0.36471
0.14118 0.23137 0.35686
0.14902 0.23137 0.36078
0.14902 0.22745 0.35686
