0.054902 0.26667 0.45098
0.047059 0.26667 0.45098
0.047059 0.26667 0.45098
0.047059 0.26667 0.44706
0.047059 0.26667 0.45098
0.047059 0.26667 0.45098
0.039216 0.25882 0.44314
0.043137 0.26667 0.45098
0.031373 0.25882 0.43922
0.043137 0.26667 0.45098
0.047059 0.26667 0.45098
0.05098 0.27059 0.4549
0.047059 0.26667 0.45098
0.035294 0.26275 0.44314
0.054902 0.27843 0.45882
0.054902 0.27451 0.45882
0.05098 0.27059 0.4549
0.05098 0.27059 0.4549
0.039216 0.26275 0.44706
0.05098 0.26667 0.45098
0.062745 0.28235 0.46667
0.054902 0.27451 0.45882
0.043137 0.26667 0.44706
0.039216 0.26275 0.44706
0.054902 0.27451 0.45882
0.054902 0.27451 0.45882
0.05098 0.27059 0.4549
0.043137 0.26667 0.45098
0.05098 0.27059 0.45882
0.047059 0.27059 0.45882
