0.89412 0.90196 0.84706
0.92941 0.91373 0.92549
0.91765 0.90196 0.87059
0.92941 0.9098 0.88627
0.93333 0.91373 0.91373
0.93725 0.88627 0.90588
0.9098 0.89804 0.90588
0.9098 0.88235 0.86275
0.92941 0.89412 0.87059
0.96471 0.93725 0.93725
0.96471 0.92941 0.95686
0.90588 0.8902 0.85882
0.89804 0.89412 0.89804
0.9451 0.89804 0.88627
0.94118 0.8902 0.88235
0.97255 0.96863 0.97255
0.97255 0.92941 0.92941
0.90196 0.87059 0.92941
0.89804 0.93333 0.86275
0.91373 0.90588 0.89804
0.93333 0.89412 0.87451
0.97255 0.94118 0.93725
0.80784 0.81961 0.83922
0.93725 0.96078 0.97647
0.88627 0.92549 0.9451
0.89804 0.92157 0.88235
0.90196 0.88627 0.87451
0.92549 0.8902 0.88627
0.98039 0.96078 0.96863
0.46667 0.4902 0.52157
0.92941 0.93333 0.91373
0.88235 0.88627 0.84706
0.87843 0.85882 0.86275
0.97255 0.96078 0.96078
0.82353 0.82353 0.85098
0.16471 0.21176 0.25882
0.93725 0.90196 0.85882
0.93333 0.90196 0.8902
0.96863 0.95686 0.97647
0.4902 0.51765 0.56471
0.023529 0.094118 0.16863
0.18824 0.21961 0.27059
0.043137 0.13725 0.20784
0.035294 0.10588 0.18824
0.0039216 0.13333 0.20784
