0.67843 0.73333 0.72941
0.74902 0.75686 0.73725
0.68627 0.7451 0.74902
0.66275 0.74118 0.74902
0.72941 0.78039 0.76078
0.70196 0.78039 0.78824
0.70588 0.78431 0.80784
0.70588 0.75686 0.75294
0.66275 0.72941 0.74118
0.69804 0.76078 0.78431
0.67059 0.72157 0.72549
0.73725 0.77647 0.75294
0.70196 0.75686 0.78039
0.67843 0.74902 0.76078
0.69412 0.75686 0.75686
0.66667 0.72941 0.75686
0.6902 0.78431 0.79216
0.69412 0.77255 0.78824
0.72549 0.76471 0.74902
0.7451 0.83137 0.83922
0.72157 0.8 0.81961
0.68235 0.72941 0.71765
