0.24314 0.51765 0.68235
0.0039216 0.47843 0.62353
0 0.4902 0.67059
0.094118 0.47059 0.63529
0.015686 0.4549 0.61176
0 0.47843 0.61961
0.0039216 0.49412 0.66275
0.023529 0.4902 0.65098
0.011765 0.44706 0.60784
0.0039216 0.46667 0.63529
0 0.48627 0.67059
0.0078431 0.49412 0.6902
0.031373 0.48235 0.59608
0.023529 0.43922 0.6
0.0039216 0.46275 0.64706
0.0078431 0.48627 0.68627
0.019608 0.48627 0.6902
0.031373 0.47059 0.64706
0.0039216 0.4549 0.63529
0.0078431 0.47843 0.67059
0.011765 0.4902 0.66275
0.011765 0.48235 0.61961
