0.019608 0.16863 0.24314
0.019608 0.16863 0.24314
0.011765 0.16078 0.23529
0.015686 0.16863 0.23922
0.019608 0.16863 0.24314
0.027451 0.17255 0.24706
0.015686 0.16471 0.23922
0.011765 0.16078 0.23529
0.015686 0.16471 0.23922
0.015686 0.16471 0.23922
0.015686 0.16471 0.24314
0.027451 0.17255 0.25098
0.011765 0.16078 0.23529
0.011765 0.15686 0.23137
0.011765 0.15686 0.23137
0.011765 0.16078 0.23529
0.015686 0.16471 0.23922
0.015686 0.16863 0.24314
0.011765 0.16078 0.23529
0.011765 0.15686 0.23137
0.011765 0.15294 0.23137
0.011765 0.15686 0.23137
0.10196 0.21569 0.29412
0.031373 0.18039 0.25098
0.011765 0.15686 0.23137
0.0078431 0.15294 0.22745
0.07451 0.17255 0.24706
0.0039216 0.15294 0.22353
