0.8902 0.86275 0.84706
0.91765 0.8902 0.91765
0.95294 0.92549 0.97255
0.9098 0.91765 0.85882
0.91373 0.87059 0.91765
0.91765 0.92157 0.90196
0.94118 0.94118 0.92549
0.8902 0.88235 0.88627
0.92549 0.94118 0.87059
0.95686 0.9098 0.96471
0.91373 0.91373 0.92157
0.90196 0.9098 0.92941
0.96471 0.96078 0.94902
0.92549 0.88235 0.85882
0.90196 0.90588 0.83922
0.93725 0.88235 0.92549
0.89412 0.89804 0.89804
0.9098 0.92157 0.92157
0.88235 0.9098 0.92941
0.89412 0.93333 0.8902
0.93725 0.87451 0.9098
0.90196 0.89804 0.88235
0.87059 0.9098 0.92941
0.9098 0.9451 0.91765
0.94118 0.8902 0.91765
