0.40392 0.33333 0.20392
0.4 0.34118 0.21569
0.4 0.34902 0.21569
0.40392 0.34118 0.2
0.41176 0.3451 0.21176
0.41569 0.3451 0.21176
0.39608 0.33333 0.21569
0.4 0.3451 0.21569
0.4 0.3451 0.21176
0.4 0.35294 0.19608
0.40784 0.34902 0.21176
0.40784 0.34118 0.21569
0.39216 0.33725 0.21176
0.39216 0.33725 0.20392
0.38824 0.33725 0.19216
0.39216 0.34118 0.18039
0.40392 0.3451 0.19216
0.40784 0.34902 0.21176
0.39216 0.34118 0.2
0.38039 0.33725 0.19216
0.37255 0.34118 0.18039
0.38824 0.34118 0.18431
0.40784 0.34902 0.2
0.40784 0.35686 0.21569
0.38431 0.34118 0.18824
0.4 0.3451 0.18431
0.41176 0.36471 0.20392
