0.015686 0.44314 0.5451
0.015686 0.43922 0.54902
0.0078431 0.43137 0.5451
0.0039216 0.42745 0.5451
0.039216 0.43137 0.51765
0.0039216 0.42745 0.52941
0.0039216 0.42353 0.53333
0 0.41961 0.53333
0.0039216 0.41961 0.53333
0.10588 0.42353 0.49804
0.027451 0.41961 0.51765
0 0.41961 0.52157
0.0039216 0.42745 0.53725
0.0039216 0.42353 0.53725
0.0039216 0.42353 0.54118
0.05098 0.41961 0.50588
0.0039216 0.41961 0.51373
0 0.42353 0.52941
0 0.42745 0.54118
0.0039216 0.42745 0.54118
0 0.42353 0.53725
0.015686 0.41961 0.53725
0.094118 0.42745 0.5098
0.019608 0.42745 0.53333
0 0.43137 0.53333
0 0.42745 0.53725
0.0039216 0.43137 0.5451
0.0039216 0.43137 0.5451
0 0.42745 0.54118
0 0.42745 0.54118
0.054902 0.42745 0.53333
0.0078431 0.43137 0.56078
0.0039216 0.43137 0.55294
0 0.42745 0.54902
0.0039216 0.43137 0.55294
0.0039216 0.43137 0.55294
0 0.42745 0.54902
0.031373 0.41569 0.52941
0 0.42745 0.55294
0 0.42745 0.55686
0.0078431 0.43529 0.56471
0.0039216 0.43137 0.56078
