0.97255 0.97647 0.96078
0.94118 0.9098 0.92549
0.88627 0.87451 0.89412
0.89412 0.89804 0.90196
0.93725 0.92941 0.92941
0.90196 0.90196 0.89804
0.99608 0.99608 0.98824
0.89804 0.86275 0.87843
0.90196 0.8902 0.9098
0.93333 0.93725 0.92941
0.93725 0.92941 0.93333
0.90196 0.89804 0.90196
0.91765 0.87451 0.88627
0.92941 0.91373 0.94118
0.93725 0.94118 0.95294
0.92549 0.91765 0.92549
0.90196 0.89804 0.89804
0.93333 0.8902 0.90196
0.92549 0.9098 0.92941
0.90588 0.9098 0.91373
0.92549 0.91765 0.92157
0.89804 0.8902 0.89804
0.9098 0.90588 0.89804
0.92549 0.92941 0.92157
0.94118 0.92157 0.92941
0.91765 0.87843 0.90588
0.92549 0.89412 0.92157
0.93333 0.91765 0.93725
