0.85098 0.83922 0.82353
0.88235 0.87451 0.84314
1 0.99608 0.99216
0.91765 0.87843 0.90196
0.88235 0.85882 0.84314
0.90196 0.90588 0.87843
0.95686 0.94902 0.96471
0.8902 0.85098 0.87059
0.9098 0.8902 0.87059
0.96078 0.96078 0.93725
0.76471 0.76078 0.80392
0.88627 0.83529 0.85882
0.93333 0.90196 0.88627
0.99608 1 0.99608
0.52157 0.52549 0.60784
0.91373 0.86667 0.88235
0.96078 0.92941 0.91765
0.94118 0.94902 0.94902
0.21961 0.24314 0.32157
0.72549 0.74902 0.77255
0.031373 0.10196 0.18431
0.41569 0.45098 0.48627
0.023529 0.098039 0.18039
0.18039 0.22353 0.26667
