0.39216 0.33725 0.23137
0.38824 0.32549 0.22353
0.39216 0.34118 0.23529
0.38824 0.31765 0.21569
0.41569 0.33725 0.23529
0.38039 0.32941 0.22353
0.38431 0.32157 0.21961
0.4 0.33725 0.23529
0.40784 0.3451 0.23922
0.42353 0.36078 0.26275
0.38039 0.33333 0.22745
0.38431 0.33333 0.22745
0.39216 0.32549 0.22745
0.4 0.33333 0.22745
0.40784 0.34118 0.24314
0.41569 0.34902 0.25098
0.39216 0.32941 0.22745
0.39608 0.32941 0.23137
0.39216 0.33333 0.22745
0.4 0.33725 0.23529
0.41176 0.34902 0.24706
0.40784 0.3451 0.24314
0.40784 0.34118 0.23922
0.4 0.33725 0.23137
0.40784 0.34118 0.23922
0.40784 0.3451 0.24314
0.41569 0.3451 0.23922
0.40392 0.34118 0.23922
0.41176 0.3451 0.24314
