0.36863 0.29412 0.23137
0.36863 0.30196 0.23137
0.37647 0.3098 0.23137
0.38431 0.31765 0.23922
0.38431 0.30588 0.25098
0.37647 0.29804 0.24314
0.36863 0.30196 0.23137
0.36863 0.30196 0.23137
0.37255 0.31765 0.22745
0.39216 0.31765 0.2549
0.38039 0.30588 0.23529
0.36863 0.30196 0.21961
0.37647 0.3098 0.22745
0.38039 0.32549 0.23529
0.36471 0.3098 0.22745
0.39216 0.31765 0.24314
0.38039 0.3098 0.23529
0.38039 0.31373 0.22745
0.38431 0.32157 0.23529
0.4 0.34118 0.24706
0.37647 0.31765 0.22745
0.38039 0.31373 0.22745
0.38431 0.32157 0.23137
