0.18824 0.32549 0.10588
0.1098 0.29412 0.10196
0.086275 0.28235 0.12941
0.094118 0.26275 0.12549
0.19608 0.3098 0.14902
0.12941 0.32157 0.098039
0.14118 0.33333 0.12549
0.13725 0.31765 0.13725
0.082353 0.2549 0.098039
0.16078 0.27843 0.14118
0.15294 0.34118 0.12941
0.18039 0.34118 0.13333
0.2 0.36078 0.15294
0.11765 0.3098 0.11765
0.12549 0.28627 0.12941
0.17255 0.35686 0.13333
0.14902 0.31373 0.090196
0.18039 0.32941 0.12157
0.12549 0.32549 0.11373
0.086275 0.28627 0.10196
0.21569 0.44314 0.22745
0.12549 0.34118 0.12941
0.16078 0.29804 0.11373
0.14118 0.2902 0.10588
0.098039 0.29412 0.12941
