0.7098 0.71765 0.73725
0.75294 0.76863 0.78039
0.80784 0.81176 0.82745
0.79608 0.79608 0.80392
0.79608 0.73725 0.73725
0.72941 0.73725 0.76471
0.73333 0.75686 0.78431
0.81176 0.81961 0.85098
0.81569 0.82353 0.83529
0.83137 0.77255 0.76078
0.62353 0.65098 0.74902
0.79216 0.76863 0.83137
0.72941 0.73333 0.80784
0.75294 0.75294 0.79608
0.82353 0.79608 0.80784
0.8 0.85098 0.87059
0.83922 0.81569 0.84706
0.81176 0.77255 0.8
0.8 0.75686 0.78824
0.75294 0.73725 0.76078
0.72549 0.72941 0.76471
0.76078 0.77647 0.78824
0.39608 0.41961 0.45098
0.85098 0.80784 0.81961
0.86275 0.79608 0.79216
0.79216 0.75294 0.76471
0.73333 0.75686 0.81176
0.7098 0.71765 0.71373
0.031373 0.10196 0.1451
0.39608 0.40392 0.43137
0.75686 0.71765 0.72941
0.79608 0.77255 0.8
0.78431 0.79216 0.8549
0.78431 0.79216 0.79216
0.77647 0.72157 0.75686
