0.48627 0.43137 0.42745
0.47843 0.41961 0.41176
0.5098 0.45098 0.43922
0.51373 0.45882 0.44314
0.46275 0.40784 0.40392
0.48627 0.43137 0.42745
0.49412 0.44314 0.43922
0.50196 0.45098 0.45098
0.50588 0.45098 0.45098
0.48627 0.42745 0.42745
0.46667 0.41569 0.41176
0.50588 0.45098 0.45098
0.50196 0.44706 0.44706
0.47451 0.41961 0.41961
0.47059 0.41569 0.41569
0.45098 0.4 0.39608
0.47843 0.42353 0.41961
0.43137 0.37647 0.37647
0.44706 0.39608 0.39216
0.47451 0.41569 0.41961
0.5098 0.45098 0.4549
0.39216 0.32157 0.3451
