0.22353 0.41569 0.47059
0.3098 0.4902 0.55294
0.066667 0.39608 0.41176
0.20784 0.42353 0.49412
0.26275 0.50196 0.55294
0.07451 0.38824 0.40784
0.18431 0.41569 0.45882
0.22353 0.44314 0.49412
0.21176 0.47451 0.52157
0.19216 0.4549 0.50196
0.2 0.56471 0.56078
0.21176 0.42745 0.44706
0.2902 0.50196 0.56471
0.13725 0.47059 0.4902
0.51765 0.68627 0.68627
0.27059 0.41569 0.4549
0.38824 0.5098 0.61569
0.2902 0.51765 0.58039
0.56078 0.63922 0.67451
0.14118 0.41961 0.42745
0.35294 0.4902 0.56863
0.28627 0.6 0.6
0.19216 0.40392 0.41961
