0.91765 0.90196 0.90588
0.92157 0.90588 0.9098
0.87843 0.85882 0.86275
0.9098 0.89412 0.89804
0.91373 0.89804 0.90196
0.92157 0.90588 0.9098
0.92941 0.91373 0.91765
0.87843 0.85882 0.86667
0.90588 0.8902 0.89804
0.92157 0.90588 0.9098
0.92157 0.90588 0.9098
0.93333 0.91373 0.91765
0.93333 0.9098 0.91765
0.88627 0.87059 0.87059
0.90588 0.8902 0.89412
0.92157 0.90588 0.9098
0.92549 0.9098 0.91373
0.92941 0.91373 0.92157
0.92549 0.91373 0.91373
0.89412 0.87451 0.88235
0.91373 0.90196 0.90196
0.91765 0.90196 0.90196
0.92941 0.91373 0.91765
0.93725 0.92157 0.92549
0.89804 0.89412 0.89412
0.9098 0.89804 0.90196
0.91765 0.90196 0.90588
0.93333 0.91765 0.92157
0.9451 0.92549 0.93333
0.90588 0.89412 0.89412
0.90588 0.89412 0.89804
0.91373 0.90196 0.90588
0.92941 0.91373 0.91765
0.9451 0.92549 0.92549
