0.19216 0.22745 0.25882
0.16471 0.20392 0.23922
0.12549 0.17647 0.21961
0.10196 0.16078 0.21176
0.090196 0.16078 0.19216
0.10196 0.16471 0.21569
0.094118 0.15686 0.2
0.090196 0.15294 0.19216
0.090196 0.15294 0.19216
0.082353 0.14118 0.18039
0.086275 0.16471 0.21961
0.086275 0.16471 0.20392
0.098039 0.15294 0.18039
0.12157 0.18431 0.21569
0.10196 0.16471 0.2
0.058824 0.15686 0.19608
0.05098 0.16471 0.20392
0.070588 0.18039 0.19608
0.078431 0.17647 0.16471
0.12549 0.19216 0.18039
0.14118 0.17255 0.17647
0.33725 0.3098 0.28627
0.31765 0.29412 0.21569
0.51373 0.42353 0.24314
