0.05098 0.07451 0.13725
0.11373 0.12549 0.16471
0.1098 0.10196 0.15686
0.07451 0.094118 0.18039
0.027451 0.066667 0.1451
0.015686 0.070588 0.14902
0.035294 0.062745 0.13725
0.023529 0.094118 0.14902
0.035294 0.086275 0.15294
0.05098 0.082353 0.1451
0.05098 0.098039 0.13725
0.035294 0.090196 0.12941
0.015686 0.082353 0.13333
0.0078431 0.086275 0.14902
0.011765 0.086275 0.15686
0.027451 0.10196 0.15294
0.031373 0.098039 0.1451
0.031373 0.090196 0.14902
0.0039216 0.078431 0.12157
0.015686 0.086275 0.14118
0.019608 0.094118 0.14902
0.0078431 0.094118 0.13725
0.0039216 0.090196 0.13725
0.011765 0.082353 0.14902
0.039216 0.10588 0.15294
0.062745 0.12157 0.16471
0.035294 0.086275 0.1451
0.011765 0.082353 0.12549
0.0078431 0.082353 0.13725
0.011765 0.082353 0.14118
0.015686 0.086275 0.1451
0.015686 0.086275 0.1451
0.015686 0.078431 0.14118
0.031373 0.086275 0.13333
0.047059 0.098039 0.13725
0.039216 0.086275 0.13725
0.0078431 0.086275 0.1451
0.011765 0.086275 0.14118
0.015686 0.086275 0.1451
0.023529 0.090196 0.15686
0.019608 0.086275 0.15686
0.019608 0.082353 0.14902
0.023529 0.082353 0.13333
0.031373 0.086275 0.13333
0.035294 0.090196 0.14118
0.027451 0.098039 0.14902
0.031373 0.10196 0.15686
0.031373 0.10196 0.16471
0.023529 0.090196 0.15686
0.019608 0.082353 0.15686
0.023529 0.082353 0.14902
0.023529 0.086275 0.1451
0.027451 0.090196 0.14118
0.027451 0.094118 0.1451
0.035294 0.098039 0.15686
0.027451 0.090196 0.15294
0.019608 0.082353 0.15294
