0.086275 0.43137 0.61176
0.023529 0.45882 0.63137
0.019608 0.46667 0.64314
0.015686 0.43922 0.61569
0.039216 0.42745 0.59216
0.047059 0.46275 0.64314
0.035294 0.46275 0.64706
0.019608 0.43137 0.61569
0.011765 0.43529 0.58431
0.035294 0.45098 0.62745
0.015686 0.44706 0.62745
0.019608 0.44706 0.61961
0.015686 0.42745 0.58431
0.078431 0.45882 0.60784
0.031373 0.45098 0.61569
0 0.44314 0.61569
0.011765 0.44314 0.61176
0.015686 0.42745 0.58431
0.05098 0.43529 0.59216
0.058824 0.45882 0.62745
0 0.44314 0.60784
0.0078431 0.44314 0.60784
0.011765 0.42745 0.58824
