0.58039 0.83529 0.80392
0.7098 0.86667 0.85882
0.73725 0.82353 0.81961
0.84706 0.86667 0.85882
0.87843 0.81569 0.80784
0.58824 0.69412 0.69804
0.83529 0.84706 0.88627
0.76471 0.83529 0.84314
0.7451 0.82353 0.81569
0.79216 0.81961 0.83529
0.90588 0.88627 0.9098
0.76078 0.79608 0.83137
0.75686 0.78039 0.81569
0.77255 0.78824 0.80392
0.72549 0.75686 0.77255
0.68235 0.7098 0.72941
0.57647 0.69412 0.70196
0.67843 0.70196 0.73333
0.64706 0.61569 0.64706
0.70196 0.75686 0.78039
0.54118 0.63529 0.64706
