0.74118 0.76078 0.76863
0.74118 0.78431 0.69412
0.77647 0.77647 0.67843
0.77647 0.79608 0.69804
0.78039 0.80784 0.70588
0.72941 0.77255 0.72157
0.83529 0.89804 0.8549
0.81569 0.78431 0.74118
0.79216 0.72941 0.66667
0.76863 0.72157 0.62353
0.76471 0.70196 0.60784
0.69412 0.70588 0.64314
0.80784 0.79216 0.84706
0.76471 0.78824 0.72941
0.8 0.72157 0.63137
0.81176 0.75686 0.64706
0.82745 0.76863 0.67451
0.78824 0.79216 0.73333
0.70588 0.74902 0.74118
0.83922 0.76078 0.67843
0.88235 0.74118 0.69412
0.80392 0.72941 0.67451
0.74902 0.67843 0.65098
