0.011765 0.47451 0.65098
0.0039216 0.49412 0.68235
0.0039216 0.4902 0.67843
0.019608 0.47451 0.65882
0.0078431 0.48627 0.67059
0.019608 0.47451 0.64706
0 0.47843 0.65882
0.0039216 0.4902 0.67843
0.011765 0.48627 0.66667
0.023529 0.47843 0.63922
0.0039216 0.48627 0.6549
0.011765 0.4902 0.66667
0.047059 0.4549 0.59608
0.0039216 0.49412 0.67451
0.0039216 0.48235 0.65098
0.0039216 0.47843 0.64314
0.0078431 0.48235 0.65098
0.015686 0.4549 0.61176
0.0078431 0.48627 0.65882
0.0039216 0.47059 0.64314
0 0.46275 0.63137
0 0.45882 0.61569
0.0039216 0.4902 0.67059
0.0039216 0.47059 0.64314
0.0039216 0.46275 0.63137
0.0039216 0.45882 0.61176
0.0078431 0.47451 0.65098
0.0039216 0.46667 0.63137
0.0039216 0.46275 0.61569
0.0039216 0.48235 0.65882
