0.36471 0.29412 0.35294
0.24314 0.22745 0.29412
0.23922 0.21176 0.2902
0.22353 0.17647 0.24314
0.20784 0.20784 0.25882
0.18039 0.23137 0.26275
0.17647 0.20784 0.26275
0.16863 0.21569 0.26667
0.15686 0.21961 0.24314
0.17255 0.22353 0.26667
0.18824 0.23137 0.26667
0.18824 0.23529 0.26275
0.15686 0.21569 0.2549
0.15686 0.21176 0.25098
0.18824 0.23529 0.24706
0.16471 0.21569 0.25098
0.18431 0.22353 0.2549
0.18431 0.22353 0.26275
0.15686 0.20392 0.24314
0.19216 0.25098 0.26275
0.16863 0.20784 0.25098
0.19216 0.20392 0.25098
0.17255 0.2 0.25882
0.19608 0.21961 0.26667
0.25098 0.2549 0.27843
0.11765 0.24706 0.25882
0.18431 0.35686 0.3451
0.098039 0.17647 0.20784
0.15294 0.39608 0.34118
0.2549 0.36078 0.36471
