0.058824 0.18431 0.22745
0.043137 0.14902 0.21961
0.043137 0.17255 0.21569
0.07451 0.18824 0.2549
0.062745 0.16863 0.23922
0.023529 0.14902 0.18431
0.023529 0.15686 0.20392
0.035294 0.17255 0.23529
0.011765 0.098039 0.15294
0.039216 0.17647 0.21961
0.039216 0.16078 0.21176
0.019608 0.15686 0.23529
0.027451 0.16471 0.23922
0.21961 0.24314 0.32157
0.0078431 0.12157 0.18431
0.043137 0.18431 0.23137
0.039216 0.15686 0.21176
0.019608 0.16078 0.23922
0.019608 0.16471 0.23137
0.015686 0.14902 0.21176
0.05098 0.19216 0.24314
0.031373 0.16078 0.21176
