0.043137 0.15294 0.19608
0.043137 0.15686 0.2
0.047059 0.15686 0.19608
0.043137 0.15686 0.2
0.039216 0.15686 0.2
0.039216 0.15294 0.19608
0.043137 0.15686 0.20392
0.039216 0.15686 0.20392
0.043137 0.15686 0.20392
0.031373 0.15686 0.2
0.043137 0.15294 0.2
0.035294 0.16471 0.21569
0.035294 0.16078 0.21961
0.043137 0.15686 0.19608
0.047059 0.16078 0.20784
0.043137 0.16078 0.20784
0.039216 0.16078 0.20784
0.039216 0.16078 0.20784
0.05098 0.15686 0.2
0.047059 0.15686 0.20392
0.047059 0.16471 0.20392
0.043137 0.16078 0.20392
0.043137 0.16078 0.2
0.035294 0.16078 0.20392
