0.0078431 0.47843 0.66667
0.0039216 0.47843 0.66667
0 0.4902 0.67843
0.0078431 0.46667 0.6549
0.0078431 0.47843 0.67451
0 0.4902 0.68627
0.0039216 0.49804 0.68627
0.0039216 0.47843 0.64706
0.07451 0.5098 0.68627
0.054902 0.51373 0.69804
0.0039216 0.49412 0.6902
0.0039216 0.49804 0.6902
0.0078431 0.48235 0.6549
0.11373 0.52549 0.69412
0.070588 0.52157 0.69412
0.0039216 0.4902 0.68235
0 0.49804 0.69412
0 0.4902 0.67843
0.0078431 0.47059 0.6549
0.019608 0.46275 0.63922
0.019608 0.46667 0.65882
0.0078431 0.49804 0.68627
0 0.50196 0.6902
0.0039216 0.49412 0.68235
0 0.48235 0.66667
0.0039216 0.48627 0.67059
0.011765 0.48627 0.67451
0 0.49412 0.6549
