0.44706 0.40392 0.40784
0.45098 0.41176 0.38824
0.48235 0.44314 0.41176
0.43922 0.38824 0.37647
0.43137 0.38039 0.36863
0.49804 0.43922 0.43137
0.46275 0.41176 0.40784
0.46275 0.40392 0.42353
0.4902 0.43137 0.43137
0.44706 0.39216 0.38824
0.42353 0.36863 0.37255
0.44314 0.38824 0.39216
0.4549 0.39216 0.40392
0.43529 0.38824 0.39608
0.45098 0.39608 0.40392
0.44314 0.38824 0.38431
0.47843 0.43137 0.41176
0.38431 0.33725 0.30588
0.42353 0.37647 0.38431
0.38039 0.33333 0.3451
0.40784 0.37255 0.34902
0.36078 0.31765 0.27451
0.38824 0.34902 0.3451
