0.066667 0.20784 0.25098
0.062745 0.18039 0.22353
0.070588 0.17255 0.21569
0.066667 0.18824 0.22745
0.054902 0.17255 0.21569
0.05098 0.16471 0.21569
0.062745 0.17255 0.21961
0.066667 0.17255 0.21569
0.054902 0.16471 0.2
0.047059 0.16471 0.21176
0.043137 0.16471 0.21569
0.058824 0.16078 0.21961
0.058824 0.16078 0.20784
0.054902 0.16471 0.20392
0.039216 0.15294 0.19216
0.066667 0.19216 0.23137
0.054902 0.16078 0.20784
0.047059 0.15686 0.20392
0.054902 0.16863 0.21176
0.066667 0.18039 0.22353
0.066667 0.18039 0.21176
0.066667 0.17255 0.19608
0.14118 0.26667 0.27843
