0.078431 0.34902 0.35686
0.07451 0.34902 0.35686
0.078431 0.34902 0.35294
0.082353 0.3451 0.35294
0.090196 0.3451 0.35294
0.082353 0.34902 0.36078
0.086275 0.34902 0.34902
0.090196 0.34902 0.34902
0.098039 0.3451 0.34902
0.094118 0.33725 0.3451
0.078431 0.35294 0.35686
0.094118 0.34118 0.34118
0.094118 0.34118 0.34118
0.094118 0.34118 0.34118
0.094118 0.34118 0.3451
0.082353 0.3451 0.35686
0.07451 0.34902 0.34118
0.082353 0.35294 0.3451
0.086275 0.34902 0.3451
0.090196 0.3451 0.3451
0.1098 0.34118 0.34902
0.11765 0.33333 0.3451
