0.015686 0.45882 0.63922
0.0078431 0.44706 0.58431
0.0039216 0.46667 0.63529
0.031373 0.43922 0.58039
0 0.4549 0.60784
0.011765 0.46275 0.63137
0 0.43529 0.59216
0 0.44314 0.59216
0.011765 0.4549 0.61176
0.0078431 0.45098 0.58431
0.0078431 0.44314 0.58039
0 0.44706 0.59216
0.0039216 0.44314 0.57647
0 0.45098 0.59608
0 0.45098 0.59608
0.0039216 0.44314 0.58039
0.0039216 0.44706 0.58431
0 0.44706 0.59216
0.0078431 0.44706 0.58824
0.0039216 0.4549 0.60784
0 0.45098 0.60392
0.0039216 0.43922 0.58039
0.0078431 0.43922 0.58039
0 0.45098 0.59608
0.0078431 0.44706 0.59216
0.0039216 0.4549 0.61176
0 0.44706 0.60392
0.0039216 0.43922 0.58431
0.0039216 0.45098 0.59608
0.0039216 0.44706 0.6
0.0078431 0.45098 0.61176
0.0078431 0.45098 0.60392
0.0078431 0.44314 0.59216
0.0039216 0.4549 0.60392
