0.10588 0.1451 0.15686
0.086275 0.14118 0.14118
0.086275 0.13333 0.13333
0.078431 0.12941 0.13333
0.086275 0.14902 0.16863
0.054902 0.11765 0.12157
0.070588 0.12941 0.12941
0.066667 0.12549 0.13333
0.062745 0.12941 0.14902
0.062745 0.11765 0.13725
0.070588 0.12941 0.1451
0.066667 0.12549 0.14118
0.062745 0.11765 0.12941
0.066667 0.12157 0.13725
0.07451 0.13333 0.1451
0.039216 0.11765 0.13725
0.05098 0.13333 0.14902
0.058824 0.11765 0.12549
0.062745 0.12157 0.13333
0.070588 0.12941 0.14118
0.066667 0.12157 0.13333
0.062745 0.12157 0.13333
