0.48235 0.44706 0.43529
0.69804 0.65882 0.65882
0.58824 0.5451 0.5451
0.59608 0.55294 0.54118
0.33725 0.31373 0.3098
0.6902 0.6549 0.64706
0.60784 0.56863 0.56471
0.62745 0.58431 0.57255
0.52941 0.49412 0.47059
0.61961 0.58824 0.56471
0.65882 0.62745 0.60784
0.60784 0.56471 0.55294
0.56863 0.53333 0.52549
0.5451 0.53333 0.48627
0.67451 0.63922 0.61961
0.54902 0.51373 0.49804
0.65882 0.63529 0.62745
0.48627 0.47451 0.41176
0.67451 0.6549 0.62353
0.59608 0.56078 0.54902
0.45882 0.43137 0.44706
0.29412 0.34118 0.36471
