0.011765 0.16078 0.24314
0.015686 0.15686 0.24314
0.015686 0.15686 0.24314
0.011765 0.16078 0.24314
0.011765 0.16078 0.24314
0.011765 0.16078 0.24314
0.015686 0.16471 0.24706
0.019608 0.16471 0.24706
0.015686 0.16078 0.24706
0.015686 0.16471 0.24706
0.015686 0.16471 0.24706
0.015686 0.16471 0.24706
0.023529 0.17255 0.2549
0.019608 0.17647 0.26275
0.015686 0.16863 0.25098
0.019608 0.16863 0.25098
0.019608 0.16863 0.25098
0.019608 0.16078 0.23922
0.031373 0.16863 0.25098
0.023529 0.16863 0.25098
0.019608 0.17255 0.25098
0.0078431 0.12549 0.19216
0.062745 0.18431 0.2549
0.039216 0.16863 0.24706
0 0.12941 0.18824
0.019608 0.14902 0.21176
0.070588 0.16471 0.23529
0.011765 0.12157 0.16863
0.41176 0.49804 0.56471
0.20784 0.32157 0.37647
0.5451 0.62745 0.6902
0.71765 0.76078 0.82353
