0.77255 0.74902 0.78824
0.77255 0.74118 0.78431
0.74118 0.73333 0.76863
0.77255 0.76471 0.8
0.76863 0.75294 0.78824
0.77647 0.75294 0.79608
0.78431 0.76863 0.81569
0.91765 0.85098 0.92157
0.81569 0.75294 0.81176
0.81176 0.8 0.83137
0.76078 0.76471 0.79216
0.77647 0.76471 0.8
0.69804 0.64314 0.71765
0.90588 0.83529 0.9098
0.76471 0.7451 0.78431
0.16471 0.18824 0.25098
0.67059 0.6549 0.7098
0.88627 0.87059 0.9098
0.18431 0.23137 0.26275
0.73725 0.71373 0.74902
0.0078431 0.10196 0.15686
0.23529 0.24706 0.30196
0.027451 0.094118 0.15686
0.039216 0.15294 0.20784
