0.4 0.34118 0.23922
0.42745 0.35294 0.23137
0.42745 0.35294 0.23529
0.42353 0.35294 0.23529
0.43137 0.35294 0.23137
0.41176 0.3451 0.24314
0.40392 0.34118 0.23137
0.40392 0.33725 0.23137
0.41569 0.34902 0.23137
0.41176 0.34902 0.22353
0.41176 0.3451 0.24314
0.40392 0.34118 0.23529
0.40392 0.33725 0.23137
0.40784 0.34902 0.22745
0.40784 0.34902 0.22745
0.40392 0.3451 0.24706
0.4 0.34118 0.23137
0.39608 0.34118 0.22745
0.40392 0.34902 0.22353
0.4 0.3451 0.21961
0.40392 0.34902 0.25098
0.39216 0.33725 0.22745
0.39216 0.33725 0.22353
0.40392 0.3451 0.21961
