0.89804 0.90196 0.88235
0.85098 0.83529 0.84706
0.9098 0.89804 0.90588
0.93725 0.90196 0.90196
0.85098 0.83137 0.85098
0.82353 0.80392 0.81961
0.87059 0.85098 0.86667
0.91765 0.89804 0.91765
0.9451 0.89804 0.91765
0.90588 0.92941 0.8549
0.8549 0.83529 0.85098
0.83529 0.80784 0.83137
0.87451 0.85882 0.87059
0.91765 0.8902 0.91765
0.94902 0.92941 0.98431
0.93333 0.91373 0.8902
0.83137 0.81176 0.83137
0.88235 0.86275 0.88235
0.9098 0.88627 0.90588
0.87843 0.87059 0.93333
0.94902 0.94902 0.92549
0.83922 0.81569 0.83137
0.88235 0.87059 0.88235
0.9098 0.88235 0.90196
0.94118 0.9098 0.9451
0.91373 0.93333 0.9098
0.90588 0.88235 0.90588
0.91373 0.8902 0.9098
