0.90196 0.82353 0.84314
0.87451 0.83922 0.81176
0.91373 0.91373 0.92549
0.90196 0.88235 0.8902
0.75294 0.76863 0.74902
0.95686 0.87059 0.86275
0.92549 0.87451 0.90196
0.90196 0.88627 0.8902
0.90196 0.88235 0.84706
0.90196 0.92157 0.95686
0.89412 0.83529 0.80784
0.91765 0.84706 0.83137
0.85098 0.82745 0.85882
0.93333 0.89412 0.90196
0.90588 0.8902 0.86667
0.86667 0.89804 0.92941
0.98039 0.81569 0.82745
0.80784 0.79608 0.76471
0.84706 0.90588 0.91765
0.9451 0.88235 0.9098
0.9098 0.8902 0.87451
0.84706 0.88627 0.91765
0.94118 0.89412 0.87059
0.92157 0.92157 0.83922
