0.36863 0.27843 0.18824
0.3451 0.27451 0.17647
0.35294 0.28627 0.19608
0.38039 0.32157 0.22353
0.37255 0.30588 0.21569
0.35686 0.30196 0.21569
0.35686 0.29804 0.19608
0.35686 0.29412 0.18039
0.36471 0.29412 0.18039
0.37647 0.30588 0.21569
0.35686 0.2902 0.2
0.35294 0.2902 0.18824
0.36078 0.30588 0.2
0.36863 0.31373 0.21569
0.37255 0.30196 0.20392
0.35294 0.28627 0.19216
0.34902 0.28627 0.18824
0.36078 0.3098 0.20392
0.37255 0.31765 0.23137
0.38039 0.3098 0.21176
0.36471 0.29804 0.20392
0.36078 0.2902 0.19216
0.35294 0.2902 0.19216
0.36471 0.30588 0.2
0.35686 0.2902 0.19216
0.35686 0.29412 0.2
