0.47451 0.3451 0.2902
0.46275 0.33725 0.28235
0.50588 0.36471 0.28627
0.47059 0.34902 0.28627
0.45882 0.33333 0.27451
0.49412 0.35294 0.26667
0.4902 0.33333 0.25098
0.44706 0.30588 0.23137
0.48627 0.38431 0.33725
0.4549 0.33333 0.28627
0.45882 0.33333 0.27451
0.4902 0.34118 0.26275
0.4902 0.33333 0.2549
0.44314 0.30196 0.22745
0.47059 0.34118 0.2902
0.46275 0.33725 0.27843
0.47451 0.33725 0.25882
0.4902 0.33725 0.2549
0.44314 0.30196 0.22353
0.46667 0.33725 0.28627
0.4902 0.3451 0.25882
0.49804 0.34118 0.2549
0.44314 0.30588 0.22353
