0.38039 0.62353 0.67451
0.4549 0.53333 0.54902
0.55686 0.68627 0.69412
0.52549 0.65882 0.67843
0.51373 0.61176 0.62353
0.60392 0.72549 0.78431
0.50588 0.56471 0.58039
0.47843 0.64706 0.65882
0.46667 0.57647 0.58431
0.51373 0.61176 0.65882
0.52941 0.64314 0.63922
0.47451 0.56078 0.58039
0.45882 0.58039 0.60392
0.39608 0.49804 0.51765
0.6 0.6902 0.72941
0.57255 0.61569 0.60392
0.38824 0.53725 0.54902
0.37255 0.4902 0.52157
0.27451 0.47451 0.52157
0.41961 0.58431 0.62745
0.50196 0.61961 0.67451
0.52549 0.56471 0.5451
0.47843 0.60392 0.6
