0.011765 0.16863 0.24706
0.023529 0.18431 0.2549
0.0039216 0.16471 0.24314
0.0078431 0.16863 0.24706
0.0078431 0.16863 0.25098
0.0078431 0.17255 0.25098
0.0078431 0.16863 0.24706
0.0078431 0.16863 0.24706
0.0078431 0.17255 0.24706
0.015686 0.17255 0.25098
0.011765 0.17255 0.24706
0.0078431 0.16863 0.24706
0.011765 0.17647 0.25098
0.0078431 0.17255 0.24706
0.011765 0.17255 0.24706
0.011765 0.17255 0.24706
0.011765 0.17255 0.2549
0.0078431 0.16863 0.24706
0.0078431 0.16863 0.24706
0.011765 0.17255 0.25098
0.011765 0.17255 0.25098
