0.027451 0.17255 0.24706
0.031373 0.17255 0.23529
0.023529 0.17255 0.23922
0.019608 0.16863 0.23922
0.023529 0.16863 0.23922
0.015686 0.16471 0.23529
0.027451 0.17255 0.23922
0.019608 0.16863 0.23922
0.019608 0.16471 0.23529
0.015686 0.16471 0.23529
0.015686 0.16863 0.24314
0.035294 0.17255 0.23529
0.031373 0.17647 0.24706
0.023529 0.17647 0.23922
0.011765 0.16863 0.23922
0.0039216 0.16863 0.24314
0.011765 0.17647 0.25098
0.019608 0.17255 0.24314
0.019608 0.17647 0.24706
0.015686 0.17647 0.24314
0.0078431 0.17647 0.24706
0.0078431 0.17255 0.24706
0.0039216 0.18431 0.25882
0.0078431 0.18039 0.25098
0.0039216 0.18039 0.2549
