0.41569 0.35294 0.21961
0.38824 0.32549 0.20784
0.39608 0.33725 0.21176
0.40392 0.3451 0.21569
0.39608 0.33725 0.21569
0.4 0.3451 0.21961
0.40392 0.34902 0.21569
0.40784 0.35294 0.21961
0.39608 0.33725 0.2
0.4 0.33725 0.22353
0.41176 0.34902 0.22353
0.4 0.3451 0.21176
0.40392 0.3451 0.21569
0.4 0.34902 0.21569
0.38824 0.33725 0.19608
0.39608 0.34118 0.22353
0.4 0.34118 0.21961
0.38824 0.32549 0.19608
0.39608 0.33725 0.20784
0.38431 0.33725 0.21569
0.38431 0.3451 0.21961
0.38039 0.32549 0.19608
0.40392 0.3451 0.21569
0.40392 0.3451 0.21569
0.39216 0.33725 0.20784
0.36863 0.3451 0.22353
0.39216 0.34118 0.20392
0.41569 0.34902 0.22353
