0.34902 0.31765 0.18824
0.3451 0.3098 0.17647
0.3451 0.32157 0.19216
0.3451 0.32549 0.20392
0.35294 0.32549 0.2
0.35294 0.32157 0.19608
0.35294 0.32941 0.19608
0.34118 0.31765 0.18039
0.35294 0.31765 0.18824
0.35294 0.31765 0.2
0.36078 0.31765 0.19608
0.36078 0.32157 0.2
0.36078 0.31765 0.19216
0.35294 0.31373 0.18824
0.36078 0.31765 0.2
0.35686 0.31373 0.19608
0.36471 0.32549 0.18824
0.36078 0.32157 0.19608
0.35686 0.3098 0.20392
0.37255 0.32941 0.19216
0.36471 0.32941 0.19608
0.35686 0.30588 0.19608
