0.082353 0.13725 0.1451
0.086275 0.14118 0.1451
0.086275 0.14118 0.14118
0.086275 0.14118 0.14118
0.086275 0.14118 0.1451
0.086275 0.14118 0.1451
0.086275 0.14118 0.14118
0.086275 0.14118 0.14118
0.086275 0.14118 0.14118
0.086275 0.14118 0.14118
0.086275 0.13725 0.14118
0.090196 0.14118 0.14118
0.082353 0.14118 0.14118
0.086275 0.14118 0.14118
0.086275 0.14118 0.13725
0.086275 0.14118 0.13725
0.090196 0.1451 0.14118
0.098039 0.1451 0.1451
0.090196 0.1451 0.13725
0.094118 0.1451 0.13725
0.094118 0.1451 0.14118
0.086275 0.14902 0.14118
0.090196 0.14902 0.14118
0.094118 0.14118 0.15294
