0.015686 0.16471 0.23922
0.011765 0.17255 0.23922
0.011765 0.18039 0.24706
0.023529 0.16078 0.22745
0.011765 0.17255 0.23922
0.0039216 0.17255 0.23922
0.0039216 0.16863 0.23529
0.011765 0.15686 0.23529
0.015686 0.16471 0.23137
0.011765 0.16863 0.23137
0 0.16471 0.23137
0.0039216 0.16863 0.23137
0.0039216 0.15294 0.23529
0.0039216 0.14902 0.23529
0.0078431 0.16078 0.23922
0.011765 0.16863 0.23529
0.0078431 0.16471 0.23922
0.011765 0.16863 0.26275
0.035294 0.17255 0.24314
0.031373 0.16078 0.24314
0.015686 0.16078 0.23529
0.05098 0.2 0.3098
0.05098 0.16078 0.23922
