0.07451 0.2 0.23922
0.078431 0.2 0.24706
0.07451 0.17647 0.23137
0.062745 0.15294 0.21176
0.058824 0.16863 0.21176
0.054902 0.16863 0.21176
0.05098 0.16863 0.21176
0.058824 0.17255 0.21569
0.054902 0.17255 0.21569
0.062745 0.17255 0.21569
0.054902 0.16078 0.20784
0.058824 0.16471 0.20784
0.066667 0.18431 0.22745
0.066667 0.18039 0.22353
0.05098 0.16863 0.21176
0.058824 0.16471 0.21569
0.070588 0.17647 0.22353
0.066667 0.16471 0.2
0.062745 0.17647 0.21961
0.054902 0.16471 0.20784
0.066667 0.18039 0.22353
0.066667 0.17255 0.20392
0.062745 0.17647 0.2
0.058824 0.16863 0.21176
0.078431 0.18824 0.23529
0.070588 0.18039 0.22353
0.062745 0.17647 0.2
0.086275 0.19608 0.23529
