0 0.46667 0.63137
0.0039216 0.45882 0.61569
0.0039216 0.47843 0.6549
0 0.46275 0.63137
0.0039216 0.45882 0.61569
0.0078431 0.45098 0.6
0 0.47843 0.64314
0.0039216 0.47059 0.63529
0.0039216 0.45882 0.62745
0.0039216 0.45882 0.61961
0.0078431 0.45098 0.60784
0.031373 0.47843 0.63529
0.0078431 0.4549 0.61961
0.0078431 0.4549 0.61961
0.0039216 0.45098 0.61569
0.039216 0.47451 0.64314
0.0078431 0.45098 0.61961
0.0039216 0.44706 0.61569
0.0039216 0.44706 0.61176
0.011765 0.45098 0.63922
0.0078431 0.45882 0.63137
0.0039216 0.45098 0.62353
0.0078431 0.45098 0.61569
0.0039216 0.44706 0.60392
0.0039216 0.47843 0.65098
0.011765 0.46275 0.63529
0.0078431 0.4549 0.62745
0.011765 0.4549 0.61961
0.0078431 0.44706 0.60392
0 0.44706 0.61176
