0.9098 0.94118 0.90196
0.94118 0.90196 0.91373
0.81176 0.85882 0.90588
0.92941 0.92157 0.89412
0.96471 0.9451 0.9098
0.94902 0.89412 0.88235
0.83922 0.87059 0.91765
0.92549 0.89412 0.87843
0.85098 0.90196 0.96863
0.95686 0.91765 0.87451
0.91765 0.89804 0.85098
0.88627 0.8902 0.93333
0.91765 0.88235 0.8902
0.99608 0.99608 0.96863
0.62353 0.61176 0.72157
0.99608 0.96863 0.94118
0.8902 0.90196 0.83529
0.89412 0.90196 0.92157
0.95686 0.90588 0.91373
0.96471 0.98039 0.98824
0.53333 0.71765 0.78431
1 0.97255 0.97647
0.90588 0.90588 0.84706
0.88235 0.89804 0.90588
0.98431 0.93725 0.95686
0.82745 0.90196 0.94118
0.70196 0.79608 0.80784
