0.0039216 0.47843 0.67059
0.0039216 0.48235 0.66667
0.0039216 0.47843 0.65882
0.0039216 0.47843 0.65882
0.0078431 0.48235 0.66667
0.0078431 0.47059 0.65882
0.011765 0.45882 0.61176
0.0039216 0.47451 0.65098
0.0039216 0.47843 0.65098
0.0039216 0.48235 0.66275
0.0078431 0.46667 0.65882
0.047059 0.44706 0.58039
0.0078431 0.46275 0.63529
0.0039216 0.47451 0.65098
0.0039216 0.47451 0.66275
0.0078431 0.46667 0.64706
0.0078431 0.4549 0.60392
0 0.47059 0.64706
0.0078431 0.47059 0.65882
0.0039216 0.47059 0.63922
0.0078431 0.47451 0.63529
0.011765 0.47451 0.66275
