0.094118 0.15294 0.16471
0.086275 0.1451 0.15294
0.082353 0.13333 0.13725
0.082353 0.13725 0.1451
0.07451 0.13333 0.14118
0.07451 0.12941 0.1451
0.070588 0.12941 0.12941
0.07451 0.12549 0.12941
0.078431 0.13333 0.13725
0.07451 0.12941 0.14902
0.07451 0.12549 0.13725
0.07451 0.12941 0.13333
0.082353 0.13725 0.13725
0.070588 0.12941 0.14118
0.07451 0.13725 0.15294
0.078431 0.13725 0.14902
0.07451 0.13333 0.14118
0.070588 0.13333 0.14118
0.066667 0.14118 0.14902
0.066667 0.13725 0.14902
0.070588 0.12941 0.14118
0.070588 0.12941 0.14118
0.070588 0.12941 0.14118
0.070588 0.13725 0.14902
