0.011765 0.16471 0.23529
0.011765 0.16471 0.23922
0.0078431 0.16863 0.23922
0.0078431 0.16863 0.23922
0.0078431 0.16863 0.23922
0.0078431 0.16471 0.23529
0.0078431 0.16863 0.23922
0.0078431 0.16863 0.23922
0.0078431 0.16863 0.23922
0.0078431 0.16471 0.23529
0.0078431 0.16863 0.23922
0.0078431 0.16863 0.23922
0.0078431 0.16863 0.23922
0.011765 0.16471 0.23922
0.0039216 0.16471 0.23529
0.0039216 0.16471 0.23529
0.0039216 0.16471 0.23529
0.0078431 0.16078 0.23529
0.0039216 0.16471 0.23529
0.0039216 0.16471 0.23529
0.0039216 0.16471 0.23529
