0.019608 0.015686 0.015686
0.015686 0.015686 0.019608
0.019608 0.019608 0.019608
0.23137 0.26667 0.30196
0.21961 0.27451 0.30196
0.21569 0.27059 0.30196
0.17647 0.24706 0.25882
0.047059 0.12157 0.20784
0.07451 0.15686 0.22353
0.062745 0.1451 0.21569
0.054902 0.14902 0.21176
0.043137 0.11373 0.19608
0.10588 0.15294 0.22353
0.090196 0.1451 0.20784
0.078431 0.13725 0.20392
0.14118 0.16078 0.21569
0.047059 0.10196 0.14902
0.086275 0.12157 0.19608
0.14118 0.12941 0.21569
0.078431 0.17255 0.19216
0.0078431 0.090196 0.12941
0 0.039216 0.086275
0.44706 0.5098 0.46667
0.3451 0.46275 0.41961
