0.94118 0.94902 0.92157
0.90588 0.87843 0.8549
0.90196 0.87843 0.87059
0.89412 0.87059 0.85882
0.89804 0.87059 0.86275
0.8902 0.86667 0.8549
0.95686 0.97255 0.93725
0.88235 0.90196 0.8549
0.89412 0.87451 0.86667
0.89804 0.90196 0.89412
0.85098 0.85882 0.85098
0.89412 0.88627 0.87451
0.91373 0.87451 0.8549
0.97647 0.98039 0.9451
0.87843 0.90196 0.85098
0.89412 0.88235 0.87843
0.89804 0.9098 0.89804
0.90196 0.9098 0.88627
0.91373 0.90588 0.88627
0.96471 0.9098 0.96863
0.86275 0.89412 0.86667
0.92157 0.89804 0.89804
0.89804 0.90196 0.88235
0.92941 0.93333 0.9098
0.88235 0.87059 0.85882
0.92157 0.90196 0.89412
0.97255 0.86667 0.94902
0.88235 0.91765 0.89412
0.94118 0.91765 0.92157
0.91373 0.89804 0.88235
0.92157 0.91373 0.89412
0.87843 0.85882 0.85882
0.97255 0.96471 0.96863
0.96471 0.95686 0.98039
0.82353 0.80784 0.83529
0.44314 0.47843 0.52549
