0.38824 0.33333 0.23529
0.37255 0.31765 0.21569
0.38431 0.32549 0.22353
0.4 0.33725 0.23137
0.40392 0.33725 0.23922
0.42745 0.35686 0.22745
0.37647 0.32157 0.21176
0.36471 0.3098 0.20392
0.36863 0.3098 0.20392
0.4 0.33333 0.23529
0.41961 0.3451 0.2549
0.39608 0.33725 0.21569
0.39608 0.33725 0.22353
0.37647 0.31373 0.21176
0.36471 0.30196 0.2
0.39216 0.32941 0.23137
0.42353 0.34902 0.2549
0.4 0.32941 0.23529
0.39608 0.32157 0.22745
0.38824 0.31765 0.22353
0.41569 0.33725 0.24706
0.39608 0.32549 0.23137
0.39608 0.32549 0.22745
