0.77647 0.68235 0.53333
0.76078 0.63529 0.50196
0.79216 0.65882 0.54902
0.78039 0.64314 0.53333
0.7451 0.65882 0.5098
0.78431 0.65882 0.52941
0.78039 0.6902 0.57255
0.79608 0.76863 0.67059
0.65098 0.58039 0.54902
0.69412 0.62353 0.49412
0.78431 0.70588 0.57647
0.80392 0.69804 0.58039
0.81176 0.73725 0.63137
0.79216 0.76471 0.6902
0.78824 0.76471 0.75686
0.79608 0.72941 0.62745
0.82353 0.74118 0.61569
0.83137 0.72549 0.61569
0.81961 0.71765 0.63137
0.71765 0.64314 0.58431
0.75686 0.7098 0.62745
0.83922 0.74118 0.63137
0.81961 0.72549 0.61569
0.79216 0.6902 0.61176
0.83137 0.7451 0.6549
0.82353 0.72941 0.62745
