0.20392 0.19608 0.22353
0.18039 0.18824 0.20784
0.18431 0.18431 0.20392
0.14118 0.14902 0.21961
0.18039 0.16078 0.23137
0.23529 0.22353 0.27451
0.18431 0.19216 0.22353
0.18824 0.18824 0.22745
0.18824 0.17255 0.21961
0.1451 0.15294 0.21569
0.22353 0.21961 0.25882
0.23137 0.21961 0.25882
0.22353 0.21569 0.26667
0.19216 0.18431 0.23529
0.17647 0.17255 0.22745
0.14118 0.15686 0.21176
0.19216 0.19216 0.24314
0.18824 0.18039 0.21569
0.2 0.19216 0.25098
0.17255 0.16471 0.21569
0.16078 0.15686 0.20392
0.18039 0.18431 0.22353
0.16863 0.16078 0.19608
0.16078 0.15294 0.20784
0.14902 0.14118 0.19216
0.18039 0.16863 0.21569
0.15686 0.14902 0.20392
0.15294 0.14902 0.2
