0.3451 0.31765 0.20392
0.37647 0.34118 0.2
0.38824 0.34118 0.23529
0.39216 0.34902 0.21569
0.38431 0.3451 0.19608
0.39608 0.3451 0.22353
0.37647 0.32549 0.22353
0.41569 0.36078 0.24314
0.40784 0.34902 0.22745
0.38039 0.34118 0.22745
0.37647 0.33333 0.21569
0.39216 0.33333 0.22353
0.42353 0.35686 0.24706
0.4 0.33725 0.23529
0.37255 0.32549 0.24314
0.36863 0.32549 0.21176
0.2902 0.26275 0.21176
0.35294 0.32549 0.24706
0.37647 0.33333 0.23529
0.34118 0.28627 0.18039
0.1451 0.13725 0.11765
0.23529 0.22353 0.16863
0.36078 0.34118 0.24706
0.094118 0.12157 0.10196
0.29804 0.30588 0.23137
0.019608 0.07451 0.094118
0.21176 0.25098 0.18431
0.14902 0.18039 0.13725
0.11765 0.13725 0.1098
0.10196 0.12941 0.12549
0.023529 0.058824 0.070588
0 0.047059 0.078431
