0.64314 0.84314 0.77647
0.51765 0.73333 0.65098
0.90196 0.92157 0.89804
0.62745 0.68627 0.68627
0.76471 0.82745 0.80392
0.62353 0.62745 0.65882
0.80784 0.82353 0.82745
0.73333 0.8549 0.87059
0.75294 0.82745 0.91373
0.64706 0.64706 0.67059
0.54902 0.60784 0.57647
0.54902 0.7451 0.78431
0.64706 0.67843 0.78824
0.59608 0.68627 0.83137
0.79216 0.79608 0.7451
0.47843 0.6902 0.71765
0.63529 0.68235 0.81569
0.44314 0.59608 0.64314
0.68627 0.86667 0.89804
0.61176 0.80392 0.90588
0.69412 0.67451 0.61961
0.54902 0.63529 0.6549
0.87843 0.91373 0.93333
0.8 0.83922 0.92941
0.59608 0.70196 0.77255
0.51373 0.46667 0.43922
0.69804 0.63529 0.74118
0.7451 0.76078 0.87059
0.69804 0.8 0.91765
0.41961 0.41569 0.42745
0.52549 0.62745 0.68627
