0.21961 0.36471 0.32549
0.16863 0.36078 0.34118
0.12549 0.35294 0.34902
0.10196 0.36078 0.35686
0.16471 0.36078 0.34118
0.12941 0.35686 0.35294
0.10196 0.35686 0.35686
0.090196 0.3451 0.35686
0.094118 0.34902 0.36471
0.21176 0.36471 0.32549
0.16471 0.36078 0.34118
0.13725 0.35294 0.34902
0.11373 0.35686 0.35686
0.094118 0.35294 0.35294
0.086275 0.35686 0.36078
0.090196 0.35294 0.36078
0.20784 0.36471 0.32549
0.16471 0.36078 0.33333
0.1451 0.35686 0.3451
0.12549 0.35686 0.35686
0.098039 0.36078 0.35294
0.082353 0.35686 0.35294
0.086275 0.35294 0.36078
0.14902 0.36078 0.3451
0.13725 0.36471 0.36078
0.10196 0.35686 0.35294
0.086275 0.35686 0.34902
0.094118 0.35686 0.35686
0.14118 0.36078 0.35294
0.11373 0.36471 0.35294
0.090196 0.35686 0.34902
0.098039 0.35686 0.35294
0.1098 0.35686 0.35294
