0.76078 0.75294 0.79216
0.75686 0.7451 0.78824
0.76078 0.74902 0.78431
0.7451 0.73725 0.77255
0.75294 0.74118 0.77647
0.76471 0.74902 0.78431
0.75294 0.76863 0.78824
0.77255 0.76078 0.79216
0.76863 0.75686 0.78431
0.76863 0.75294 0.78039
0.76863 0.76078 0.78824
0.76471 0.75686 0.78431
0.75686 0.75294 0.78039
0.76863 0.75686 0.78431
0.77255 0.76471 0.78824
0.78039 0.76863 0.8
0.78431 0.77255 0.8
0.76471 0.75686 0.78039
0.86667 0.81569 0.84706
0.76863 0.78039 0.79216
0.78039 0.77255 0.79216
0.76863 0.75294 0.78039
0.77647 0.76471 0.78824
0.77647 0.74118 0.78824
0.90196 0.86275 0.8902
0.76471 0.7451 0.76863
0.76471 0.78039 0.79216
0.28627 0.30196 0.3451
0.83137 0.77255 0.81961
0 0.058824 0.094118
0.32941 0.34902 0.37647
0.0039216 0.058824 0.086275
