0.8549 0.74902 0.65098
0.86275 0.74902 0.66275
0.84314 0.7451 0.63922
0.83529 0.74902 0.64706
0.89804 0.77647 0.67843
0.85098 0.7451 0.64706
0.86275 0.7451 0.6549
0.83922 0.74118 0.64314
0.81961 0.73725 0.63529
0.88627 0.76863 0.67059
0.87843 0.78824 0.68235
0.81961 0.76078 0.64706
0.84706 0.76471 0.66275
0.85882 0.72549 0.65098
0.88235 0.76471 0.67843
0.79608 0.66275 0.56471
0.81569 0.67451 0.58824
0.84314 0.71765 0.62745
0.85882 0.75294 0.6549
0.85098 0.74902 0.66275
0.87843 0.77647 0.68235
0.81961 0.6902 0.58824
0.78039 0.6549 0.56471
0.87059 0.76471 0.66667
0.82353 0.73725 0.64314
0.86275 0.77255 0.67059
0.83529 0.72549 0.61961
