0.67059 0.49804 0.43137
0.67451 0.47843 0.37647
0.63137 0.41569 0.29804
0.67059 0.44706 0.33333
0.63529 0.43137 0.27843
0.61961 0.39608 0.30196
0.64706 0.38431 0.23922
0.70196 0.46275 0.31373
0.62353 0.43137 0.31765
0.58039 0.38431 0.21569
0.59608 0.39216 0.26275
0.66667 0.47843 0.32549
0.63137 0.44314 0.29412
0.65098 0.44706 0.34118
0.55686 0.39216 0.26275
0.67059 0.4549 0.37255
0.61961 0.43137 0.26667
0.63137 0.43529 0.29804
0.64706 0.44314 0.33725
0.61569 0.4549 0.32157
0.63922 0.43137 0.34902
0.66667 0.47451 0.34118
0.6549 0.44314 0.35294
0.58039 0.41569 0.28627
0.57647 0.35686 0.27059
0.63137 0.41961 0.33333
