0.59608 0.40784 0.31765
0.57647 0.37647 0.2902
0.57647 0.4 0.30196
0.55686 0.38431 0.2902
0.56471 0.40784 0.31373
0.58824 0.4 0.31765
0.55294 0.37255 0.28235
0.59216 0.41176 0.3098
0.56863 0.39216 0.30196
0.58039 0.40784 0.31373
0.55686 0.38824 0.29804
0.54902 0.37647 0.28235
0.61569 0.43137 0.32941
0.58824 0.41176 0.3098
0.58039 0.40392 0.3098
0.55294 0.38824 0.2902
0.55294 0.39216 0.30588
0.56471 0.38431 0.29412
0.57255 0.39216 0.30196
0.6 0.42353 0.32157
0.57647 0.39608 0.30588
0.54902 0.4 0.30196
0.57255 0.40784 0.31373
0.56078 0.38039 0.28627
0.56471 0.38039 0.2902
0.57255 0.41176 0.31373
0.55686 0.38431 0.2902
0.56863 0.41961 0.31765
0.52549 0.38431 0.27451
0.6 0.39608 0.31765
0.58824 0.41569 0.31373
0.56863 0.38824 0.29804
0.58039 0.41961 0.32157
0.53725 0.38431 0.27843
0.57647 0.38039 0.29804
