0.35686 0.29804 0.19216
0.36078 0.29804 0.19608
0.37255 0.30588 0.20784
0.35686 0.29804 0.19608
0.36078 0.29804 0.19608
0.36471 0.30196 0.2
0.36863 0.30196 0.2
0.36471 0.30196 0.20392
0.36078 0.30196 0.20392
0.34902 0.28627 0.18431
0.35686 0.29804 0.19608
0.36471 0.30196 0.20392
0.36471 0.30196 0.2
0.36078 0.29804 0.19608
0.35686 0.29804 0.19216
0.34902 0.28235 0.18431
0.35294 0.29412 0.19216
0.36471 0.30196 0.2
0.36471 0.30196 0.2
0.36471 0.30196 0.2
0.35294 0.29804 0.19216
0.3451 0.27843 0.17647
0.35294 0.29412 0.18431
0.35294 0.29412 0.18824
0.36078 0.30196 0.19608
0.36471 0.30196 0.2
0.36471 0.30196 0.2
0.38039 0.31373 0.21176
0.34902 0.28627 0.2
0.36863 0.30196 0.21569
0.38431 0.32157 0.22353
0.36863 0.29804 0.20392
0.33725 0.27059 0.19608
