0.090196 0.13725 0.16863
0.054902 0.11765 0.15686
0.10196 0.13725 0.18039
0.1098 0.15294 0.18431
0.066667 0.12157 0.16078
0.1098 0.1451 0.17255
0.1098 0.14902 0.18431
0.090196 0.12549 0.16078
0.078431 0.12157 0.14902
0.090196 0.13725 0.15686
0.082353 0.11765 0.15294
0.11373 0.14902 0.17255
0.10196 0.14118 0.18039
0.11373 0.14902 0.18039
0.098039 0.13725 0.16078
0.11765 0.15686 0.17647
0.070588 0.1098 0.1451
0.1098 0.14118 0.16078
0.10588 0.15294 0.17255
0.11765 0.16078 0.18039
0.082353 0.12941 0.1451
0.11765 0.16078 0.17647
0.10588 0.13725 0.17255
0.10196 0.14118 0.16863
0.090196 0.13333 0.15294
0.090196 0.14118 0.16078
