0.0078431 0.17647 0.24314
0.011765 0.17255 0.24314
0.011765 0.17255 0.24314
0.015686 0.17255 0.24706
0.015686 0.17255 0.24314
0.015686 0.17647 0.24706
0.015686 0.17647 0.24314
0.015686 0.17647 0.24706
0.015686 0.17647 0.24706
0.015686 0.17647 0.24706
0.015686 0.17647 0.24706
0.015686 0.17647 0.24706
0.011765 0.18039 0.24706
0.015686 0.17647 0.24706
0.015686 0.17647 0.24314
0.015686 0.17647 0.24706
0.015686 0.17647 0.24706
0.015686 0.17647 0.24706
0.0078431 0.17255 0.23922
0.015686 0.17647 0.24314
0.015686 0.17255 0.23922
0.011765 0.17647 0.24314
0.015686 0.17255 0.24314
0.015686 0.17647 0.24314
0.019608 0.17647 0.24706
0.0078431 0.17255 0.24706
0.011765 0.17255 0.24706
0.011765 0.17255 0.24706
