0.69412 0.78431 0.8
0.65882 0.78039 0.82353
0.68627 0.79608 0.83529
0.73333 0.79216 0.78824
0.62353 0.75294 0.8
0.6549 0.76863 0.80784
0.70588 0.78039 0.79216
0.81569 0.84706 0.82353
0.70196 0.75686 0.72157
0.63529 0.76863 0.82353
0.67843 0.79608 0.83529
0.6902 0.78431 0.80784
0.72941 0.78824 0.79608
0.66275 0.8 0.83529
0.69412 0.81176 0.85098
0.70196 0.80392 0.83922
0.6902 0.78039 0.8
0.67451 0.80784 0.83922
0.67843 0.79216 0.83529
0.7098 0.8 0.84314
0.70588 0.78431 0.79608
0.7098 0.78431 0.80392
0.72941 0.78431 0.76078
