0.74118 0.65882 0.6
0.71373 0.63137 0.57647
0.71373 0.64314 0.58039
0.74902 0.67451 0.61961
0.71765 0.64314 0.58431
0.71765 0.65098 0.59216
0.76078 0.68627 0.62745
0.74118 0.66667 0.60784
0.73333 0.66667 0.60784
0.76078 0.66667 0.60784
0.79216 0.7098 0.65098
0.76078 0.68627 0.62745
0.76078 0.68627 0.62745
0.74902 0.67451 0.61569
0.73725 0.66667 0.60784
0.77647 0.67843 0.61961
0.77647 0.69804 0.64314
0.75686 0.68235 0.62353
0.74902 0.67843 0.61961
0.7451 0.67451 0.61569
0.73725 0.67059 0.60784
0.74118 0.64314 0.58431
0.81569 0.73333 0.67059
0.74902 0.67451 0.61961
0.75686 0.68235 0.62745
0.7451 0.67843 0.61961
0.75294 0.65882 0.59608
0.76863 0.68235 0.63529
0.7451 0.67451 0.60784
0.7451 0.67451 0.60784
0.77255 0.67843 0.61569
