0.011765 0.15294 0.22745
0.015686 0.15686 0.23137
0.023529 0.16863 0.24314
0.011765 0.16078 0.23529
0.023529 0.16471 0.23922
0.011765 0.15294 0.22745
0.019608 0.15294 0.23137
0.019608 0.16471 0.23922
0.011765 0.15686 0.23137
0.011765 0.16078 0.23137
0.019608 0.14902 0.22745
0.023529 0.16078 0.23922
0.023529 0.16078 0.23922
0.023529 0.16863 0.24314
0.015686 0.16078 0.23529
0.011765 0.16078 0.23529
0.043137 0.17255 0.24706
0.015686 0.15294 0.23922
0.023529 0.16078 0.23529
0.027451 0.17255 0.24706
0.015686 0.16078 0.23922
0.015686 0.16471 0.23529
0.047059 0.16863 0.24314
0.015686 0.15686 0.23922
0.027451 0.15686 0.23529
