0.46667 0.40784 0.23137
0.45098 0.38431 0.18824
0.44314 0.38824 0.21569
0.41569 0.38431 0.23529
0.40784 0.36863 0.16863
0.41176 0.35294 0.15294
0.48627 0.44314 0.27451
0.5098 0.4549 0.27059
0.46667 0.40784 0.20392
0.38431 0.36863 0.21176
0.41961 0.39608 0.19608
0.40784 0.36471 0.15294
0.47451 0.45098 0.22353
0.40784 0.4 0.21569
0.4 0.38039 0.17255
0.46275 0.42745 0.18039
0.37255 0.36471 0.16863
0.48235 0.42353 0.23529
0.38824 0.39608 0.26275
0.47451 0.39608 0.28235
0.27451 0.26275 0.2
0.30588 0.25882 0.19216
